tests/fixtures/watershed_abstraction/mdobre-scarce-belch/dem/topaz/ELDCHA.ARC
ncols   274
nrows   267
xllcorner  568331
yllcorner 5029449
cellsize   30.00
nodata_value    -1.0
[rows 111 to 147 of 267, columns 84 to 167 of 274]
-1.0 -1.0 -1.0 -1.0 -1.0 -1.0 26.7 23.7 21.2 18.3 14.9 13.6 12.1 11.9 11.9 13.4 5.2 6.8 8.1 7.1 3.2 3.3 0.0 0.0 0.0 4.8 9.5 4.7 7.4 7.7 7.5 8.6 5.9 0.0 4.5 10.4 13.0 17.9 18.9 3.7 6.2 6.7 6.8 6.9 6.6 9.8 13.5 18.5 23.4 29.0 43.8 11.1 9.2 9.4 8.8 11.2 11.7 10.2 4.9 4.5 0.0 3.1 6.2 5.6 8.3 11.7 15.4 14.2 16.2 13.0 12.8 11.3 7.5 6.5 7.5 5.8 5.8 4.8 4.2 1.3 1.3 1.2 0.8 1.5
-1.0 -1.0 -1.0 -1.0 -1.0 26.8 24.8 21.5 19.5 17.0 13.3 12.1 10.5 10.5 11.7 5.1 2.8 4.0 4.2 2.6 0.0 0.0 0.0 0.0 4.2 0.0 11.9 15.1 10.1 12.7 13.5 13.8 9.8 5.1 0.0 5.2 9.6 4.9 6.6 0.0 0.0 0.0 0.0 0.0 6.4 12.0 8.2 21.7 24.9 28.6 6.5 6.7 5.6 3.1 4.2 4.8 5.0 5.0 0.0 0.0 5.5 7.2 9.9 12.5 12.0 14.7 17.3 19.1 17.0 19.3 16.4 15.5 13.8 10.2 9.4 10.8 8.8 8.2 7.2 3.4 3.4 3.1 2.4 2.7
-1.0 -1.0 -1.0 -1.0 36.8 23.7 20.8 17.9 16.8 14.5 11.1 10.1 9.0 9.6 5.1 2.0 0.0 0.0 0.0 0.0 0.0 4.7 5.8 5.6 0.0 11.8 0.0 16.5 19.4 15.2 18.5 18.8 18.0 8.5 4.9 0.0 0.0 0.0 0.0 5.0 5.8 6.4 7.0 7.2 0.0 0.0 8.9 10.4 8.8 5.5 3.7 3.0 0.0 0.0 0.0 0.0 0.0 0.0 4.0 10.6 8.9 12.2 13.2 15.6 18.1 17.2 19.4 21.1 22.6 21.2 23.2 19.5 18.9 17.3 13.7 12.9 11.1 10.2 9.2 10.4 5.6 5.7 5.4 5.4
-1.0 -1.0 -1.0 35.3 32.9 26.8 16.3 14.1 13.3 11.5 8.5 7.6 7.6 3.5 2.6 0.0 4.0 3.6 6.5 7.0 7.4 0.0 10.7 12.0 11.0 0.0 16.7 0.0 3.1 6.6 19.5 22.0 24.4 27.3 7.9 4.5 7.0 5.5 9.4 9.4 11.8 11.7 13.2 14.5 6.4 6.9 0.0 0.0 0.0 0.0 0.0 0.0 3.6 7.2 4.7 3.5 5.1 8.1 9.9 14.4 19.1 16.0 18.2 18.8 21.1 23.0 21.5 23.4 25.1 26.9 25.1 26.8 23.4 22.5 21.0 15.6 16.1 12.4 12.9 12.2 7.8 8.3 8.0 8.1
-1.0 -1.0 32.7 31.1 28.5 22.2 17.4 11.5 10.4 9.3 8.7 3.4 3.7 0.0 0.0 3.1 10.1 12.1 11.3 13.4 13.7 13.7 0.0 16.6 16.6 16.6 0.0 20.7 0.0 0.0 0.0 0.0 0.0 0.0 3.2 6.3 11.3 15.0 13.2 15.8 14.8 18.1 19.0 19.8 20.6 13.2 8.0 9.4 6.3 4.3 4.3 4.5 8.2 11.5 10.3 10.7 13.1 14.3 16.3 17.4 21.4 25.2 20.6 23.2 23.6 25.3 27.3 25.6 27.2 28.9 31.1 29.3 30.9 27.0 26.1 24.1 17.9 14.5 14.8 15.6 14.8 10.4 10.2 10.5
-1.0 -1.0 27.0 25.7 23.8 19.0 15.2 12.2 5.8 4.7 3.6 0.0 0.0 2.8 2.8 7.7 13.9 17.4 17.7 16.4 18.9 18.8 18.5 0.0 21.3 22.0 20.6 0.0 24.0 3.0 5.7 8.6 11.9 16.3 6.6 9.9 13.6 17.6 20.6 19.8 23.1 22.8 25.9 26.2 27.0 27.5 19.6 12.9 9.8 12.3 8.9 11.8 11.9 15.2 18.2 16.9 17.0 19.5 21.0 22.4 22.9 26.3 29.3 25.7 28.1 28.2 30.2 31.6 30.3 31.9 33.7 35.4 33.1 34.3 30.0 28.7 19.8 16.3 17.1 17.6 18.3 17.3 12.3 13.0
-1.0 37.7 21.2 20.0 19.2 15.2 12.5 5.5 0.0 0.0 0.0 0.0 0.0 8.0 10.8 12.4 16.5 19.4 21.8 22.3 21.5 23.5 23.0 23.0 0.0 25.6 25.8 23.9 0.0 0.0 3.0 6.5 10.5 19.4 24.4 14.0 17.0 20.1 23.8 27.8 27.2 30.9 30.6 33.0 32.4 32.9 32.2 22.4 16.7 15.4 18.6 16.0 18.5 18.3 21.8 24.8 22.6 22.6 25.5 25.9 27.4 28.1 31.4 34.6 30.6 32.5 32.7 34.9 37.0 35.4 36.8 37.7 38.9 36.5 32.5 30.9 21.9 18.3 19.2 19.7 20.2 20.8 14.2 15.4
32.7 33.3 16.1 15.8 13.9 8.0 4.0 0.0 4.4 8.3 0.0 8.7 8.8 0.0 13.9 17.3 18.5 21.2 23.6 25.9 26.3 25.2 27.1 26.9 26.4 0.0 28.4 28.5 26.8 3.9 5.6 10.4 14.9 19.6 27.8 31.4 20.3 23.0 25.4 29.3 33.4 32.3 35.1 33.8 37.1 37.1 36.5 36.4 27.7 23.1 23.0 25.4 22.3 24.9 24.6 27.7 30.2 28.2 28.1 29.9 30.3 33.6 36.9 40.3 39.2 35.1 36.6 37.3 39.7 41.4 39.6 40.7 41.6 42.6 40.0 33.3 24.4 21.0 21.6 21.5 21.8 22.7 16.4 18.7
29.3 26.6 9.1 8.8 5.4 0.0 0.0 4.1 11.4 13.7 17.0 0.0 15.3 14.8 0.0 19.4 22.8 22.8 25.0 26.8 29.1 31.6 28.3 30.3 30.1 29.8 0.0 33.0 34.2 33.4 11.9 14.8 19.3 23.7 28.3 35.1 37.5 25.8 28.4 31.0 34.4 38.1 36.9 39.0 39.1 42.3 41.5 42.3 42.6 35.3 31.1 29.5 31.9 28.9 31.3 30.5 32.5 34.9 32.7 32.6 35.0 35.3 38.6 41.8 45.0 43.7 39.0 41.1 41.3 43.1 45.3 43.4 43.7 44.3 45.3 35.6 26.9 24.0 24.5 24.4 24.4 24.9 19.5 21.6
21.5 16.9 0.0 0.0 0.0 6.2 7.6 11.9 15.2 18.6 20.0 23.8 0.0 21.5 20.2 0.0 23.6 25.8 27.9 29.4 31.7 34.4 36.6 39.7 35.0 35.4 4.2 7.0 41.3 43.0 42.6 21.3 23.8 28.1 32.0 34.5 40.5 42.7 32.7 35.4 37.4 41.6 44.6 42.6 45.6 45.3 47.8 48.1 49.8 51.1 43.1 37.7 35.6 37.8 34.0 35.8 34.1 36.7 39.2 37.4 37.6 39.6 40.2 43.4 46.6 49.8 48.0 43.1 45.0 45.2 47.0 48.4 45.7 46.5 47.1 48.6 29.9 27.2 27.7 27.7 27.5 28.4 29.3 -1.0
11.0 0.0 8.1 5.3 0.0 13.8 18.6 15.6 18.2 21.5 25.1 26.4 28.7 0.0 25.8 23.7 0.0 0.0 0.0 0.0 2.6 5.5 8.7 13.3 47.4 42.4 43.1 12.6 16.5 50.1 51.6 51.4 29.7 31.7 34.8 37.3 40.0 47.1 51.2 40.0 42.4 45.1 48.9 51.5 50.0 52.9 51.8 55.5 56.8 58.4 58.9 49.1 42.5 40.1 42.3 38.4 40.0 39.5 42.4 44.6 42.7 43.0 45.3 45.6 48.4 51.3 54.7 52.6 46.9 48.4 48.3 50.1 47.3 47.8 49.8 51.3 52.4 32.8 -1.0 -1.0 -1.0 -1.0 -1.0 -1.0
0.0 11.7 16.1 14.4 15.1 0.0 4.5 7.8 11.0 14.4 26.2 29.0 31.7 33.9 0.0 0.0 0.0 0.0 2.6 5.3 4.9 8.4 12.6 17.8 22.5 55.3 50.3 51.7 21.4 24.4 57.9 59.1 57.9 35.6 37.0 40.4 44.3 48.8 55.7 57.8 46.3 50.2 54.3 58.3 60.0 58.1 60.5 60.7 63.8 64.3 64.6 63.0 52.8 46.0 44.0 46.3 43.0 45.8 45.4 47.7 50.3 48.3 48.2 50.3 50.6 52.8 55.9 57.8 55.8 50.9 52.2 52.1 49.8 50.1 50.8 -1.0 -1.0 -1.0 -1.0 -1.0 -1.0 -1.0 -1.0 -1.0
10.6 16.7 23.2 21.6 19.0 4.2 0.0 0.0 0.0 0.0 0.0 0.0 0.0 2.1 3.6 5.5 8.0 11.2 4.5 7.5 11.2 12.4 17.4 22.4 26.5 29.3 61.9 57.1 57.8 27.2 30.4 63.4 64.0 63.3 41.7 44.2 49.3 54.1 57.2 63.3 51.8 56.1 60.3 63.1 65.1 67.1 64.9 67.9 66.8 69.2 68.6 67.8 66.2 56.1 50.2 48.9 51.5 48.7 51.2 50.5 53.4 55.4 53.4 53.1 54.9 55.1 58.0 60.6 62.7 60.2 54.2 54.7 -1.0 -1.0 -1.0 -1.0 -1.0 -1.0 -1.0 -1.0 -1.0 -1.0 -1.0 -1.0
18.0 24.6 24.2 27.8 26.2 22.8 3.8 6.3 5.8 5.5 6.3 5.8 4.9 4.7 6.6 8.6 11.1 14.2 17.1 11.3 15.6 21.0 22.8 27.0 29.4 32.1 35.3 67.7 62.2 62.8 32.5 35.2 69.3 71.6 71.9 50.5 53.7 58.7 62.4 64.6 70.4 60.8 64.5 67.3 69.5 71.3 73.0 70.8 72.7 71.1 72.7 71.8 71.3 69.9 60.9 55.7 54.1 57.3 53.9 56.3 55.9 58.1 60.0 57.4 57.0 59.3 60.5 63.5 65.0 -1.0 -1.0 -1.0 -1.0 -1.0 -1.0 -1.0 -1.0 -1.0 -1.0 -1.0 -1.0 -1.0 -1.0 -1.0
33.7 29.3 32.5 29.6 32.1 29.8 27.0 9.2 12.6 12.8 12.7 11.4 10.6 10.4 10.4 12.7 14.7 18.4 22.4 26.8 22.0 26.7 31.2 30.6 32.3 35.3 38.4 41.5 73.4 68.4 69.8 39.3 43.9 78.7 81.3 81.6 60.8 63.2 66.6 68.8 71.7 79.3 68.7 71.2 73.5 74.7 76.2 78.1 75.4 76.9 74.6 76.3 75.5 75.3 75.1 66.2 61.1 59.6 62.4 59.1 61.4 60.8 62.6 64.9 63.2 63.2 65.0 64.4 -1.0 -1.0 -1.0 -1.0 -1.0 -1.0 -1.0 -1.0 -1.0 -1.0 -1.0 -1.0 -1.0 -1.0 -1.0 -1.0
37.7 41.6 36.2 38.8 35.0 36.9 35.1 33.3 16.6 20.5 19.9 19.1 18.9 18.3 18.1 18.0 21.0 25.4 29.8 34.6 38.7 32.3 34.7 36.9 35.6 38.1 40.9 44.3 47.1 80.3 77.1 79.2 49.5 53.2 88.0 91.3 92.9 71.2 72.0 74.4 77.2 79.9 85.7 73.7 75.3 77.1 78.5 80.4 82.2 79.3 80.6 78.7 80.7 80.4 81.3 81.1 72.1 66.8 65.1 67.3 64.2 67.2 66.7 69.4 71.3 67.8 66.0 -1.0 -1.0 -1.0 -1.0 -1.0 -1.0 -1.0 -1.0 -1.0 -1.0 -1.0 -1.0 -1.0 -1.0 -1.0 -1.0 -1.0
43.3 45.3 49.3 42.8 44.5 41.7 45.1 44.3 43.1 25.3 28.2 25.3 28.7 28.4 27.7 24.7 28.4 33.1 36.9 41.5 44.5 46.7 39.1 40.4 42.0 40.6 43.4 47.1 50.9 54.8 89.6 87.2 88.8 58.9 63.4 99.0 102.7 102.3 79.2 79.4 81.0 82.5 83.9 88.9 76.6 77.8 80.0 81.9 83.9 85.9 83.5 85.2 83.9 86.3 86.8 87.4 86.9 78.1 72.4 70.7 73.6 71.1 73.5 72.0 72.5 -1.0 -1.0 -1.0 -1.0 -1.0 -1.0 -1.0 -1.0 -1.0 -1.0 -1.0 -1.0 -1.0 -1.0 -1.0 -1.0 -1.0 -1.0 -1.0
58.4 52.9 56.0 49.1 50.4 53.0 50.7 53.9 53.1 51.1 33.1 37.5 35.3 38.5 34.7 31.8 35.0 39.1 43.5 47.8 50.4 51.8 43.4 44.1 45.5 47.7 47.8 52.4 57.5 60.6 65.0 100.3 97.8 100.3 71.0 74.7 108.4 109.3 107.6 83.8 83.0 84.6 85.8 86.9 91.5 78.7 80.0 82.1 84.5 88.0 90.5 88.3 90.2 89.4 92.4 93.2 93.8 93.7 85.1 79.4 77.7 80.0 75.2 -1.0 -1.0 -1.0 -1.0 -1.0 -1.0 -1.0 -1.0 -1.0 -1.0 -1.0 -1.0 -1.0 -1.0 -1.0 -1.0 -1.0 -1.0 -1.0 -1.0 -1.0
68.9 67.1 60.9 54.3 56.2 58.3 61.0 58.6 62.2 61.5 59.5 43.4 47.9 44.7 47.7 43.1 40.6 44.3 48.9 52.6 53.8 54.7 46.5 49.1 51.5 54.2 57.1 58.6 64.8 68.9 73.3 79.2 115.2 111.5 111.7 79.3 80.5 113.2 113.9 111.4 87.1 86.7 87.7 88.7 89.3 93.3 80.7 82.9 85.4 88.8 92.8 95.6 93.8 96.2 95.6 99.7 100.2 100.6 100.2 90.5 84.0 -1.0 -1.0 -1.0 -1.0 -1.0 -1.0 -1.0 -1.0 -1.0 -1.0 -1.0 -1.0 -1.0 -1.0 -1.0 -1.0 -1.0 -1.0 -1.0 -1.0 -1.0 -1.0 -1.0
75.1 77.7 75.1 68.7 61.8 63.6 66.3 69.9 68.4 71.6 70.8 70.0 51.8 53.8 50.0 52.7 48.7 46.9 52.1 55.8 57.5 58.3 50.6 55.5 58.8 61.4 64.2 68.6 70.9 75.2 80.5 88.3 94.6 127.1 119.0 116.0 82.7 85.0 117.9 117.8 90.0 90.4 88.8 89.9 90.7 95.0 96.4 84.4 86.3 90.0 94.3 98.4 101.5 100.4 103.7 103.7 106.3 105.2 104.3 -1.0 -1.0 -1.0 -1.0 -1.0 -1.0 -1.0 -1.0 -1.0 -1.0 -1.0 -1.0 -1.0 -1.0 -1.0 -1.0 -1.0 -1.0 -1.0 -1.0 -1.0 -1.0 -1.0 -1.0 -1.0
87.4 81.9 84.2 81.9 75.1 68.5 72.0 75.5 79.2 76.7 79.7 77.0 73.1 75.6 79.3 55.9 59.1 55.8 55.9 59.9 61.9 63.4 55.1 60.1 65.2 68.2 70.7 75.6 80.6 81.3 87.2 95.0 100.0 101.0 122.2 119.5 86.4 87.9 89.0 121.0 120.4 91.3 89.8 90.9 92.1 97.4 99.2 100.6 88.5 92.3 96.5 99.8 104.5 108.6 107.6 109.6 107.6 -1.0 -1.0 -1.0 -1.0 -1.0 -1.0 -1.0 -1.0 -1.0 -1.0 -1.0 -1.0 -1.0 -1.0 -1.0 -1.0 -1.0 -1.0 -1.0 -1.0 -1.0 -1.0 -1.0 -1.0 -1.0 -1.0 -1.0
96.8 92.8 87.2 91.3 89.1 82.7 76.8 80.2 83.0 84.8 81.1 83.3 81.6 79.6 84.3 87.6 62.5 65.5 64.6 63.2 65.4 67.6 61.0 65.1 70.8 74.1 77.0 82.4 88.1 93.9 95.7 100.8 102.8 102.3 124.5 122.8 89.3 89.6 89.9 90.6 91.5 92.0 93.0 92.1 93.8 95.8 102.0 103.7 105.7 95.1 98.4 102.0 106.4 110.5 112.5 -1.0 -1.0 -1.0 -1.0 -1.0 -1.0 -1.0 -1.0 -1.0 -1.0 -1.0 -1.0 -1.0 -1.0 -1.0 -1.0 -1.0 -1.0 -1.0 -1.0 -1.0 -1.0 -1.0 -1.0 -1.0 -1.0 -1.0 -1.0 -1.0
100.4 103.4 100.0 95.0 97.7 94.5 88.0 82.5 85.3 87.3 90.1 88.5 92.5 91.5 89.4 91.9 94.4 70.1 74.6 71.3 68.0 70.2 74.9 71.3 76.2 79.5 84.1 90.8 97.2 101.9 104.4 102.5 -1.0 -1.0 -1.0 126.1 90.3 90.0 90.1 90.7 91.8 92.7 93.9 95.8 95.8 98.1 100.8 106.7 108.7 110.9 100.1 103.9 107.0 -1.0 -1.0 -1.0 -1.0 -1.0 -1.0 -1.0 -1.0 -1.0 -1.0 -1.0 -1.0 -1.0 -1.0 -1.0 -1.0 -1.0 -1.0 -1.0 -1.0 -1.0 -1.0 -1.0 -1.0 -1.0 -1.0 -1.0 -1.0 -1.0 -1.0 -1.0
105.3 108.7 112.0 107.1 100.1 101.3 99.0 93.3 87.2 90.3 94.4 99.4 97.2 100.7 98.5 95.2 98.3 101.1 76.8 80.7 76.8 73.4 80.3 88.8 84.5 88.8 92.5 96.4 98.9 -1.0 -1.0 -1.0 -1.0 -1.0 -1.0 -1.0 -1.0 91.2 91.2 92.1 93.2 94.1 95.4 97.8 100.4 100.5 102.8 104.6 110.1 112.0 114.5 -1.0 -1.0 -1.0 -1.0 -1.0 -1.0 -1.0 -1.0 -1.0 -1.0 -1.0 -1.0 -1.0 -1.0 -1.0 -1.0 -1.0 -1.0 -1.0 -1.0 -1.0 -1.0 -1.0 -1.0 -1.0 -1.0 -1.0 -1.0 -1.0 -1.0 -1.0 -1.0 -1.0
111.8 115.0 117.7 112.6 106.2 108.2 109.6 106.2 99.9 94.4 97.7 101.4 105.0 103.2 106.7 105.9 104.6 107.9 110.3 85.7 88.5 83.5 85.3 92.7 97.7 92.0 94.9 95.6 -1.0 -1.0 -1.0 -1.0 -1.0 -1.0 -1.0 -1.0 -1.0 -1.0 93.2 93.9 94.8 95.4 97.6 100.7 103.0 105.0 104.3 105.3 -1.0 -1.0 -1.0 -1.0 -1.0 -1.0 -1.0 -1.0 -1.0 -1.0 -1.0 -1.0 -1.0 -1.0 -1.0 -1.0 -1.0 -1.0 -1.0 -1.0 -1.0 -1.0 -1.0 -1.0 -1.0 -1.0 -1.0 -1.0 -1.0 -1.0 -1.0 -1.0 -1.0 -1.0 -1.0 -1.0
117.3 119.9 122.7 119.4 114.0 116.2 117.6 112.3 114.1 107.9 101.6 105.1 108.6 112.2 110.6 114.3 114.0 111.9 114.8 119.4 94.6 89.8 93.6 94.3 99.8 103.5 -1.0 -1.0 -1.0 -1.0 -1.0 -1.0 -1.0 -1.0 -1.0 -1.0 -1.0 -1.0 -1.0 95.1 96.3 97.4 100.5 103.7 105.1 105.8 -1.0 -1.0 -1.0 -1.0 -1.0 -1.0 -1.0 -1.0 -1.0 -1.0 -1.0 -1.0 -1.0 -1.0 -1.0 -1.0 -1.0 -1.0 -1.0 -1.0 -1.0 -1.0 -1.0 -1.0 -1.0 -1.0 -1.0 -1.0 -1.0 -1.0 -1.0 -1.0 -1.0 -1.0 -1.0 -1.0 -1.0 -1.0
133.6 124.9 127.8 131.3 127.7 122.8 124.8 119.7 121.1 123.1 108.2 111.1 114.1 117.5 122.1 121.3 126.0 125.0 123.4 126.7 127.8 101.1 98.0 103.9 101.1 -1.0 -1.0 -1.0 -1.0 -1.0 -1.0 -1.0 -1.0 -1.0 -1.0 -1.0 -1.0 -1.0 -1.0 -1.0 98.5 99.8 102.5 104.8 -1.0 -1.0 -1.0 -1.0 -1.0 -1.0 -1.0 -1.0 -1.0 -1.0 -1.0 -1.0 -1.0 -1.0 -1.0 -1.0 -1.0 -1.0 -1.0 -1.0 -1.0 -1.0 -1.0 -1.0 -1.0 -1.0 -1.0 -1.0 -1.0 -1.0 -1.0 -1.0 -1.0 -1.0 -1.0 -1.0 -1.0 -1.0 -1.0 -1.0
138.5 141.5 133.2 136.2 139.0 135.0 129.7 126.6 128.4 130.3 115.8 118.5 120.9 124.1 129.8 135.1 134.7 135.2 138.1 132.8 131.7 106.7 108.8 -1.0 -1.0 -1.0 -1.0 -1.0 -1.0 -1.0 -1.0 -1.0 -1.0 -1.0 -1.0 -1.0 -1.0 -1.0 -1.0 -1.0 -1.0 -1.0 -1.0 -1.0 -1.0 -1.0 -1.0 -1.0 -1.0 -1.0 -1.0 -1.0 -1.0 -1.0 -1.0 -1.0 -1.0 -1.0 -1.0 -1.0 -1.0 -1.0 -1.0 -1.0 -1.0 -1.0 -1.0 -1.0 -1.0 -1.0 -1.0 -1.0 -1.0 -1.0 -1.0 -1.0 -1.0 -1.0 -1.0 -1.0 -1.0 -1.0 -1.0 -1.0
-1.0 147.0 150.3 142.0 145.0 141.6 136.6 133.3 135.3 138.4 141.8 126.9 129.8 132.7 138.0 142.5 147.1 -1.0 -1.0 -1.0 -1.0 -1.0 -1.0 -1.0 -1.0 -1.0 -1.0 -1.0 -1.0 -1.0 -1.0 -1.0 -1.0 -1.0 -1.0 -1.0 -1.0 -1.0 -1.0 -1.0 -1.0 -1.0 -1.0 -1.0 -1.0 -1.0 -1.0 -1.0 -1.0 -1.0 -1.0 -1.0 -1.0 -1.0 -1.0 -1.0 -1.0 -1.0 -1.0 -1.0 -1.0 -1.0 -1.0 -1.0 -1.0 -1.0 -1.0 -1.0 -1.0 -1.0 -1.0 -1.0 -1.0 -1.0 -1.0 -1.0 -1.0 -1.0 -1.0 -1.0 -1.0 -1.0 -1.0 -1.0
-1.0 154.7 158.4 150.5 154.0 150.6 145.0 140.9 142.5 145.5 147.8 150.9 135.9 138.2 -1.0 -1.0 -1.0 -1.0 -1.0 -1.0 -1.0 -1.0 -1.0 -1.0 -1.0 -1.0 -1.0 -1.0 -1.0 -1.0 -1.0 -1.0 -1.0 -1.0 -1.0 -1.0 -1.0 -1.0 -1.0 -1.0 -1.0 -1.0 -1.0 -1.0 -1.0 -1.0 -1.0 -1.0 -1.0 -1.0 -1.0 -1.0 -1.0 -1.0 -1.0 -1.0 -1.0 -1.0 -1.0 -1.0 -1.0 -1.0 -1.0 -1.0 -1.0 -1.0 -1.0 -1.0 -1.0 -1.0 -1.0 -1.0 -1.0 -1.0 -1.0 -1.0 -1.0 -1.0 -1.0 -1.0 -1.0 -1.0 -1.0 -1.0
-1.0 164.2 168.7 161.5 165.4 161.9 155.1 149.5 150.5 151.1 151.9 -1.0 -1.0 -1.0 -1.0 -1.0 -1.0 -1.0 -1.0 -1.0 -1.0 -1.0 -1.0 -1.0 -1.0 -1.0 -1.0 -1.0 -1.0 -1.0 -1.0 -1.0 -1.0 -1.0 -1.0 -1.0 -1.0 -1.0 -1.0 -1.0 -1.0 -1.0 -1.0 -1.0 -1.0 -1.0 -1.0 -1.0 -1.0 -1.0 -1.0 -1.0 -1.0 -1.0 -1.0 -1.0 -1.0 -1.0 -1.0 -1.0 -1.0 -1.0 -1.0 -1.0 -1.0 -1.0 -1.0 -1.0 -1.0 -1.0 -1.0 -1.0 -1.0 -1.0 -1.0 -1.0 -1.0 -1.0 -1.0 -1.0 -1.0 -1.0 -1.0 -1.0
-1.0 -1.0 178.3 180.9 171.2 -1.0 -1.0 -1.0 -1.0 -1.0 -1.0 -1.0 -1.0 -1.0 -1.0 -1.0 -1.0 -1.0 -1.0 -1.0 -1.0 -1.0 -1.0 -1.0 -1.0 -1.0 -1.0 -1.0 -1.0 -1.0 -1.0 -1.0 -1.0 -1.0 -1.0 -1.0 -1.0 -1.0 -1.0 -1.0 -1.0 -1.0 -1.0 -1.0 -1.0 -1.0 -1.0 -1.0 -1.0 -1.0 -1.0 -1.0 -1.0 -1.0 -1.0 -1.0 -1.0 -1.0 -1.0 -1.0 -1.0 -1.0 -1.0 -1.0 -1.0 -1.0 -1.0 -1.0 -1.0 -1.0 -1.0 -1.0 -1.0 -1.0 -1.0 -1.0 -1.0 -1.0 -1.0 -1.0 -1.0 -1.0 -1.0 -1.0
-1.0 -1.0 -1.0 -1.0 -1.0 -1.0 -1.0 -1.0 -1.0 -1.0 -1.0 -1.0 -1.0 -1.0 -1.0 -1.0 -1.0 -1.0 -1.0 -1.0 -1.0 -1.0 -1.0 -1.0 -1.0 -1.0 -1.0 -1.0 -1.0 -1.0 -1.0 -1.0 -1.0 -1.0 -1.0 -1.0 -1.0 -1.0 -1.0 -1.0 -1.0 -1.0 -1.0 -1.0 -1.0 -1.0 -1.0 -1.0 -1.0 -1.0 -1.0 -1.0 -1.0 -1.0 -1.0 -1.0 -1.0 -1.0 -1.0 -1.0 -1.0 -1.0 -1.0 -1.0 -1.0 -1.0 -1.0 -1.0 -1.0 -1.0 -1.0 -1.0 -1.0 -1.0 -1.0 -1.0 -1.0 -1.0 -1.0 -1.0 -1.0 -1.0 -1.0 -1.0
-1.0 -1.0 -1.0 -1.0 -1.0 -1.0 -1.0 -1.0 -1.0 -1.0 -1.0 -1.0 -1.0 -1.0 -1.0 -1.0 -1.0 -1.0 -1.0 -1.0 -1.0 -1.0 -1.0 -1.0 -1.0 -1.0 -1.0 -1.0 -1.0 -1.0 -1.0 -1.0 -1.0 -1.0 -1.0 -1.0 -1.0 -1.0 -1.0 -1.0 -1.0 -1.0 -1.0 -1.0 -1.0 -1.0 -1.0 -1.0 -1.0 -1.0 -1.0 -1.0 -1.0 -1.0 -1.0 -1.0 -1.0 -1.0 -1.0 -1.0 -1.0 -1.0 -1.0 -1.0 -1.0 -1.0 -1.0 -1.0 -1.0 -1.0 -1.0 -1.0 -1.0 -1.0 -1.0 -1.0 -1.0 -1.0 -1.0 -1.0 -1.0 -1.0 -1.0 -1.0
-1.0 -1.0 -1.0 -1.0 -1.0 -1.0 -1.0 -1.0 -1.0 -1.0 -1.0 -1.0 -1.0 -1.0 -1.0 -1.0 -1.0 -1.0 -1.0 -1.0 -1.0 -1.0 -1.0 -1.0 -1.0 -1.0 -1.0 -1.0 -1.0 -1.0 -1.0 -1.0 -1.0 -1.0 -1.0 -1.0 -1.0 -1.0 -1.0 -1.0 -1.0 -1.0 -1.0 -1.0 -1.0 -1.0 -1.0 -1.0 -1.0 -1.0 -1.0 -1.0 -1.0 -1.0 -1.0 -1.0 -1.0 -1.0 -1.0 -1.0 -1.0 -1.0 -1.0 -1.0 -1.0 -1.0 -1.0 -1.0 -1.0 -1.0 -1.0 -1.0 -1.0 -1.0 -1.0 -1.0 -1.0 -1.0 -1.0 -1.0 -1.0 -1.0 -1.0 -1.0
-1.0 -1.0 -1.0 -1.0 -1.0 -1.0 -1.0 -1.0 -1.0 -1.0 -1.0 -1.0 -1.0 -1.0 -1.0 -1.0 -1.0 -1.0 -1.0 -1.0 -1.0 -1.0 -1.0 -1.0 -1.0 -1.0 -1.0 -1.0 -1.0 -1.0 -1.0 -1.0 -1.0 -1.0 -1.0 -1.0 -1.0 -1.0 -1.0 -1.0 -1.0 -1.0 -1.0 -1.0 -1.0 -1.0 -1.0 -1.0 -1.0 -1.0 -1.0 -1.0 -1.0 -1.0 -1.0 -1.0 -1.0 -1.0 -1.0 -1.0 -1.0 -1.0 -1.0 -1.0 -1.0 -1.0 -1.0 -1.0 -1.0 -1.0 -1.0 -1.0 -1.0 -1.0 -1.0 -1.0 -1.0 -1.0 -1.0 -1.0 -1.0 -1.0 -1.0 -1.0
-1.0 -1.0 -1.0 -1.0 -1.0 -1.0 -1.0 -1.0 -1.0 -1.0 -1.0 -1.0 -1.0 -1.0 -1.0 -1.0 -1.0 -1.0 -1.0 -1.0 -1.0 -1.0 -1.0 -1.0 -1.0 -1.0 -1.0 -1.0 -1.0 -1.0 -1.0 -1.0 -1.0 -1.0 -1.0 -1.0 -1.0 -1.0 -1.0 -1.0 -1.0 -1.0 -1.0 -1.0 -1.0 -1.0 -1.0 -1.0 -1.0 -1.0 -1.0 -1.0 -1.0 -1.0 -1.0 -1.0 -1.0 -1.0 -1.0 -1.0 -1.0 -1.0 -1.0 -1.0 -1.0 -1.0 -1.0 -1.0 -1.0 -1.0 -1.0 -1.0 -1.0 -1.0 -1.0 -1.0 -1.0 -1.0 -1.0 -1.0 -1.0 -1.0 -1.0 -1.0
