tests/fixtures/watershed_abstraction/mdobre-scarce-belch/dem/topaz/ELDOUT.ARC
ncols   274
nrows   267
xllcorner  568331
yllcorner 5029449
cellsize   30.00
nodata_value    -1.0
[rows 111 to 147 of 267, columns 84 to 167 of 274]
-1.0 -1.0 -1.0 -1.0 -1.0 -1.0 132.6 129.6 127.1 126.1 126.0 124.7 123.2 123.0 123.0 124.5 126.0 127.6 130.1 131.3 130.7 130.8 132.3 133.6 134.9 139.7 144.4 147.1 149.8 152.7 155.8 159.1 160.6 160.1 164.6 170.5 173.2 178.1 181.1 183.5 186.0 188.6 191.5 194.8 197.4 200.6 204.3 209.3 214.2 219.8 224.3 225.3 225.1 225.3 228.6 232.6 235.3 237.4 237.7 237.3 238.2 241.3 244.4 247.0 249.7 253.1 256.8 259.3 261.3 263.3 265.3 266.6 267.5 268.4 269.4 270.6 271.7 272.5 273.3 274.0 274.3 274.2 274.2 274.9
-1.0 -1.0 -1.0 -1.0 -1.0 132.7 130.7 127.4 125.4 124.8 124.4 123.2 121.6 121.6 122.8 123.8 123.6 124.8 126.2 126.8 127.5 129.2 132.9 135.7 137.8 142.1 146.8 150.0 152.5 155.1 158.5 162.1 164.5 165.2 164.4 169.6 174.0 178.6 180.3 179.8 181.9 184.7 187.9 190.8 197.2 202.8 207.6 212.5 215.7 219.4 220.7 220.9 221.5 222.9 225.6 228.4 230.6 232.2 232.8 236.6 242.1 245.4 248.1 250.7 253.4 256.1 258.7 260.5 262.1 264.4 266.7 268.0 269.1 270.2 271.3 272.7 273.6 274.1 274.9 276.1 276.4 276.1 275.8 276.1
-1.0 -1.0 -1.0 -1.0 130.4 129.6 126.7 123.8 122.7 122.3 122.2 121.2 120.1 120.7 121.8 120.7 120.8 122.0 124.2 126.4 129.0 132.2 135.0 138.5 141.9 145.4 148.4 151.4 154.3 157.6 160.9 163.8 166.3 168.6 169.3 169.5 173.1 173.7 177.2 182.2 185.6 188.3 191.7 195.1 196.1 199.4 208.3 214.6 217.3 217.8 217.9 218.9 219.8 221.4 223.6 225.6 227.2 229.8 233.8 240.4 245.5 248.8 251.4 253.8 256.3 258.6 260.8 262.5 264.0 266.3 268.3 269.8 271.4 272.6 273.7 274.8 275.9 276.1 276.9 278.1 278.6 278.7 278.8 278.8
-1.0 -1.0 -1.0 126.9 126.5 125.1 122.2 120.0 119.2 119.3 119.6 118.7 118.7 119.4 119.3 118.7 122.7 125.6 128.5 131.2 133.8 136.4 138.2 141.2 143.9 147.6 150.3 152.6 155.7 159.2 161.9 164.4 166.8 169.7 172.3 174.0 176.5 179.2 183.1 186.6 189.0 191.5 195.1 199.2 202.5 203.0 204.2 208.5 212.3 214.2 215.9 217.2 220.8 224.4 226.1 227.1 230.7 235.3 239.7 244.2 248.9 252.6 254.8 257.0 259.3 261.2 262.9 264.8 266.5 268.3 270.2 271.9 273.7 275.0 276.3 277.5 278.0 278.3 278.8 279.9 280.8 281.3 281.4 281.5
-1.0 -1.0 122.4 122.7 122.1 120.5 119.1 117.4 116.3 117.1 116.5 114.5 114.8 115.9 116.7 119.8 126.8 130.8 133.3 135.4 137.9 140.1 141.9 144.1 145.8 149.5 152.3 154.3 156.5 159.6 161.5 163.9 166.7 170.2 173.4 176.5 180.8 184.5 186.9 189.5 192.0 195.3 198.8 201.7 205.3 209.3 212.2 213.6 214.8 216.6 218.5 221.7 225.4 228.7 231.7 234.3 236.7 239.9 243.5 247.2 251.2 255.0 257.2 259.8 261.8 263.5 265.5 267.0 268.6 270.3 272.5 274.4 276.0 277.3 278.6 279.4 279.8 280.4 280.7 281.5 282.5 283.4 283.6 283.9
-1.0 -1.0 116.7 117.3 117.4 117.3 116.9 113.9 111.7 112.5 111.4 111.1 114.2 117.0 119.5 124.4 130.6 134.1 136.4 138.4 140.9 143.0 144.9 147.1 148.8 151.2 153.5 155.8 157.6 159.5 162.2 165.1 168.4 172.8 176.8 180.1 183.8 187.1 190.1 193.5 196.8 200.0 203.1 206.0 208.9 212.2 215.7 217.1 218.3 220.8 223.1 226.0 229.1 232.4 235.4 238.3 240.6 243.1 246.6 249.6 252.7 256.1 259.1 262.3 264.7 266.4 268.4 269.8 271.7 273.3 275.1 276.8 278.2 279.4 280.3 281.2 281.7 282.2 283.0 283.5 284.2 285.0 285.7 286.4
-1.0 110.3 110.9 111.6 112.8 113.5 112.1 107.2 105.9 107.8 108.9 112.8 118.6 122.2 125.0 129.1 133.2 136.1 138.5 141.0 143.5 145.5 147.2 149.4 151.2 153.1 155.0 156.8 158.3 160.2 163.2 166.7 170.7 175.9 180.9 184.2 187.2 190.3 193.3 197.3 200.9 204.6 207.8 210.2 212.2 214.8 216.9 218.5 220.9 223.9 227.1 230.2 232.7 235.5 239.0 242.0 244.0 246.2 249.1 251.5 254.6 257.9 261.2 264.4 267.2 269.1 270.9 273.1 275.2 276.8 278.2 279.1 280.3 281.6 282.8 283.4 283.8 284.2 285.1 285.6 286.1 286.7 287.6 288.8
105.3 105.9 105.8 107.4 107.5 106.3 103.6 101.7 106.1 110.0 113.4 117.6 121.6 125.1 128.1 131.5 135.2 137.9 140.3 142.6 145.0 147.2 149.1 151.1 152.8 154.4 155.9 157.7 159.7 162.2 165.8 170.6 175.1 179.8 184.3 187.9 190.5 193.2 195.6 198.8 202.9 206.0 208.8 211.0 214.3 216.9 218.4 221.1 223.8 227.3 231.5 233.9 236.5 239.1 241.8 244.9 247.4 249.6 251.7 253.5 255.9 259.2 262.5 265.9 269.0 271.7 273.2 275.5 277.9 279.6 281.0 282.1 283.0 284.0 285.1 285.8 286.3 286.9 287.5 287.4 287.7 288.6 289.8 292.1
101.9 99.2 98.8 100.4 99.0 98.3 99.6 103.7 111.0 115.4 118.7 121.8 124.2 127.6 130.7 133.6 137.0 139.5 141.7 143.5 145.8 148.3 150.3 152.3 154.3 156.2 157.9 160.5 163.4 166.3 170.2 175.0 179.5 183.9 188.5 191.6 194.0 196.0 198.6 201.2 203.9 207.6 210.6 212.7 216.3 219.5 221.3 224.2 227.3 231.4 235.3 238.0 240.4 243.1 245.5 247.7 249.7 252.1 254.1 256.2 258.6 260.9 264.2 267.4 270.6 273.5 275.6 277.7 279.5 281.3 283.5 284.8 285.1 285.7 286.7 288.1 288.8 289.9 290.4 290.3 290.3 290.8 292.9 295.0
94.1 89.5 89.7 91.6 93.6 99.8 107.2 111.5 114.8 118.2 121.7 125.5 127.8 130.4 133.0 135.4 137.8 140.0 142.1 143.6 145.9 148.6 150.8 153.9 157.0 159.6 162.1 164.9 168.8 172.2 175.5 179.6 184.0 188.3 192.2 194.7 197.0 199.2 202.9 205.6 207.6 211.1 214.1 216.3 219.3 222.5 225.0 227.9 231.7 235.8 239.2 241.9 244.1 246.3 248.2 250.0 251.3 253.9 256.4 258.8 261.2 263.2 265.8 269.0 272.2 275.4 277.8 279.7 281.6 283.4 285.2 286.6 287.1 287.9 288.5 290.0 291.8 293.1 293.6 293.6 293.4 294.3 295.2 -1.0
83.6 86.1 94.2 96.9 100.4 107.4 112.2 115.2 117.8 121.1 124.7 128.1 130.4 132.7 134.7 136.5 138.2 140.3 142.2 143.9 146.5 149.4 152.6 157.2 161.6 164.4 167.3 170.5 174.4 177.6 180.8 184.3 188.0 191.9 195.0 197.5 200.2 203.6 207.7 210.2 212.6 215.3 218.4 221.0 223.7 226.6 229.0 232.7 236.6 240.3 243.6 245.2 246.7 248.6 250.8 252.6 254.2 256.7 259.6 261.8 264.1 266.6 268.9 271.2 274.0 276.9 280.3 282.4 283.5 285.0 286.5 288.3 288.7 289.2 291.2 292.7 293.8 294.7 -1.0 -1.0 -1.0 -1.0 -1.0 -1.0
81.5 93.2 102.2 106.0 106.7 108.1 112.6 115.9 119.1 122.5 125.8 128.6 131.3 133.5 135.0 136.7 138.3 140.5 143.1 145.8 148.8 152.3 156.5 161.7 166.4 169.5 172.3 175.9 179.3 182.3 185.4 188.3 190.8 193.9 197.2 200.6 204.5 209.0 212.2 214.3 216.5 220.4 224.5 227.8 229.5 231.8 234.2 237.9 241.0 244.1 246.5 247.7 248.9 250.2 252.5 254.8 257.2 260.0 262.6 264.9 267.5 269.7 271.8 273.9 276.2 278.4 281.5 283.4 285.6 287.5 288.8 290.3 291.2 291.5 292.2 -1.0 -1.0 -1.0 -1.0 -1.0 -1.0 -1.0 -1.0 -1.0
86.5 98.2 104.7 107.7 110.6 112.3 112.6 115.7 119.0 122.4 125.8 128.8 131.3 133.4 134.9 136.8 139.3 142.5 145.0 148.0 151.7 156.3 161.3 166.3 170.4 173.2 176.1 179.1 182.0 185.1 188.3 190.9 193.2 196.2 200.0 204.4 209.5 214.3 217.4 219.8 222.0 226.3 230.5 233.3 234.6 236.6 238.6 241.6 244.0 246.4 248.4 249.7 250.9 252.2 254.4 257.4 260.0 262.9 265.4 267.7 270.6 272.6 274.8 276.7 278.5 280.7 283.6 286.2 288.3 290.0 290.8 291.3 -1.0 -1.0 -1.0 -1.0 -1.0 -1.0 -1.0 -1.0 -1.0 -1.0 -1.0 -1.0
93.9 100.5 105.7 109.3 112.3 114.4 116.4 118.9 121.5 124.5 128.7 131.6 133.7 136.0 137.9 139.9 142.4 145.5 148.4 151.8 156.1 161.5 166.7 170.9 173.3 176.0 179.2 181.9 184.2 187.0 190.4 193.1 196.8 200.8 204.8 208.8 213.9 218.9 222.6 224.8 226.9 231.0 234.7 237.5 239.0 240.8 242.5 244.5 246.4 248.3 249.9 251.6 253.2 254.6 257.0 259.9 262.6 265.8 268.1 270.5 273.1 275.3 277.2 278.8 280.6 282.9 286.1 289.1 290.6 -1.0 -1.0 -1.0 -1.0 -1.0 -1.0 -1.0 -1.0 -1.0 -1.0 -1.0 -1.0 -1.0 -1.0 -1.0
100.7 105.2 108.4 111.1 113.6 115.9 118.6 121.8 125.2 128.5 131.7 133.8 136.4 139.2 141.7 144.0 146.0 149.7 153.7 158.1 162.5 167.2 171.7 174.5 176.2 179.2 182.3 185.4 187.6 190.4 194.0 197.2 201.8 206.2 210.5 214.5 219.1 223.4 226.8 229.0 231.9 235.8 238.9 241.4 243.0 244.2 245.7 247.6 249.1 250.6 251.8 253.5 255.3 257.2 259.8 262.3 265.3 268.1 270.9 273.3 275.6 278.0 279.8 282.1 284.6 286.8 288.6 290.0 -1.0 -1.0 -1.0 -1.0 -1.0 -1.0 -1.0 -1.0 -1.0 -1.0 -1.0 -1.0 -1.0 -1.0 -1.0 -1.0
104.7 108.6 112.1 114.7 116.5 118.4 121.2 124.9 129.2 133.1 135.6 138.1 141.3 144.1 146.9 149.3 152.3 156.7 161.1 165.9 170.0 172.8 175.2 177.4 179.5 182.0 184.8 188.2 191.0 194.5 199.1 203.4 207.4 211.1 215.5 220.5 225.8 229.5 232.2 234.6 237.4 240.1 242.2 243.9 245.5 246.6 248.0 249.9 251.7 253.0 254.3 255.9 257.9 260.2 263.2 265.8 268.2 271.0 273.6 275.8 278.4 281.4 283.9 286.6 288.5 289.2 289.6 -1.0 -1.0 -1.0 -1.0 -1.0 -1.0 -1.0 -1.0 -1.0 -1.0 -1.0 -1.0 -1.0 -1.0 -1.0 -1.0 -1.0
110.3 112.3 116.3 118.7 120.4 123.2 126.6 130.4 134.7 137.9 140.8 144.3 147.7 150.8 153.5 156.0 159.7 164.4 168.2 172.8 175.8 178.0 179.6 180.9 182.5 184.5 187.3 191.0 194.8 198.7 203.8 209.2 213.0 216.8 221.3 226.5 231.9 235.2 237.5 239.6 241.2 242.7 244.1 245.4 246.8 248.0 249.5 251.4 253.4 255.4 257.2 258.9 261.1 263.5 266.6 269.3 271.6 274.2 276.6 279.2 282.1 285.3 287.7 289.2 289.7 -1.0 -1.0 -1.0 -1.0 -1.0 -1.0 -1.0 -1.0 -1.0 -1.0 -1.0 -1.0 -1.0 -1.0 -1.0 -1.0 -1.0 -1.0 -1.0
116.3 119.9 123.0 125.0 126.3 128.9 132.2 135.4 139.2 142.7 145.7 150.1 154.3 157.5 160.5 163.1 166.3 170.4 174.8 179.1 181.7 183.1 183.9 184.6 186.0 188.2 191.7 196.3 201.4 204.5 208.9 214.5 219.8 224.5 228.9 232.6 235.9 238.5 240.5 242.1 243.2 244.8 246.0 247.1 248.0 248.9 250.2 252.3 254.7 257.5 260.0 262.0 263.9 266.6 269.6 273.0 275.7 278.4 281.2 283.6 286.2 288.5 289.4 -1.0 -1.0 -1.0 -1.0 -1.0 -1.0 -1.0 -1.0 -1.0 -1.0 -1.0 -1.0 -1.0 -1.0 -1.0 -1.0 -1.0 -1.0 -1.0 -1.0 -1.0
121.4 125.0 127.9 130.2 132.1 134.2 136.9 140.1 143.7 147.6 151.1 156.0 160.5 163.7 166.7 168.9 171.9 175.6 180.2 183.9 185.1 186.0 187.0 189.6 192.0 194.7 197.6 202.5 208.7 212.8 217.2 223.1 229.4 233.5 235.9 237.2 238.4 240.7 243.1 244.3 245.4 246.9 247.9 248.9 249.5 249.8 250.9 253.1 255.6 259.0 262.3 265.1 267.5 269.9 272.8 276.9 280.0 282.5 284.9 286.6 288.2 -1.0 -1.0 -1.0 -1.0 -1.0 -1.0 -1.0 -1.0 -1.0 -1.0 -1.0 -1.0 -1.0 -1.0 -1.0 -1.0 -1.0 -1.0 -1.0 -1.0 -1.0 -1.0 -1.0
127.6 130.2 133.0 135.7 137.7 139.5 142.2 145.8 149.9 153.1 156.9 161.6 164.4 166.4 169.0 171.7 174.5 178.2 183.4 187.1 188.8 189.6 191.1 196.0 199.3 201.9 204.7 209.1 214.8 219.1 224.4 232.2 238.5 241.3 241.0 240.2 240.6 242.9 245.4 247.0 248.3 248.7 249.0 250.1 250.9 251.5 252.9 254.6 256.5 260.2 264.5 267.9 271.0 274.1 277.4 280.9 283.5 285.0 286.2 -1.0 -1.0 -1.0 -1.0 -1.0 -1.0 -1.0 -1.0 -1.0 -1.0 -1.0 -1.0 -1.0 -1.0 -1.0 -1.0 -1.0 -1.0 -1.0 -1.0 -1.0 -1.0 -1.0 -1.0 -1.0
132.0 134.4 136.7 139.8 142.1 144.4 147.9 151.4 155.1 158.2 161.2 163.1 164.7 167.2 170.9 174.9 178.1 181.6 187.2 191.2 193.2 194.7 195.6 200.6 205.7 208.7 211.2 216.1 221.1 225.2 231.1 238.9 243.9 244.9 244.2 243.7 244.3 245.8 246.9 248.5 249.6 249.6 250.0 251.1 252.3 253.9 255.7 257.1 258.7 262.5 266.7 270.0 274.0 278.1 281.3 283.3 284.8 -1.0 -1.0 -1.0 -1.0 -1.0 -1.0 -1.0 -1.0 -1.0 -1.0 -1.0 -1.0 -1.0 -1.0 -1.0 -1.0 -1.0 -1.0 -1.0 -1.0 -1.0 -1.0 -1.0 -1.0 -1.0 -1.0 -1.0
134.9 137.4 139.7 143.8 147.0 149.7 152.7 156.1 158.9 160.7 162.6 164.8 167.7 171.2 175.9 179.2 181.5 184.5 190.4 194.5 196.7 198.9 201.5 205.6 211.3 214.6 217.5 222.9 228.6 234.4 239.6 244.7 246.7 246.2 246.5 247.0 247.2 247.5 247.8 248.5 249.4 249.9 250.9 252.3 254.0 256.0 258.5 260.2 262.2 265.3 268.6 272.2 276.6 280.0 282.0 -1.0 -1.0 -1.0 -1.0 -1.0 -1.0 -1.0 -1.0 -1.0 -1.0 -1.0 -1.0 -1.0 -1.0 -1.0 -1.0 -1.0 -1.0 -1.0 -1.0 -1.0 -1.0 -1.0 -1.0 -1.0 -1.0 -1.0 -1.0 -1.0
138.5 141.5 144.6 147.5 150.2 152.4 155.0 158.4 161.2 163.2 166.0 170.0 174.0 177.6 181.0 183.5 186.0 189.1 193.6 197.1 199.3 201.5 206.2 211.8 216.7 220.0 224.6 231.3 237.7 242.4 244.9 246.4 -1.0 -1.0 -1.0 248.1 248.2 247.9 248.0 248.6 249.7 250.6 251.8 253.7 256.0 258.3 261.0 263.2 265.2 267.4 270.3 274.1 277.2 -1.0 -1.0 -1.0 -1.0 -1.0 -1.0 -1.0 -1.0 -1.0 -1.0 -1.0 -1.0 -1.0 -1.0 -1.0 -1.0 -1.0 -1.0 -1.0 -1.0 -1.0 -1.0 -1.0 -1.0 -1.0 -1.0 -1.0 -1.0 -1.0 -1.0 -1.0
143.4 146.8 150.1 151.7 152.6 153.8 156.9 160.3 163.1 166.2 170.3 175.3 178.7 182.2 184.6 186.8 189.9 192.7 195.8 199.7 202.6 204.7 211.6 220.1 225.0 229.3 233.0 236.9 239.4 -1.0 -1.0 -1.0 -1.0 -1.0 -1.0 -1.0 -1.0 249.1 249.1 250.0 251.1 252.0 253.3 255.7 258.3 260.7 263.0 264.8 266.6 268.5 271.0 -1.0 -1.0 -1.0 -1.0 -1.0 -1.0 -1.0 -1.0 -1.0 -1.0 -1.0 -1.0 -1.0 -1.0 -1.0 -1.0 -1.0 -1.0 -1.0 -1.0 -1.0 -1.0 -1.0 -1.0 -1.0 -1.0 -1.0 -1.0 -1.0 -1.0 -1.0 -1.0 -1.0
149.9 153.1 155.8 157.2 158.7 160.7 162.1 164.1 166.9 170.3 173.6 177.3 180.9 184.7 188.2 192.0 196.2 199.5 201.9 204.7 207.5 209.3 216.6 224.0 229.0 232.5 235.4 236.1 -1.0 -1.0 -1.0 -1.0 -1.0 -1.0 -1.0 -1.0 -1.0 -1.0 251.1 251.8 252.7 253.3 255.5 258.6 260.9 262.9 264.5 265.5 -1.0 -1.0 -1.0 -1.0 -1.0 -1.0 -1.0 -1.0 -1.0 -1.0 -1.0 -1.0 -1.0 -1.0 -1.0 -1.0 -1.0 -1.0 -1.0 -1.0 -1.0 -1.0 -1.0 -1.0 -1.0 -1.0 -1.0 -1.0 -1.0 -1.0 -1.0 -1.0 -1.0 -1.0 -1.0 -1.0
155.4 158.0 160.8 164.0 166.5 168.7 170.1 170.2 172.0 174.9 177.5 181.0 184.5 188.1 192.1 195.8 200.1 203.5 206.4 211.0 213.6 215.6 219.4 225.6 231.1 234.8 -1.0 -1.0 -1.0 -1.0 -1.0 -1.0 -1.0 -1.0 -1.0 -1.0 -1.0 -1.0 -1.0 253.0 254.2 255.3 258.4 261.6 263.0 263.7 -1.0 -1.0 -1.0 -1.0 -1.0 -1.0 -1.0 -1.0 -1.0 -1.0 -1.0 -1.0 -1.0 -1.0 -1.0 -1.0 -1.0 -1.0 -1.0 -1.0 -1.0 -1.0 -1.0 -1.0 -1.0 -1.0 -1.0 -1.0 -1.0 -1.0 -1.0 -1.0 -1.0 -1.0 -1.0 -1.0 -1.0 -1.0
160.2 163.0 165.9 169.4 172.3 175.3 177.3 177.6 179.0 181.0 184.1 187.0 190.0 193.4 198.0 202.8 207.5 211.1 215.0 218.3 219.4 220.1 223.8 229.7 232.4 -1.0 -1.0 -1.0 -1.0 -1.0 -1.0 -1.0 -1.0 -1.0 -1.0 -1.0 -1.0 -1.0 -1.0 -1.0 256.4 257.7 260.4 262.7 -1.0 -1.0 -1.0 -1.0 -1.0 -1.0 -1.0 -1.0 -1.0 -1.0 -1.0 -1.0 -1.0 -1.0 -1.0 -1.0 -1.0 -1.0 -1.0 -1.0 -1.0 -1.0 -1.0 -1.0 -1.0 -1.0 -1.0 -1.0 -1.0 -1.0 -1.0 -1.0 -1.0 -1.0 -1.0 -1.0 -1.0 -1.0 -1.0 -1.0
165.1 168.1 171.3 174.3 177.1 179.6 182.2 184.5 186.3 188.2 191.7 194.4 196.8 200.0 205.7 211.0 216.2 221.3 224.2 224.4 223.3 225.7 227.8 -1.0 -1.0 -1.0 -1.0 -1.0 -1.0 -1.0 -1.0 -1.0 -1.0 -1.0 -1.0 -1.0 -1.0 -1.0 -1.0 -1.0 -1.0 -1.0 -1.0 -1.0 -1.0 -1.0 -1.0 -1.0 -1.0 -1.0 -1.0 -1.0 -1.0 -1.0 -1.0 -1.0 -1.0 -1.0 -1.0 -1.0 -1.0 -1.0 -1.0 -1.0 -1.0 -1.0 -1.0 -1.0 -1.0 -1.0 -1.0 -1.0 -1.0 -1.0 -1.0 -1.0 -1.0 -1.0 -1.0 -1.0 -1.0 -1.0 -1.0 -1.0
-1.0 173.6 176.9 180.1 183.1 186.2 189.1 191.2 193.2 196.3 199.7 202.8 205.7 208.6 213.9 218.4 223.0 -1.0 -1.0 -1.0 -1.0 -1.0 -1.0 -1.0 -1.0 -1.0 -1.0 -1.0 -1.0 -1.0 -1.0 -1.0 -1.0 -1.0 -1.0 -1.0 -1.0 -1.0 -1.0 -1.0 -1.0 -1.0 -1.0 -1.0 -1.0 -1.0 -1.0 -1.0 -1.0 -1.0 -1.0 -1.0 -1.0 -1.0 -1.0 -1.0 -1.0 -1.0 -1.0 -1.0 -1.0 -1.0 -1.0 -1.0 -1.0 -1.0 -1.0 -1.0 -1.0 -1.0 -1.0 -1.0 -1.0 -1.0 -1.0 -1.0 -1.0 -1.0 -1.0 -1.0 -1.0 -1.0 -1.0 -1.0
-1.0 181.3 185.0 188.6 192.1 195.2 197.5 198.8 200.4 203.4 205.7 208.8 211.8 214.1 -1.0 -1.0 -1.0 -1.0 -1.0 -1.0 -1.0 -1.0 -1.0 -1.0 -1.0 -1.0 -1.0 -1.0 -1.0 -1.0 -1.0 -1.0 -1.0 -1.0 -1.0 -1.0 -1.0 -1.0 -1.0 -1.0 -1.0 -1.0 -1.0 -1.0 -1.0 -1.0 -1.0 -1.0 -1.0 -1.0 -1.0 -1.0 -1.0 -1.0 -1.0 -1.0 -1.0 -1.0 -1.0 -1.0 -1.0 -1.0 -1.0 -1.0 -1.0 -1.0 -1.0 -1.0 -1.0 -1.0 -1.0 -1.0 -1.0 -1.0 -1.0 -1.0 -1.0 -1.0 -1.0 -1.0 -1.0 -1.0 -1.0 -1.0
-1.0 190.8 195.3 199.6 203.5 206.5 207.6 207.4 208.4 209.0 209.8 -1.0 -1.0 -1.0 -1.0 -1.0 -1.0 -1.0 -1.0 -1.0 -1.0 -1.0 -1.0 -1.0 -1.0 -1.0 -1.0 -1.0 -1.0 -1.0 -1.0 -1.0 -1.0 -1.0 -1.0 -1.0 -1.0 -1.0 -1.0 -1.0 -1.0 -1.0 -1.0 -1.0 -1.0 -1.0 -1.0 -1.0 -1.0 -1.0 -1.0 -1.0 -1.0 -1.0 -1.0 -1.0 -1.0 -1.0 -1.0 -1.0 -1.0 -1.0 -1.0 -1.0 -1.0 -1.0 -1.0 -1.0 -1.0 -1.0 -1.0 -1.0 -1.0 -1.0 -1.0 -1.0 -1.0 -1.0 -1.0 -1.0 -1.0 -1.0 -1.0 -1.0
-1.0 -1.0 204.9 207.5 209.3 -1.0 -1.0 -1.0 -1.0 -1.0 -1.0 -1.0 -1.0 -1.0 -1.0 -1.0 -1.0 -1.0 -1.0 -1.0 -1.0 -1.0 -1.0 -1.0 -1.0 -1.0 -1.0 -1.0 -1.0 -1.0 -1.0 -1.0 -1.0 -1.0 -1.0 -1.0 -1.0 -1.0 -1.0 -1.0 -1.0 -1.0 -1.0 -1.0 -1.0 -1.0 -1.0 -1.0 -1.0 -1.0 -1.0 -1.0 -1.0 -1.0 -1.0 -1.0 -1.0 -1.0 -1.0 -1.0 -1.0 -1.0 -1.0 -1.0 -1.0 -1.0 -1.0 -1.0 -1.0 -1.0 -1.0 -1.0 -1.0 -1.0 -1.0 -1.0 -1.0 -1.0 -1.0 -1.0 -1.0 -1.0 -1.0 -1.0
-1.0 -1.0 -1.0 -1.0 -1.0 -1.0 -1.0 -1.0 -1.0 -1.0 -1.0 -1.0 -1.0 -1.0 -1.0 -1.0 -1.0 -1.0 -1.0 -1.0 -1.0 -1.0 -1.0 -1.0 -1.0 -1.0 -1.0 -1.0 -1.0 -1.0 -1.0 -1.0 -1.0 -1.0 -1.0 -1.0 -1.0 -1.0 -1.0 -1.0 -1.0 -1.0 -1.0 -1.0 -1.0 -1.0 -1.0 -1.0 -1.0 -1.0 -1.0 -1.0 -1.0 -1.0 -1.0 -1.0 -1.0 -1.0 -1.0 -1.0 -1.0 -1.0 -1.0 -1.0 -1.0 -1.0 -1.0 -1.0 -1.0 -1.0 -1.0 -1.0 -1.0 -1.0 -1.0 -1.0 -1.0 -1.0 -1.0 -1.0 -1.0 -1.0 -1.0 -1.0
-1.0 -1.0 -1.0 -1.0 -1.0 -1.0 -1.0 -1.0 -1.0 -1.0 -1.0 -1.0 -1.0 -1.0 -1.0 -1.0 -1.0 -1.0 -1.0 -1.0 -1.0 -1.0 -1.0 -1.0 -1.0 -1.0 -1.0 -1.0 -1.0 -1.0 -1.0 -1.0 -1.0 -1.0 -1.0 -1.0 -1.0 -1.0 -1.0 -1.0 -1.0 -1.0 -1.0 -1.0 -1.0 -1.0 -1.0 -1.0 -1.0 -1.0 -1.0 -1.0 -1.0 -1.0 -1.0 -1.0 -1.0 -1.0 -1.0 -1.0 -1.0 -1.0 -1.0 -1.0 -1.0 -1.0 -1.0 -1.0 -1.0 -1.0 -1.0 -1.0 -1.0 -1.0 -1.0 -1.0 -1.0 -1.0 -1.0 -1.0 -1.0 -1.0 -1.0 -1.0
-1.0 -1.0 -1.0 -1.0 -1.0 -1.0 -1.0 -1.0 -1.0 -1.0 -1.0 -1.0 -1.0 -1.0 -1.0 -1.0 -1.0 -1.0 -1.0 -1.0 -1.0 -1.0 -1.0 -1.0 -1.0 -1.0 -1.0 -1.0 -1.0 -1.0 -1.0 -1.0 -1.0 -1.0 -1.0 -1.0 -1.0 -1.0 -1.0 -1.0 -1.0 -1.0 -1.0 -1.0 -1.0 -1.0 -1.0 -1.0 -1.0 -1.0 -1.0 -1.0 -1.0 -1.0 -1.0 -1.0 -1.0 -1.0 -1.0 -1.0 -1.0 -1.0 -1.0 -1.0 -1.0 -1.0 -1.0 -1.0 -1.0 -1.0 -1.0 -1.0 -1.0 -1.0 -1.0 -1.0 -1.0 -1.0 -1.0 -1.0 -1.0 -1.0 -1.0 -1.0
-1.0 -1.0 -1.0 -1.0 -1.0 -1.0 -1.0 -1.0 -1.0 -1.0 -1.0 -1.0 -1.0 -1.0 -1.0 -1.0 -1.0 -1.0 -1.0 -1.0 -1.0 -1.0 -1.0 -1.0 -1.0 -1.0 -1.0 -1.0 -1.0 -1.0 -1.0 -1.0 -1.0 -1.0 -1.0 -1.0 -1.0 -1.0 -1.0 -1.0 -1.0 -1.0 -1.0 -1.0 -1.0 -1.0 -1.0 -1.0 -1.0 -1.0 -1.0 -1.0 -1.0 -1.0 -1.0 -1.0 -1.0 -1.0 -1.0 -1.0 -1.0 -1.0 -1.0 -1.0 -1.0 -1.0 -1.0 -1.0 -1.0 -1.0 -1.0 -1.0 -1.0 -1.0 -1.0 -1.0 -1.0 -1.0 -1.0 -1.0 -1.0 -1.0 -1.0 -1.0
-1.0 -1.0 -1.0 -1.0 -1.0 -1.0 -1.0 -1.0 -1.0 -1.0 -1.0 -1.0 -1.0 -1.0 -1.0 -1.0 -1.0 -1.0 -1.0 -1.0 -1.0 -1.0 -1.0 -1.0 -1.0 -1.0 -1.0 -1.0 -1.0 -1.0 -1.0 -1.0 -1.0 -1.0 -1.0 -1.0 -1.0 -1.0 -1.0 -1.0 -1.0 -1.0 -1.0 -1.0 -1.0 -1.0 -1.0 -1.0 -1.0 -1.0 -1.0 -1.0 -1.0 -1.0 -1.0 -1.0 -1.0 -1.0 -1.0 -1.0 -1.0 -1.0 -1.0 -1.0 -1.0 -1.0 -1.0 -1.0 -1.0 -1.0 -1.0 -1.0 -1.0 -1.0 -1.0 -1.0 -1.0 -1.0 -1.0 -1.0 -1.0 -1.0 -1.0 -1.0
