tests/fixtures/watershed_abstraction/mdobre-scarce-belch/dem/topaz/FVSLOP.ARC
ncols   274
nrows   267
xllcorner  568331
yllcorner 5029449
cellsize   30.00
nodata_value    -1.0
[rows 203 to 231 of 267, columns 67 to 133 of 274]
0.27333 0.27667 0.28333 0.29000 0.30000 0.29333 0.29667 0.30667 0.28000 0.24333 0.17667 0.15000 0.15333 0.15000 0.14000 0.14333 0.15333 0.13667 0.11667 0.09333 0.05333 0.03536 0.02121 0.05667 0.09333 0.09899 0.15321 0.14849 0.08667 0.08333 0.09899 0.08667 0.08000 0.08000 0.09000 0.09333 0.09333 0.09667 0.06667 0.06333 0.06600 0.11333 0.24000 0.29667 0.23333 0.18149 0.17913 0.19563 0.20333 0.21000 0.21667 0.21000 0.17333 0.14849 0.18620 0.20000 0.14000 0.12667 0.11000 0.09192 0.08667 0.09000 0.09333 0.07333 0.07000 0.12492 0.16263
0.30667 0.31000 0.29667 0.29000 0.28000 0.27000 0.26000 0.23667 0.21333 0.18333 0.17000 0.14333 0.12000 0.13333 0.12667 0.12333 0.12492 0.12021 0.11667 0.05185 0.03064 0.03000 0.02333 0.09333 0.13667 0.10371 0.09428 0.07333 0.07000 0.07307 0.06128 0.07667 0.07667 0.07542 0.08485 0.08667 0.08667 0.06667 0.06128 0.05185 0.07071 0.17667 0.25333 0.21000 0.17667 0.17678 0.17333 0.20333 0.21000 0.21667 0.20333 0.15085 0.12728 0.13199 0.28333 0.20333 0.14000 0.12333 0.11000 0.07333 0.07667 0.08000 0.07667 0.08000 0.10842 0.16499 0.17442
0.27333 0.27333 0.25000 0.21333 0.18333 0.17667 0.16000 0.15000 0.15667 0.14000 0.12667 0.12728 0.11667 0.11000 0.11000 0.11000 0.11549 0.11000 0.04007 0.02828 0.04000 0.03000 0.04000 0.10667 0.11000 0.05893 0.07000 0.07333 0.06128 0.07778 0.05421 0.06835 0.07667 0.08957 0.09192 0.08667 0.06000 0.04714 0.04714 0.04950 0.09667 0.22667 0.19667 0.15321 0.16735 0.16028 0.14614 0.15667 0.16000 0.14667 0.13199 0.12021 0.11000 0.20000 0.29000 0.20000 0.13333 0.12333 0.10667 0.07000 0.06667 0.07071 0.07778 0.09333 0.13671 0.17913 0.18149
0.16333 0.15667 0.16000 0.15000 0.14667 0.12667 0.11667 0.11333 0.10333 0.10607 0.10371 0.11078 0.10000 0.11000 0.11000 0.09667 0.10842 0.09667 0.09899 0.08721 0.03536 0.02000 0.04714 0.09667 0.09000 0.04333 0.03667 0.03333 0.05421 0.08957 0.08333 0.08957 0.10607 0.12333 0.12333 0.09667 0.07000 0.06835 0.02121 0.08000 0.14667 0.16667 0.13000 0.11785 0.11000 0.10371 0.10607 0.11000 0.11314 0.11785 0.10607 0.12667 0.20000 0.27333 0.24984 0.16333 0.12667 0.11000 0.08667 0.07307 0.07778 0.08014 0.08000 0.10135 0.15321 0.18620 0.20977
0.12667 0.11667 0.12333 0.12333 0.11000 0.10667 0.10000 0.09000 0.08957 0.09192 0.08957 0.08667 0.11333 0.12000 0.12000 0.11000 0.11000 0.08000 0.12257 0.10842 0.03536 0.00333 0.04000 0.10000 0.09333 0.07000 0.08333 0.07333 0.07778 0.11000 0.11667 0.10371 0.10607 0.09428 0.08667 0.05185 0.03064 0.08667 0.08667 0.08485 0.09428 0.13667 0.11667 0.12333 0.09333 0.07071 0.06835 0.07667 0.08957 0.10371 0.14667 0.22000 0.24000 0.22392 0.18149 0.17442 0.14614 0.12257 0.10135 0.08250 0.08333 0.08721 0.07542 0.10842 0.16499 0.19799 0.23099
0.09000 0.08000 0.07000 0.06333 0.07333 0.09000 0.08667 0.08721 0.08014 0.08014 0.09428 0.12667 0.14000 0.15000 0.14000 0.14333 0.13333 0.08014 0.11333 0.13000 0.06000 0.01667 0.06667 0.09192 0.11333 0.12667 0.11000 0.08957 0.08250 0.08000 0.10333 0.11333 0.11333 0.09333 0.03771 0.05667 0.09000 0.12000 0.12492 0.09899 0.09899 0.09192 0.10667 0.11667 0.08957 0.08333 0.08667 0.07778 0.08721 0.15667 0.20667 0.18667 0.17913 0.19799 0.21920 0.20977 0.16499 0.13906 0.10842 0.08721 0.07778 0.08485 0.08485 0.11549 0.17678 0.21449 0.24042
0.05333 0.05000 0.03771 0.02357 0.04333 0.07000 0.06600 0.08721 0.10333 0.12000 0.13333 0.13667 0.14000 0.14000 0.15000 0.14333 0.08485 0.08957 0.18333 0.15667 0.06600 0.03000 0.06667 0.09333 0.09000 0.10000 0.08333 0.09192 0.08250 0.09667 0.09667 0.10000 0.07667 0.05333 0.06835 0.13000 0.11549 0.13435 0.11314 0.07071 0.05185 0.05185 0.10000 0.10371 0.09192 0.07307 0.06667 0.09428 0.12000 0.17000 0.15321 0.16028 0.17442 0.18856 0.23570 0.24749 0.17678 0.14614 0.10842 0.08721 0.06600 0.05893 0.07000 0.12021 0.17678 0.22156 0.21449
0.07333 0.06333 0.06600 0.06364 0.06667 0.07000 0.08000 0.10667 0.11000 0.10667 0.11000 0.11000 0.10667 0.13333 0.12667 0.09428 0.08250 0.14667 0.17333 0.13333 0.07667 0.07667 0.09000 0.10333 0.08000 0.05333 0.04950 0.07000 0.07778 0.09333 0.10000 0.09333 0.08000 0.04478 0.12667 0.13000 0.08333 0.11333 0.07667 0.05000 0.05667 0.07071 0.10842 0.10842 0.10333 0.10135 0.08485 0.09899 0.12333 0.13906 0.15085 0.13435 0.14378 0.14142 0.18620 0.26163 0.20742 0.13906 0.10842 0.09192 0.06600 0.04950 0.08721 0.12964 0.19563 0.24277 0.20035
0.10000 0.10000 0.11000 0.12667 0.12333 0.10333 0.09667 0.08667 0.08250 0.07778 0.09000 0.10000 0.11667 0.10667 0.08014 0.08721 0.16000 0.10667 0.14000 0.12021 0.09667 0.08000 0.08333 0.08000 0.05333 0.03333 0.05000 0.07667 0.10000 0.09000 0.07667 0.07000 0.04478 0.07000 0.13000 0.11000 0.09000 0.09667 0.06000 0.05000 0.04333 0.05185 0.08667 0.08014 0.05893 0.05893 0.08250 0.10842 0.12257 0.13435 0.15085 0.15321 0.14614 0.12728 0.13199 0.23333 0.22000 0.12000 0.09192 0.09428 0.07307 0.06128 0.11785 0.16971 0.22392 0.24749 0.17678
0.12000 0.13000 0.15000 0.14667 0.10000 0.07071 0.06364 0.05657 0.06364 0.08333 0.12000 0.14333 0.11667 0.05893 0.07778 0.13000 0.13667 0.09899 0.11785 0.11314 0.09333 0.07667 0.06000 0.05333 0.05667 0.06000 0.06333 0.07000 0.08333 0.07333 0.05667 0.03064 0.05333 0.09667 0.13333 0.09667 0.08333 0.07333 0.04478 0.03771 0.03300 0.04714 0.06333 0.07000 0.06364 0.05893 0.07542 0.09192 0.09899 0.10842 0.13435 0.15085 0.15556 0.13435 0.13667 0.22667 0.23000 0.12667 0.08721 0.08667 0.07778 0.10371 0.15321 0.20270 0.23099 0.24984 0.13667
0.14000 0.12667 0.12000 0.10000 0.07542 0.05893 0.04950 0.05421 0.11000 0.15667 0.16333 0.13667 0.09192 0.05657 0.13333 0.10333 0.08667 0.08333 0.09192 0.09428 0.08333 0.07000 0.06667 0.06000 0.07000 0.07333 0.07667 0.07333 0.06333 0.06000 0.04243 0.04667 0.08000 0.11333 0.10842 0.09333 0.07667 0.03667 0.03536 0.03536 0.03536 0.05667 0.06000 0.05185 0.05893 0.05657 0.07307 0.07667 0.09192 0.09899 0.11549 0.13667 0.16499 0.15556 0.19000 0.24000 0.16735 0.15792 0.13199 0.11549 0.14333 0.16028 0.19092 0.22392 0.24513 0.23806 0.14667
0.13333 0.10371 0.09428 0.08250 0.08721 0.08721 0.09333 0.12728 0.15000 0.15667 0.12000 0.07542 0.12257 0.13199 0.10371 0.08000 0.06333 0.06667 0.07071 0.07071 0.07000 0.07000 0.06000 0.04950 0.04000 0.04667 0.06000 0.06333 0.04950 0.01886 0.05333 0.08333 0.08000 0.11000 0.11333 0.09000 0.04714 0.03000 0.03300 0.03300 0.04667 0.05333 0.03667 0.04000 0.04478 0.05421 0.08014 0.07778 0.08485 0.10607 0.11667 0.11314 0.16028 0.18000 0.22156 0.22392 0.20506 0.21213 0.21000 0.21000 0.20667 0.22333 0.23333 0.25456 0.26634 0.19333 0.05333
0.12728 0.11785 0.09664 0.10371 0.12333 0.17333 0.18667 0.17333 0.12000 0.05421 0.01179 0.03333 0.11000 0.15667 0.15085 0.11785 0.07542 0.05893 0.06128 0.05185 0.04950 0.04007 0.04007 0.04243 0.03333 0.04667 0.05000 0.03064 0.05000 0.06000 0.05657 0.07333 0.08333 0.10000 0.11333 0.06667 0.03771 0.03300 0.03771 0.03536 0.05000 0.05333 0.04333 0.03536 0.03536 0.04714 0.07071 0.05657 0.05667 0.10667 0.10607 0.11314 0.16000 0.16499 0.21920 0.24984 0.22863 0.23667 0.26000 0.26333 0.26000 0.27667 0.26333 0.28284 0.25667 0.14333 0.08957
0.20270 0.15792 0.12964 0.14667 0.18667 0.17000 0.13199 0.08957 0.02357 0.06000 0.09000 0.09000 0.07071 0.07000 0.12333 0.13199 0.12021 0.07778 0.06128 0.04714 0.04714 0.04007 0.05667 0.08000 0.08000 0.06000 0.03064 0.04478 0.08667 0.06667 0.05185 0.06667 0.08333 0.09667 0.08667 0.05893 0.04007 0.03771 0.03771 0.03771 0.04714 0.05667 0.03771 0.03064 0.02828 0.03667 0.06667 0.05667 0.07000 0.07778 0.10371 0.11549 0.14849 0.15085 0.17913 0.22627 0.24667 0.25667 0.25667 0.27667 0.29000 0.28667 0.28667 0.28000 0.20000 0.10135 0.12000
0.17913 0.17913 0.15792 0.17333 0.13667 0.09899 0.07333 0.08333 0.08000 0.14333 0.18620 0.19000 0.16333 0.08250 0.04007 0.09000 0.10842 0.10842 0.08721 0.07071 0.07000 0.07667 0.07667 0.07333 0.05893 0.04007 0.02593 0.06333 0.09000 0.06667 0.05333 0.07000 0.07667 0.07667 0.06128 0.05657 0.04007 0.03771 0.03333 0.03771 0.04478 0.06333 0.03333 0.03300 0.03300 0.06333 0.05000 0.05421 0.06364 0.07071 0.09192 0.09899 0.11785 0.13435 0.16667 0.23667 0.25000 0.26333 0.29000 0.31333 0.30333 0.28667 0.27000 0.18667 0.09664 0.13199 0.23333
0.08333 0.08667 0.08721 0.06364 0.04950 0.14333 0.18000 0.16028 0.18385 0.20977 0.17913 0.12964 0.15667 0.16333 0.08000 0.02828 0.07000 0.08000 0.08485 0.08014 0.07542 0.06364 0.04007 0.01650 0.03333 0.03333 0.04667 0.07333 0.06667 0.06333 0.05333 0.07333 0.07000 0.06000 0.05000 0.04667 0.03667 0.04000 0.02667 0.03333 0.05333 0.06000 0.02333 0.02667 0.04333 0.05333 0.04000 0.05185 0.06128 0.06600 0.08000 0.07333 0.08014 0.11667 0.16333 0.17000 0.19333 0.20333 0.16499 0.14000 0.16667 0.18000 0.13000 0.08721 0.07778 0.28333 0.27333
0.05657 0.03333 0.05333 0.03667 0.09667 0.25333 0.21685 0.16499 0.15556 0.14378 0.12964 0.09428 0.07778 0.13199 0.14333 0.09667 0.04243 0.02333 0.04000 0.03333 0.03333 0.03000 0.04000 0.06667 0.07071 0.07307 0.07778 0.08250 0.07542 0.07307 0.06600 0.07307 0.05893 0.04333 0.05000 0.04000 0.04333 0.03667 0.04333 0.06000 0.06364 0.04007 0.01667 0.02667 0.04000 0.04333 0.02593 0.03300 0.04333 0.06333 0.08333 0.07333 0.09667 0.11667 0.11000 0.10000 0.09899 0.11667 0.15667 0.18000 0.21333 0.17667 0.12492 0.08721 0.15000 0.28000 0.20333
0.22667 0.12667 0.12021 0.12667 0.16263 0.23099 0.15556 0.12333 0.12257 0.12257 0.11549 0.08250 0.06000 0.07542 0.12964 0.14333 0.12000 0.07000 0.05657 0.04714 0.05185 0.07071 0.09192 0.11078 0.09428 0.07778 0.06600 0.06364 0.07071 0.08014 0.07307 0.07071 0.05657 0.03771 0.03667 0.04000 0.04333 0.04667 0.07333 0.07307 0.04950 0.01179 0.01000 0.03667 0.03333 0.02667 0.01333 0.03000 0.04333 0.06333 0.06835 0.07000 0.08000 0.05667 0.04714 0.05421 0.07333 0.11667 0.19333 0.22667 0.12964 0.03771 0.12667 0.17333 0.18000 0.20000 0.12667
0.21333 0.30333 0.27667 0.24000 0.16971 0.14614 0.16667 0.14333 0.11785 0.10371 0.09192 0.06128 0.04333 0.04333 0.07307 0.10842 0.14333 0.15667 0.15333 0.15333 0.14667 0.13906 0.12021 0.09428 0.06128 0.04714 0.03771 0.04714 0.06600 0.07667 0.05893 0.05421 0.04714 0.03064 0.03300 0.04000 0.03667 0.05000 0.07333 0.05667 0.02828 0.02121 0.02667 0.03536 0.02357 0.03000 0.02000 0.02121 0.03333 0.05000 0.07000 0.06667 0.04950 0.04243 0.04007 0.05000 0.10135 0.13435 0.15333 0.08250 0.12333 0.12667 0.15321 0.16735 0.14849 0.13199 0.14667
0.14333 0.16333 0.18667 0.20333 0.20000 0.13906 0.15321 0.13333 0.10000 0.07333 0.07000 0.04667 0.03333 0.02333 0.04000 0.06000 0.07667 0.10333 0.13667 0.14333 0.12333 0.09899 0.08014 0.06667 0.06000 0.04950 0.04478 0.05657 0.07778 0.07778 0.05421 0.04950 0.04243 0.02828 0.03771 0.04478 0.04243 0.04714 0.06333 0.03333 0.02357 0.03300 0.04667 0.03064 0.01414 0.02828 0.02828 0.04000 0.05333 0.05000 0.05333 0.05185 0.05421 0.05333 0.07000 0.08957 0.14849 0.14333 0.05893 0.13000 0.13667 0.10000 0.12333 0.13333 0.13199 0.17333 0.17000
0.13333 0.13333 0.14667 0.16667 0.17000 0.16667 0.13671 0.12728 0.08721 0.06333 0.05000 0.04667 0.03667 0.03667 0.03000 0.03000 0.05000 0.08000 0.10333 0.10000 0.08333 0.07333 0.07333 0.07000 0.05667 0.06333 0.06000 0.07307 0.08485 0.06600 0.04478 0.04714 0.04007 0.02828 0.04243 0.04478 0.04478 0.05185 0.04714 0.01667 0.02121 0.05000 0.04667 0.02828 0.01650 0.02357 0.02357 0.03333 0.04000 0.04000 0.03667 0.04478 0.05333 0.06667 0.09192 0.14849 0.16667 0.08333 0.09428 0.19333 0.09333 0.10000 0.11667 0.08333 0.08667 0.11333 0.11667
0.13000 0.13667 0.13667 0.11333 0.12333 0.13000 0.13000 0.12964 0.10371 0.07778 0.05893 0.05185 0.04714 0.04007 0.03536 0.03771 0.04478 0.07071 0.08250 0.05185 0.04000 0.04333 0.04714 0.04667 0.04667 0.05333 0.06667 0.08014 0.07778 0.05657 0.04478 0.04950 0.03536 0.02593 0.03536 0.03667 0.04333 0.04667 0.02357 0.02000 0.02357 0.05185 0.04714 0.04000 0.03536 0.02593 0.02121 0.01667 0.02000 0.03000 0.03333 0.04007 0.06128 0.10371 0.15556 0.17667 0.11667 0.07542 0.18667 0.12257 0.09664 0.10667 0.10667 0.08250 0.07333 0.05333 0.06600
0.11000 0.11314 0.10371 0.09667 0.09333 0.10000 0.09667 0.09899 0.08250 0.07542 0.07307 0.07778 0.06835 0.05421 0.04950 0.04478 0.04714 0.05893 0.04478 0.01667 0.00943 0.01414 0.02667 0.02121 0.03667 0.04478 0.05893 0.07542 0.06600 0.04950 0.04243 0.04714 0.03300 0.03064 0.03064 0.02667 0.04667 0.03333 0.02121 0.02000 0.02121 0.04478 0.04478 0.03667 0.05185 0.04243 0.04000 0.03333 0.03333 0.03667 0.04667 0.05000 0.09428 0.14142 0.15556 0.13333 0.08250 0.14667 0.14333 0.07071 0.09333 0.11333 0.10333 0.07307 0.07000 0.06364 0.06600
0.09333 0.09899 0.08485 0.07667 0.07333 0.08000 0.06667 0.06835 0.06364 0.07333 0.07542 0.07307 0.05893 0.05000 0.04714 0.04950 0.04714 0.04714 0.02593 0.01000 0.01000 0.02000 0.02000 0.03000 0.03667 0.05421 0.07778 0.08014 0.06128 0.04667 0.03333 0.04007 0.03771 0.04007 0.04007 0.03300 0.03300 0.01667 0.01179 0.00943 0.01000 0.03333 0.03000 0.03667 0.06000 0.07000 0.07000 0.06000 0.04667 0.05333 0.05333 0.07307 0.13906 0.16971 0.14000 0.09000 0.15792 0.16333 0.08014 0.06835 0.09333 0.11333 0.09428 0.07333 0.07000 0.07542 0.10000
0.07071 0.08250 0.07667 0.08000 0.07667 0.07333 0.06667 0.05421 0.05657 0.06128 0.05893 0.05421 0.04714 0.05000 0.05333 0.04714 0.04243 0.04007 0.02357 0.01414 0.01886 0.02357 0.02593 0.03771 0.04950 0.07307 0.08957 0.07307 0.05185 0.04667 0.04333 0.04478 0.04478 0.05421 0.05421 0.04333 0.02357 0.00707 0.00667 0.01000 0.01333 0.02333 0.03300 0.05000 0.08333 0.09000 0.07333 0.06667 0.06667 0.07000 0.08000 0.11549 0.17678 0.16971 0.12667 0.07071 0.22667 0.14000 0.06835 0.07307 0.09428 0.11549 0.10135 0.08667 0.06835 0.11078 0.12021
0.08485 0.08957 0.07778 0.06667 0.07333 0.07333 0.06000 0.04667 0.04950 0.04950 0.04007 0.03064 0.03064 0.03536 0.03771 0.03333 0.03771 0.03300 0.03333 0.03667 0.03771 0.04007 0.04478 0.05657 0.07307 0.09664 0.09428 0.06600 0.05333 0.04667 0.06000 0.06000 0.06667 0.07071 0.05421 0.03333 0.02000 0.01667 0.01414 0.01414 0.01179 0.04714 0.06835 0.08000 0.08333 0.08333 0.06667 0.06667 0.07333 0.08957 0.11667 0.15792 0.19563 0.15333 0.04007 0.09333 0.26000 0.08333 0.07542 0.08721 0.09899 0.11314 0.10135 0.08333 0.08250 0.12492 0.13199
0.12021 0.09899 0.08250 0.05667 0.05000 0.04000 0.04333 0.04333 0.03300 0.03064 0.01886 0.03000 0.03333 0.03000 0.02667 0.02357 0.02593 0.02121 0.02593 0.03064 0.04007 0.04714 0.05667 0.07071 0.09192 0.10371 0.09664 0.07667 0.08000 0.08333 0.07667 0.07000 0.06600 0.05421 0.02828 0.03064 0.02667 0.02333 0.01333 0.00707 0.03064 0.06835 0.08957 0.08000 0.08333 0.07667 0.07333 0.07333 0.08000 0.11314 0.14378 0.19092 0.18000 0.06000 0.06128 0.21667 0.17913 0.07000 0.07778 0.08957 0.10607 0.11785 0.10135 0.08014 0.08721 0.11549 0.11785
0.06364 0.04714 0.03300 0.02333 0.02000 0.02667 0.04000 0.04333 0.03667 0.03064 0.01886 0.01886 0.03667 0.03000 0.02333 0.02000 0.02333 0.01650 0.02667 0.03000 0.03536 0.04950 0.06128 0.08250 0.11549 0.12021 0.11549 0.09667 0.10000 0.09667 0.07333 0.04667 0.03300 0.01414 0.01886 0.02828 0.04333 0.03667 0.02333 0.03000 0.04714 0.07542 0.08957 0.06000 0.06333 0.07333 0.08667 0.08667 0.09899 0.14849 0.20270 0.19667 0.11333 0.08250 0.17333 0.17913 0.07542 0.05667 0.07071 0.08250 0.10135 0.11549 0.10135 0.08957 0.08721 0.09428 0.10333
0.07333 0.08000 0.06835 0.04243 0.01667 0.02000 0.02333 0.02000 0.02000 0.02333 0.01667 0.02121 0.02828 0.03000 0.02333 0.01333 0.01667 0.01667 0.02667 0.03667 0.04000 0.06333 0.07000 0.09899 0.12257 0.11314 0.09899 0.07307 0.05000 0.04478 0.03000 0.01333 0.00707 0.00943 0.02000 0.05000 0.05667 0.04714 0.04333 0.05000 0.07000 0.08000 0.08000 0.03064 0.04478 0.06667 0.08333 0.09000 0.11785 0.19092 0.20977 0.15000 0.09664 0.17000 0.17667 0.09428 0.05185 0.05000 0.06000 0.07071 0.08485 0.10842 0.10607 0.10135 0.10135 0.11667 0.14000
