tests/fixtures/watershed_abstraction/mdobre-scarce-belch/dem/topaz/FVSLOP.ARC
ncols   274
nrows   267
xllcorner  568331
yllcorner 5029449
cellsize   30.00
nodata_value    -1.0
[rows 116 to 144 of 267, columns 0 to 66 of 274]
0.20333 0.12333 0.14333 0.09667 0.31584 0.51383 0.51383 0.34333 0.04666 0.00000 0.00000 0.00000 0.02666 0.38000 0.91667 0.69000 0.22392 0.07542 0.06128 0.05000 0.06364 0.05893 0.06128 0.07307 0.04000 0.07000 0.14333 0.17000 0.10667 0.01179 0.01000 0.03333 0.06835 0.09428 0.11078 0.12257 0.13199 0.14142 0.13906 0.10135 0.05333 0.04333 0.02828 0.03333 0.02593 0.06333 0.04478 0.03667 0.06000 0.06667 0.11333 0.29000 0.35591 0.17913 0.03300 0.04243 0.15085 0.18000 0.13667 0.12257 0.11549 0.06667 0.00000 0.09333 0.08721 0.08721 0.10000
0.19667 0.19333 0.19000 0.18000 0.15085 0.31584 0.45726 0.46333 0.13332 0.00000 0.00000 0.00000 0.00332 0.21667 0.93333 0.87000 0.18856 0.08333 0.04478 0.03667 0.07333 0.05185 0.05185 0.04714 0.02333 0.04000 0.11000 0.16333 0.13333 0.03667 0.00667 0.01178 0.04000 0.06667 0.08250 0.08957 0.10371 0.12257 0.13199 0.09428 0.04007 0.06000 0.03064 0.02000 0.05667 0.10000 0.06835 0.06600 0.06128 0.06364 0.11000 0.28667 0.31667 0.15792 0.05000 0.04243 0.04950 0.08250 0.11000 0.14000 0.18149 0.14142 0.14333 0.13199 0.11078 0.08721 0.08485
0.21667 0.24667 0.29000 0.29667 0.26000 0.22392 0.34000 0.47667 0.21333 0.01332 0.00332 0.00332 0.00000 0.13999 0.84000 0.94000 0.24984 0.08333 0.04000 0.03300 0.07000 0.06667 0.05000 0.03536 0.02333 0.04243 0.12000 0.18000 0.15000 0.04000 0.00000 0.00667 0.02333 0.04667 0.04714 0.05185 0.06600 0.09333 0.13000 0.10333 0.04000 0.06000 0.04714 0.03000 0.08667 0.12000 0.04714 0.02828 0.03064 0.05667 0.09000 0.21333 0.31333 0.23099 0.09428 0.05657 0.05000 0.04333 0.07333 0.07778 0.06364 0.07000 0.08333 0.08957 0.09899 0.10371 0.12257
0.28000 0.29667 0.31000 0.33000 0.32333 0.29000 0.25220 0.41000 0.26333 0.02333 0.00333 0.00000 0.00332 0.10000 0.74333 0.95667 0.31333 0.06333 0.05333 0.04000 0.07307 0.06000 0.03667 0.05893 0.03333 0.06667 0.12492 0.13000 0.15333 0.06667 0.00000 0.00667 0.01333 0.03667 0.03667 0.04000 0.05667 0.08667 0.13667 0.12728 0.06364 0.05000 0.06333 0.01000 0.08000 0.13000 0.05185 0.03064 0.02357 0.06000 0.05667 0.14000 0.27000 0.30170 0.14849 0.08667 0.05333 0.04333 0.04000 0.05667 0.06667 0.07542 0.08485 0.10333 0.11549 0.13435 0.16028
0.28000 0.24333 0.20000 0.21000 0.25333 0.27000 0.25000 0.33470 0.22333 0.01333 0.00000 0.00000 0.00333 0.13000 0.75000 0.94000 0.26667 0.04478 0.07071 0.08333 0.11333 0.06128 0.05421 0.09192 0.04478 0.06333 0.11314 0.10371 0.13667 0.06333 0.01000 0.04000 0.04667 0.04243 0.04007 0.03771 0.04667 0.06333 0.10333 0.13333 0.08000 0.04333 0.07778 0.03333 0.06128 0.13000 0.04667 0.03000 0.03000 0.05185 0.05185 0.08014 0.16000 0.31820 0.28284 0.12492 0.06128 0.06835 0.06835 0.07071 0.06835 0.13667 0.29333 0.37667 0.39333 0.43000 0.36000
0.34000 0.29000 0.21667 0.17000 0.16667 0.19000 0.23099 0.26000 0.09666 0.00000 0.00000 0.00000 0.00000 0.13999 0.80000 0.90667 0.22667 0.03333 0.06128 0.12728 0.13667 0.06600 0.04333 0.07333 0.04714 0.04667 0.12021 0.11314 0.12000 0.03667 0.00667 0.04333 0.04333 0.01886 0.02357 0.03771 0.04478 0.05667 0.09000 0.13667 0.08333 0.04333 0.10000 0.02000 0.05333 0.15667 0.05893 0.02828 0.03000 0.04950 0.06000 0.06835 0.08014 0.30333 0.31000 0.14000 0.10000 0.07000 0.06667 0.10135 0.20667 0.26870 0.31348 0.24749 0.20035 0.20035 0.25220
0.19667 0.20667 0.25000 0.19799 0.17000 0.19092 0.21000 0.11999 0.00333 0.00000 0.00000 0.00000 0.00333 0.14000 0.77333 0.86667 0.26667 0.03536 0.07542 0.14142 0.12964 0.05667 0.01667 0.05000 0.07071 0.07071 0.13671 0.11314 0.09000 0.03000 0.01414 0.04000 0.03667 0.01667 0.01886 0.03536 0.05185 0.06333 0.09667 0.13000 0.08000 0.04333 0.12333 0.00943 0.05000 0.16667 0.08485 0.06667 0.04714 0.08000 0.06600 0.06835 0.04000 0.26000 0.42000 0.24277 0.08957 0.05893 0.12667 0.18333 0.23335 0.23099 0.24984 0.22392 0.20035 0.20977 0.18385
-1.00000 0.00000 0.01667 0.10666 0.13333 0.10666 0.02333 0.00000 0.00000 0.00000 0.00000 0.00000 0.00999 0.24667 0.85667 0.72000 0.19333 0.04714 0.10607 0.15556 0.13435 0.07667 0.06835 0.07071 0.13000 0.10607 0.10842 0.08721 0.06000 0.01333 0.02357 0.04333 0.02667 0.01333 0.01000 0.02667 0.06000 0.07333 0.10333 0.12000 0.07000 0.03000 0.12667 0.05185 0.06000 0.16000 0.10607 0.07667 0.08000 0.05657 0.04007 0.08333 0.09667 0.13333 0.36667 0.28667 0.16263 0.10135 0.20667 0.16263 0.28667 0.28520 0.32291 0.26634 0.23099 0.19563 0.14378
-1.00000 0.00000 0.00000 0.00000 0.00000 0.00000 0.00000 0.00000 0.00000 0.00000 0.00000 0.00333 0.02667 0.42000 0.83333 0.56333 0.15085 0.08721 0.15556 0.17442 0.16971 0.13333 0.15667 0.15556 0.15667 0.10667 0.06835 0.06364 0.03333 0.00000 0.03333 0.04000 0.02667 0.02593 0.03064 0.05000 0.05421 0.06333 0.10333 0.10333 0.06835 0.05657 0.14849 0.10371 0.07000 0.14378 0.12728 0.08957 0.04478 0.05333 0.09000 0.09667 0.23333 0.30170 0.18856 0.24667 0.18000 0.18333 0.19667 0.21333 0.37333 0.27577 0.19563 0.13435 0.15556 0.16263 0.18667
-1.00000 0.00000 0.00000 0.00000 0.00000 0.00000 0.00000 0.00000 0.00000 0.00000 0.00000 0.00000 0.11333 0.61000 0.68333 0.37333 0.22863 0.18333 0.19799 0.20270 0.20506 0.16000 0.13199 0.16028 0.11000 0.13333 0.08667 0.05667 0.02000 0.00943 0.04333 0.02593 0.03000 0.03300 0.04243 0.05667 0.06364 0.07307 0.10135 0.12667 0.13000 0.12000 0.16971 0.09667 0.01886 0.08333 0.07333 0.08000 0.09000 0.08667 0.08721 0.12333 0.33333 0.33705 0.19333 0.12728 0.31000 0.27333 0.24513 0.29698 0.31113 0.11314 0.14000 0.22667 0.16499 0.16499 0.20977
-1.00000 0.00000 0.00000 0.00000 0.00000 0.00000 0.00000 0.00000 0.00000 0.00000 0.00333 0.01999 0.29000 0.59667 0.46667 0.24000 0.31333 0.31667 0.25667 0.21213 0.16667 0.09667 0.11314 0.14667 0.12333 0.20333 0.15667 0.04667 0.01667 0.02357 0.03000 0.03064 0.02121 0.02593 0.03667 0.03667 0.07000 0.12667 0.16667 0.18000 0.18000 0.16333 0.13000 0.03064 0.06000 0.10000 0.10371 0.11785 0.10842 0.07778 0.05185 0.17667 0.37000 0.27667 0.14333 0.10333 0.20742 0.34333 0.25000 0.22156 0.17913 0.14667 0.15667 0.21000 0.20333 0.20035 0.23570
-1.00000 0.00000 0.00000 0.00000 0.00000 0.00333 0.00333 0.00333 0.00333 0.00333 0.00235 0.07667 0.39333 0.48667 0.31333 0.16333 0.21333 0.23667 0.22000 0.20000 0.14000 0.07667 0.14849 0.16971 0.18856 0.20333 0.20667 0.04714 0.02333 0.02828 0.01414 0.03667 0.06000 0.07333 0.08667 0.07778 0.07000 0.04243 0.01650 0.02667 0.03333 0.05333 0.00000 0.05000 0.11667 0.13199 0.11785 0.09192 0.05657 0.02828 0.07667 0.22000 0.40000 0.21685 0.08957 0.18667 0.24042 0.28520 0.19333 0.12333 0.25333 0.23667 0.21685 0.22627 0.20506 0.19799 0.19092
-1.00000 0.00333 0.00333 0.00333 0.00000 0.00333 0.00000 0.00333 0.00000 0.00000 0.00000 0.11000 0.39667 0.42000 0.25333 0.10667 0.11333 0.14333 0.12333 0.08667 0.07333 0.09000 0.16000 0.19328 0.20506 0.17206 0.19333 0.07000 0.01333 0.03064 0.07542 0.07667 0.05333 0.04950 0.04714 0.05185 0.00333 0.05000 0.06000 0.05185 0.04007 0.02828 0.05667 0.11785 0.10607 0.07307 0.06667 0.07333 0.05333 0.03667 0.10333 0.27667 0.41000 0.22156 0.17333 0.20333 0.24513 0.26634 0.17678 0.14000 0.23333 0.25667 0.22000 0.19667 0.21213 0.23099 0.24513
-1.00000 0.00000 0.00333 0.00333 0.00333 0.00000 0.00000 0.00333 0.00235 0.00000 0.00333 0.13000 0.37667 0.34333 0.21920 0.14142 0.08014 0.06000 0.06600 0.05421 0.05421 0.06000 0.11667 0.16000 0.18856 0.19799 0.12333 0.10667 0.04950 0.08333 0.13000 0.02593 0.02357 0.02333 0.03333 0.07667 0.07000 0.15000 0.18333 0.18000 0.17333 0.15000 0.14000 0.14142 0.06600 0.06128 0.04667 0.06667 0.07000 0.04000 0.14667 0.33667 0.41667 0.28756 0.28049 0.20035 0.15321 0.19667 0.16263 0.19092 0.20742 0.20333 0.27000 0.26667 0.25220 0.27577 0.27341
-1.00000 0.00333 0.00333 0.00000 0.00000 0.00333 0.00333 0.00000 0.00333 0.00000 0.00667 0.13333 0.31667 0.27106 0.18385 0.13906 0.10371 0.06000 0.07071 0.06128 0.05657 0.03771 0.03667 0.07333 0.11549 0.15792 0.09899 0.09428 0.10607 0.06667 0.09000 0.07778 0.14000 0.12333 0.14667 0.16499 0.17333 0.18385 0.12021 0.07542 0.09333 0.12000 0.09428 0.08014 0.08000 0.08000 0.08485 0.07071 0.04007 0.05333 0.22333 0.43333 0.40541 0.25456 0.21449 0.15321 0.11785 0.21667 0.19333 0.16000 0.14000 0.20000 0.28667 0.29000 0.23000 0.21000 0.22333
0.00333 0.00236 0.01000 0.00666 0.00333 0.00235 0.00333 0.00000 0.00333 0.00333 0.00235 0.06667 0.27667 0.34884 0.21685 0.09192 0.08000 0.07071 0.06000 0.03667 0.05667 0.02000 0.01000 0.01179 0.07333 0.13000 0.07333 0.11785 0.09333 0.03667 0.01179 0.22333 0.20035 0.13333 0.11549 0.14378 0.12492 0.10371 0.06364 0.05893 0.07333 0.09667 0.09333 0.07333 0.07071 0.08667 0.07071 0.07000 0.04714 0.07071 0.23000 0.39667 0.33234 0.30877 0.23335 0.14849 0.14333 0.21667 0.20333 0.22000 0.19000 0.21213 0.26667 0.26000 0.21000 0.21667 0.26333
0.46333 0.44333 0.21000 0.04333 0.00000 0.00000 0.00333 0.00000 0.00000 0.00000 0.00333 0.01332 0.11333 0.32000 0.26333 0.09664 0.06364 0.09664 0.10607 0.03536 0.05667 0.02333 0.01179 0.01333 0.07000 0.12000 0.11549 0.14378 0.06667 0.02828 0.14333 0.26870 0.19328 0.11667 0.06835 0.07307 0.05421 0.06835 0.06600 0.06600 0.07778 0.08014 0.06364 0.04000 0.04478 0.04950 0.03300 0.05667 0.06667 0.09192 0.15792 0.19667 0.16333 0.24277 0.22000 0.22667 0.23333 0.19799 0.18333 0.21667 0.25000 0.26667 0.29463 0.24984 0.19563 0.30333 0.33470
0.29333 0.41012 0.39834 0.32333 0.15000 0.01667 0.00666 0.00000 0.00000 0.00000 0.00000 0.00000 0.01666 0.36333 0.28000 0.08721 0.06128 0.08333 0.13199 0.11333 0.09667 0.03064 0.02828 0.03000 0.06667 0.14667 0.18000 0.11667 0.00000 0.16667 0.24513 0.27577 0.15085 0.08014 0.07667 0.00943 0.02667 0.04667 0.04950 0.04950 0.05657 0.05185 0.05185 0.03771 0.04478 0.03536 0.03333 0.05333 0.06667 0.13333 0.16028 0.09192 0.09333 0.28000 0.35667 0.29667 0.24984 0.21449 0.24984 0.24749 0.25927 0.29667 0.26634 0.20977 0.26000 0.39834 0.41955
0.06667 0.17442 0.31820 0.37241 0.29934 0.15000 0.00333 0.00000 0.00000 0.00333 0.00333 0.00000 0.01666 0.30000 0.29333 0.14614 0.08721 0.07000 0.10000 0.09192 0.04478 0.03771 0.08000 0.06128 0.09192 0.13906 0.22667 0.05000 0.00000 0.25333 0.22667 0.16971 0.08014 0.03300 0.06600 0.03333 0.00943 0.03667 0.04333 0.03333 0.04000 0.03000 0.03333 0.02667 0.04667 0.04667 0.03333 0.04333 0.11000 0.24000 0.20977 0.13000 0.12021 0.27333 0.44000 0.28520 0.18385 0.23333 0.29333 0.25692 0.24277 0.22156 0.26667 0.29667 0.37241 0.43841 0.35827
0.01000 0.04667 0.08721 0.21213 0.37241 0.33705 0.22333 0.07333 0.00999 0.00332 0.00332 0.00000 0.00332 0.19333 0.28667 0.14000 0.08333 0.02667 0.03333 0.04000 0.03667 0.08000 0.10333 0.05657 0.10667 0.13671 0.26667 0.06000 0.00667 0.24667 0.26333 0.14333 0.04478 0.01414 0.05657 0.06667 0.04000 0.02357 0.03667 0.04333 0.03000 0.03000 0.04667 0.03667 0.04667 0.05333 0.04007 0.05185 0.13333 0.24333 0.15792 0.10842 0.10333 0.27333 0.39333 0.19333 0.16667 0.28667 0.29333 0.18333 0.15667 0.22667 0.32667 0.34667 0.37477 0.33470 0.28756
0.01000 0.05185 0.06835 0.09664 0.17678 0.24513 0.31820 0.36333 0.18332 0.00000 0.00000 0.00000 0.00332 0.08333 0.34000 0.38891 0.15556 0.03536 0.03771 0.06364 0.06000 0.06835 0.09000 0.10000 0.13000 0.17000 0.22333 0.06667 0.02333 0.25000 0.27667 0.15085 0.07542 0.03300 0.01667 0.05421 0.06667 0.05333 0.04007 0.03536 0.03667 0.03333 0.04667 0.04333 0.04243 0.05333 0.05667 0.07778 0.10607 0.14667 0.11314 0.10667 0.21000 0.27333 0.28667 0.22000 0.25000 0.29667 0.21213 0.17000 0.25000 0.35000 0.40305 0.36770 0.31113 0.27333 0.32333
0.03667 0.04950 0.03771 0.07542 0.14142 0.14333 0.20506 0.36534 0.33333 0.12999 0.00666 0.00000 0.00332 0.00333 0.10000 0.40333 0.32056 0.09192 0.04714 0.07333 0.07000 0.06333 0.07000 0.05657 0.06364 0.09000 0.13000 0.03333 0.04667 0.22000 0.24000 0.16971 0.11314 0.06128 0.02357 0.03000 0.03300 0.05000 0.03667 0.03536 0.03771 0.05000 0.04478 0.03300 0.04333 0.06333 0.08000 0.11000 0.08485 0.06835 0.12333 0.21000 0.28000 0.27341 0.23806 0.24333 0.30667 0.29227 0.20977 0.19799 0.29000 0.41333 0.40541 0.31584 0.27341 0.26634 0.31333
0.07333 0.08667 0.08333 0.06000 0.04950 0.05000 0.04478 0.21449 0.37948 0.29000 0.08000 0.00332 0.00235 0.00000 0.01333 0.22000 0.37241 0.17206 0.10371 0.09428 0.09000 0.08333 0.06364 0.05657 0.06364 0.02828 0.09333 0.03064 0.03667 0.19667 0.21333 0.17913 0.12257 0.07667 0.04333 0.02121 0.02667 0.03333 0.03667 0.04333 0.05421 0.05421 0.04007 0.03771 0.04950 0.06667 0.09333 0.11667 0.09192 0.09428 0.17333 0.28049 0.28756 0.23570 0.21333 0.25333 0.34333 0.30667 0.25220 0.24513 0.28520 0.40667 0.35333 0.25667 0.25692 0.27106 0.26870
0.12000 0.09899 0.06600 0.03667 0.01650 0.00943 0.00667 0.06835 0.25456 0.38419 0.28667 0.11000 0.00333 0.00000 0.00000 0.04667 0.37000 0.16735 0.09667 0.05667 0.01179 0.04478 0.11000 0.16667 0.24333 0.19092 0.14142 0.06128 0.04000 0.15000 0.20000 0.19667 0.16028 0.09428 0.05185 0.03300 0.02000 0.02333 0.04000 0.04333 0.04243 0.03536 0.03771 0.04243 0.05657 0.06364 0.06000 0.10000 0.10000 0.08667 0.16000 0.23000 0.22000 0.22333 0.26333 0.30667 0.36667 0.34333 0.25692 0.19328 0.22392 0.36667 0.37000 0.29000 0.27000 0.23806 0.23099
-1.00000 0.04667 0.03667 0.01333 0.01333 0.02333 0.00943 0.02828 0.10607 0.29227 0.36534 0.25333 0.01333 0.00000 0.00000 0.02667 0.31000 0.38655 0.28520 0.09899 0.07778 0.11314 0.13333 0.08014 0.01886 0.08000 0.16000 0.11667 0.04007 0.14333 0.18000 0.18667 0.17206 0.08721 0.05333 0.05333 0.02667 0.02593 0.05000 0.05185 0.04243 0.03064 0.03771 0.04333 0.05667 0.05657 0.04243 0.07000 0.11667 0.14333 0.15333 0.21333 0.23000 0.26667 0.29333 0.30667 0.33667 0.40000 0.23335 0.16263 0.19799 0.30000 0.37000 0.33667 0.30667 0.25333 0.28000
0.12667 0.09664 0.07307 0.04667 0.03064 0.02121 0.00471 0.01667 0.02000 0.13199 0.35355 0.41667 0.05333 0.00000 0.00000 0.00333 0.09333 0.33667 0.58000 0.68667 0.49667 0.24749 0.10135 0.08000 0.07667 0.01650 0.00000 0.04333 0.03000 0.14667 0.14000 0.16000 0.19667 0.12667 0.08721 0.07542 0.05185 0.05421 0.09192 0.08014 0.04714 0.05667 0.05657 0.05657 0.04243 0.05185 0.06128 0.08000 0.19000 0.17678 0.22392 0.31820 0.30170 0.24984 0.20270 0.34000 0.40000 0.44000 0.20977 0.16735 0.21920 0.28756 0.34333 0.38333 0.34667 0.33705 0.41248
0.19667 0.14333 0.09667 0.05667 0.02000 0.01000 0.01667 0.02593 0.02000 0.03536 0.24513 0.49667 0.19333 0.00333 0.00000 0.00000 0.01000 0.04666 0.07333 0.10667 0.25667 0.27106 0.21449 0.24000 0.16971 0.17333 0.08000 0.03771 0.03333 0.10333 0.11667 0.16333 0.21667 0.10000 0.08000 0.09667 0.06600 0.06128 0.06835 0.05657 0.03064 0.06667 0.05333 0.03771 0.01886 0.04000 0.07333 0.08667 0.17000 0.14000 0.20506 0.31584 0.29698 0.22392 0.21333 0.43667 0.49333 0.42000 0.20977 0.24749 0.37241 0.45255 0.46905 0.46905 0.42426 0.41719 0.50676
0.15333 0.14000 0.10842 0.08014 0.03667 0.02000 0.02000 0.04007 0.03000 0.02000 0.10607 0.44076 0.40000 0.04000 0.00000 0.00000 0.00000 0.00000 0.00000 0.00666 0.02999 0.24000 0.41719 0.20742 0.06000 0.10135 0.12333 0.11000 0.11667 0.14849 0.10842 0.11000 0.19667 0.14000 0.07333 0.07000 0.05667 0.05657 0.05893 0.05657 0.04478 0.05185 0.04243 0.04714 0.02333 0.04667 0.06333 0.08667 0.12333 0.10842 0.11549 0.20333 0.27813 0.32291 0.32000 0.45667 0.52000 0.45000 0.32056 0.43369 0.51383 0.44312 0.40069 0.40541 0.34177 0.36062 0.47333
0.09899 0.11549 0.11785 0.10607 0.05657 0.03333 0.02667 0.03536 0.01414 0.02667 0.02593 0.28049 0.45491 0.27667 0.03000 0.00333 0.03000 0.02666 0.00666 0.00000 0.00000 0.08666 0.44333 0.42191 0.16028 0.05657 0.08485 0.12000 0.09192 0.09899 0.07071 0.13000 0.16735 0.12333 0.07000 0.04478 0.02828 0.04667 0.06333 0.07542 0.08333 0.08667 0.07542 0.08014 0.08014 0.04478 0.04333 0.05667 0.11000 0.10000 0.09333 0.13333 0.20667 0.34667 0.41333 0.42667 0.52000 0.60333 0.44333 0.46669 0.38184 0.19799 0.26870 0.27813 0.25220 0.38184 0.49000
