tests/fixtures/watershed_abstraction/mdobre-scarce-belch/dem/topaz/FVSLOP.ARC
ncols   274
nrows   267
xllcorner  568331
yllcorner 5029449
cellsize   30.00
nodata_value    -1.0
[rows 87 to 115 of 267, columns 201 to 267 of 274]
0.00943 0.03000 0.03333 0.04007 0.03000 0.01667 0.01667 0.02121 0.04000 0.07333 0.10333 0.11000 0.05657 0.05333 0.06667 0.09000 0.09000 0.07333 0.06333 0.05667 0.04333 0.01650 0.00707 0.04007 0.04714 0.05667 0.06128 0.04333 0.05000 0.00667 0.00707 0.09000 0.09428 0.08721 0.09899 0.10000 0.11333 0.16667 0.21333 0.23000 0.25667 0.26333 0.23667 0.22000 0.22000 0.24000 0.28000 0.32667 0.36667 0.36667 0.35333 0.28333 0.21000 0.19667 0.24333 0.32056 0.34413 0.34884 0.24042 0.13199 0.11078 0.13333 0.18333 0.16667 0.12964 0.07542 0.04478
0.00000 0.02667 0.05333 0.03536 0.01650 0.00667 0.00000 0.01667 0.03667 0.09000 0.12333 0.11000 0.04714 0.03667 0.06600 0.07307 0.06000 0.09333 0.09333 0.09333 0.07667 0.03333 0.01333 0.04333 0.06600 0.06333 0.12000 0.12000 0.08333 0.05333 0.04667 0.07071 0.12000 0.14000 0.14378 0.14667 0.16667 0.21667 0.29000 0.30000 0.27333 0.25333 0.24667 0.24667 0.23667 0.22667 0.28000 0.35667 0.42000 0.41667 0.37000 0.36333 0.31667 0.29667 0.26000 0.28991 0.32056 0.41719 0.45726 0.33705 0.19092 0.12492 0.10000 0.16667 0.20000 0.17206 0.12000
0.03000 0.02593 0.05333 0.05000 0.04667 0.03333 0.03667 0.04667 0.06364 0.08485 0.08333 0.07333 0.04333 0.06333 0.08014 0.06835 0.05667 0.09333 0.10667 0.09428 0.10607 0.09000 0.05667 0.08721 0.13199 0.12964 0.17333 0.20000 0.18000 0.14000 0.12333 0.14667 0.18333 0.20667 0.21333 0.22667 0.25667 0.27667 0.26333 0.27000 0.30000 0.29667 0.28000 0.26333 0.22333 0.21333 0.22667 0.25000 0.30000 0.36667 0.42333 0.45333 0.42000 0.36000 0.35000 0.34333 0.35120 0.39362 0.47140 0.43841 0.34413 0.24277 0.12021 0.08333 0.12667 0.14378 0.11314
0.06000 0.06333 0.08957 0.10135 0.09667 0.10667 0.11333 0.12000 0.16667 0.16028 0.09899 0.05893 0.05000 0.09333 0.08485 0.06364 0.09667 0.10607 0.09192 0.08957 0.09664 0.11000 0.11667 0.15321 0.18856 0.19328 0.19000 0.23000 0.20667 0.18667 0.17667 0.18667 0.22000 0.23333 0.25667 0.26667 0.26333 0.26000 0.28667 0.33000 0.31333 0.29000 0.28667 0.25667 0.23333 0.20000 0.17667 0.18000 0.21000 0.27667 0.36667 0.44333 0.48333 0.46333 0.44333 0.44333 0.42426 0.41484 0.47140 0.48790 0.44312 0.40305 0.30641 0.14142 0.09000 0.12728 0.11549
0.07333 0.11000 0.13199 0.09664 0.06835 0.14333 0.22000 0.20000 0.20742 0.19000 0.14333 0.10333 0.09899 0.11314 0.09192 0.08957 0.12728 0.09664 0.07778 0.07333 0.06364 0.11667 0.17333 0.19799 0.19563 0.19328 0.16263 0.19333 0.23000 0.25000 0.26667 0.29000 0.28333 0.30000 0.28000 0.29000 0.30000 0.31667 0.31667 0.27667 0.23000 0.21333 0.17333 0.14849 0.14378 0.13199 0.12021 0.11000 0.15792 0.19563 0.24513 0.26163 0.33333 0.43000 0.41000 0.38333 0.41012 0.43369 0.43369 0.43841 0.41719 0.41248 0.40776 0.34667 0.26870 0.24042 0.14142
0.07667 0.15000 0.12021 0.05333 0.07333 0.14142 0.18620 0.18333 0.15556 0.08721 0.08333 0.09667 0.11000 0.11785 0.10607 0.09664 0.07542 0.09899 0.10135 0.12257 0.12728 0.15085 0.20333 0.21667 0.18385 0.18620 0.16971 0.15556 0.22333 0.29333 0.32333 0.31667 0.31000 0.32333 0.34333 0.38333 0.42667 0.40333 0.35333 0.27667 0.24000 0.21333 0.19092 0.17678 0.15085 0.12257 0.10607 0.08333 0.12492 0.16499 0.18856 0.19092 0.21920 0.24333 0.33667 0.38000 0.41248 0.46198 0.49969 0.51619 0.49969 0.43841 0.36534 0.41000 0.38891 0.42426 0.35591
0.06000 0.10667 0.17667 0.19333 0.18620 0.18620 0.15792 0.13671 0.08485 0.05333 0.05000 0.06333 0.09667 0.12000 0.15000 0.16333 0.17000 0.18000 0.15667 0.18856 0.19563 0.20506 0.22156 0.21449 0.21213 0.21449 0.20270 0.19799 0.21920 0.26000 0.30667 0.32667 0.33333 0.33333 0.35000 0.35667 0.36667 0.40000 0.39667 0.39000 0.35333 0.29333 0.27106 0.24513 0.21213 0.18149 0.15333 0.15000 0.13906 0.17206 0.17913 0.19092 0.20270 0.17913 0.26000 0.33000 0.36333 0.42426 0.47140 0.48319 0.50676 0.52326 0.53000 0.45667 0.45726 0.44000 0.46667
0.04000 0.06364 0.06835 0.07333 0.14667 0.21000 0.22333 0.22333 0.22000 0.19000 0.21667 0.23333 0.27000 0.31333 0.35667 0.38000 0.34667 0.32333 0.30667 0.30667 0.29333 0.29000 0.28333 0.25692 0.26163 0.25456 0.24042 0.22627 0.21920 0.21000 0.24333 0.26333 0.27333 0.24333 0.21920 0.21213 0.21920 0.25220 0.32333 0.40333 0.41667 0.40667 0.39127 0.37005 0.28991 0.23806 0.20000 0.17667 0.15667 0.20270 0.20506 0.21449 0.21920 0.21449 0.17333 0.24000 0.31333 0.36298 0.42898 0.48319 0.45962 0.43369 0.44667 0.51333 0.64667 0.61333 0.62000
0.00667 0.05000 0.04667 0.02121 0.05185 0.13333 0.21000 0.27667 0.33333 0.35333 0.35667 0.39000 0.42333 0.44667 0.44667 0.45333 0.44000 0.43333 0.43667 0.43667 0.39333 0.37000 0.34667 0.32000 0.28756 0.29227 0.26634 0.23806 0.21449 0.19328 0.18667 0.18667 0.17333 0.12667 0.10333 0.13000 0.16263 0.19563 0.18620 0.22000 0.31667 0.37000 0.40333 0.45019 0.41484 0.32763 0.25692 0.22156 0.17667 0.23099 0.23570 0.25456 0.24513 0.23335 0.15321 0.19333 0.23667 0.30333 0.37000 0.46198 0.49262 0.41955 0.46333 0.48333 0.49333 0.52667 0.56333
0.00000 0.05000 0.07778 0.06364 0.12021 0.16499 0.23000 0.30333 0.34667 0.39667 0.42000 0.44667 0.46667 0.48333 0.48000 0.47000 0.46667 0.46667 0.46333 0.45000 0.43000 0.39333 0.37333 0.35667 0.32667 0.29934 0.26399 0.22627 0.19328 0.16667 0.15000 0.14000 0.09667 0.06835 0.05333 0.16333 0.18000 0.19333 0.13000 0.08957 0.12257 0.24333 0.32667 0.40667 0.46198 0.44312 0.36534 0.33333 0.30000 0.27106 0.25456 0.25456 0.24749 0.23570 0.15333 0.13667 0.14000 0.16028 0.21333 0.35000 0.45333 0.47333 0.39598 0.35333 0.42000 0.45667 0.45667
0.01000 0.06835 0.15667 0.24667 0.25692 0.28520 0.31333 0.35333 0.38333 0.40667 0.43000 0.44667 0.46667 0.46667 0.46333 0.46667 0.47333 0.47333 0.46667 0.44000 0.43000 0.41000 0.38333 0.36333 0.35333 0.31000 0.24333 0.19667 0.16000 0.13333 0.10333 0.07667 0.06364 0.06128 0.05893 0.16333 0.18667 0.16667 0.15000 0.10667 0.08485 0.09192 0.19333 0.27000 0.37667 0.46333 0.45019 0.39598 0.36333 0.35333 0.27667 0.25692 0.26163 0.21213 0.14000 0.09333 0.08721 0.10135 0.09899 0.10135 0.18667 0.24277 0.29227 0.26667 0.33000 0.39667 0.42000
0.05333 0.12964 0.28520 0.35333 0.36667 0.37241 0.37333 0.42000 0.44000 0.44333 0.44667 0.45667 0.47333 0.47333 0.47000 0.49000 0.48667 0.48000 0.45667 0.43333 0.42333 0.41000 0.38333 0.34333 0.31000 0.28000 0.21000 0.14667 0.11333 0.08667 0.06333 0.03667 0.05185 0.06600 0.06835 0.14000 0.16667 0.14000 0.13000 0.13333 0.13667 0.10842 0.08014 0.18000 0.20667 0.26667 0.35667 0.38667 0.36333 0.36667 0.29333 0.25333 0.21685 0.14667 0.08667 0.05657 0.06600 0.06667 0.07333 0.06667 0.08667 0.12492 0.17913 0.17000 0.22333 0.24667 0.28667
0.17667 0.29227 0.44312 0.40541 0.53000 0.49667 0.45333 0.48000 0.49667 0.50333 0.51333 0.51333 0.52000 0.50000 0.49667 0.50333 0.49667 0.48000 0.45667 0.42000 0.39000 0.37333 0.32667 0.28000 0.21333 0.15000 0.10607 0.06667 0.04950 0.04007 0.04333 0.04333 0.05000 0.06364 0.05657 0.15085 0.17206 0.15792 0.14142 0.11785 0.14333 0.17000 0.10607 0.11667 0.13199 0.14142 0.16667 0.23000 0.30333 0.32333 0.29000 0.25000 0.18000 0.12667 0.08333 0.08721 0.07333 0.08000 0.07333 0.04667 0.04667 0.09333 0.10667 0.11667 0.12333 0.14667 0.17667
0.33705 0.43841 0.59161 0.52326 0.46000 0.52000 0.49333 0.48333 0.51667 0.54000 0.55000 0.52000 0.48333 0.48333 0.48667 0.47000 0.47667 0.45000 0.42333 0.39000 0.35667 0.30667 0.25333 0.22392 0.16263 0.10842 0.06128 0.03064 0.02667 0.03300 0.03536 0.05333 0.05185 0.06364 0.05657 0.17667 0.17678 0.16499 0.14849 0.15085 0.20742 0.20977 0.16263 0.09667 0.11333 0.13435 0.09192 0.13667 0.16667 0.16667 0.23806 0.33000 0.30000 0.25333 0.20667 0.23333 0.24749 0.09899 0.07542 0.04950 0.03771 0.04667 0.06000 0.09000 0.10333 0.10333 0.09664
0.51383 0.54919 0.58218 0.52090 0.48555 0.55000 0.49333 0.45726 0.49000 0.53000 0.50667 0.46333 0.43333 0.42000 0.41667 0.37000 0.37333 0.37333 0.36000 0.32333 0.29333 0.27667 0.26870 0.26870 0.21920 0.18620 0.15085 0.11785 0.07000 0.06600 0.07071 0.07667 0.07667 0.08721 0.08250 0.18000 0.22333 0.16971 0.14614 0.16735 0.24984 0.19667 0.16000 0.06667 0.07778 0.13435 0.13667 0.13667 0.16667 0.21667 0.17000 0.02121 0.00000 0.00000 0.04000 0.08333 0.29667 0.26399 0.08957 0.05185 0.03536 0.02357 0.04007 0.06835 0.07333 0.07333 0.12333
0.53740 0.51147 0.55154 0.59161 0.56097 0.52000 0.55667 0.59333 0.53333 0.43333 0.37333 0.35333 0.33333 0.30000 0.29667 0.30333 0.31333 0.33667 0.33333 0.31820 0.28049 0.27333 0.29698 0.32998 0.33333 0.32667 0.28991 0.25333 0.22667 0.18667 0.15333 0.12667 0.11667 0.12333 0.14667 0.20270 0.25220 0.21685 0.20270 0.23099 0.22392 0.09667 0.04000 0.02828 0.03333 0.09333 0.12333 0.10667 0.07778 0.01886 0.04333 0.10667 0.11667 0.14333 0.14000 0.03064 0.15000 0.34667 0.33705 0.24277 0.09428 0.08333 0.05000 0.08250 0.10371 0.15000 0.10135
0.49497 0.49733 0.54683 0.54447 0.52090 0.46667 0.49667 0.43667 0.32667 0.27333 0.25667 0.23667 0.21333 0.23333 0.17000 0.16333 0.13667 0.14333 0.20333 0.32333 0.31348 0.29000 0.31667 0.36000 0.38333 0.38000 0.36298 0.33333 0.31000 0.27333 0.24667 0.21000 0.20333 0.21667 0.22667 0.22627 0.32291 0.31113 0.26870 0.23806 0.17000 0.03667 0.01650 0.03333 0.02000 0.00000 0.00000 0.04333 0.05667 0.06667 0.08721 0.14614 0.15000 0.17667 0.19563 0.17667 0.00943 0.10667 0.21333 0.39333 0.37712 0.22863 0.12021 0.17442 0.17206 0.16666 0.20667
0.49262 0.49497 0.49969 0.47140 0.43134 0.32667 0.23000 0.11667 0.05185 0.02333 0.01650 0.01886 0.01179 0.00000 0.05000 0.01667 0.02000 0.02000 0.03333 0.02000 0.13667 0.22333 0.31333 0.35333 0.35333 0.37333 0.40667 0.36534 0.31000 0.31000 0.31000 0.30667 0.34333 0.37333 0.34333 0.29667 0.38891 0.33941 0.27333 0.14333 0.02121 0.00000 0.08333 0.07071 0.06000 0.07667 0.09000 0.09428 0.11785 0.15321 0.15321 0.14142 0.10371 0.08721 0.13435 0.25220 0.23667 0.10371 0.01179 0.06333 0.24000 0.33667 0.36000 0.27333 0.09333 0.00000 0.08000
0.42191 0.41719 0.42662 0.39598 0.26667 0.04667 0.00000 0.04333 0.03333 0.00667 0.01333 0.02000 0.04000 0.11667 0.17333 0.24333 0.26333 0.27000 0.19667 0.07333 0.00000 0.02000 0.03333 0.08000 0.10667 0.20000 0.33000 0.34648 0.32000 0.31667 0.31333 0.31333 0.36667 0.41000 0.40000 0.40000 0.35000 0.19667 0.00000 0.00000 0.05333 0.13000 0.17678 0.15333 0.15333 0.16667 0.17333 0.15333 0.13435 0.11314 0.09192 0.11078 0.12492 0.12257 0.10607 0.15556 0.20035 0.22000 0.16667 0.07071 0.01886 0.00000 0.00000 0.00000 0.00000 0.00000 0.00000
0.37241 0.37005 0.32291 0.25000 0.06000 0.04000 0.14667 0.23000 0.30333 0.36667 0.43000 0.46333 0.47333 0.43333 0.36667 0.30000 0.27333 0.27333 0.27333 0.27000 0.24000 0.18333 0.13000 0.09428 0.00471 0.00000 0.00000 0.16667 0.20667 0.21667 0.22000 0.24333 0.19333 0.15333 0.19666 0.22000 0.15000 0.02121 0.04667 0.13667 0.24667 0.29000 0.27813 0.26000 0.23000 0.18333 0.15333 0.11000 0.08721 0.08721 0.11549 0.13671 0.14378 0.14378 0.13333 0.11667 0.12728 0.16028 0.18667 0.21000 0.15333 0.12000 0.09333 0.06000 0.00666 0.00000 0.00000
0.40069 0.34177 0.23333 0.13000 0.01333 0.01179 0.16333 0.25000 0.14142 0.11549 0.12492 0.15333 0.19000 0.23000 0.24000 0.24000 0.24000 0.22667 0.22392 0.25667 0.29000 0.26000 0.23333 0.19667 0.22000 0.18667 0.13000 0.03535 0.02333 0.05000 0.02667 0.00000 0.00000 0.00000 0.00000 0.00000 0.03333 0.13333 0.30000 0.42667 0.41000 0.36062 0.38000 0.39333 0.35333 0.30000 0.26000 0.20667 0.15333 0.13000 0.13906 0.15321 0.15556 0.16263 0.15667 0.15667 0.13333 0.10667 0.09428 0.10607 0.12667 0.16333 0.17000 0.14333 0.08333 0.00000 0.00000
0.33941 0.22000 0.14333 0.08667 0.04000 0.03771 0.29667 0.24277 0.15321 0.18333 0.23333 0.24277 0.25333 0.27667 0.26667 0.25667 0.26000 0.26000 0.27667 0.24667 0.26667 0.30667 0.29667 0.28333 0.24333 0.23667 0.23667 0.22333 0.14667 0.10135 0.08000 0.08667 0.09333 0.10666 0.10000 0.18000 0.24000 0.33000 0.45255 0.45019 0.46333 0.48000 0.43333 0.44667 0.44333 0.41333 0.37000 0.33667 0.24667 0.21000 0.18333 0.19092 0.20742 0.24749 0.20333 0.15667 0.12492 0.11314 0.11314 0.11000 0.10667 0.08000 0.09428 0.17667 0.10333 0.00000 0.00000
0.26399 0.15667 0.04714 0.00000 0.00000 0.17333 0.34667 0.24277 0.22156 0.24984 0.26399 0.27333 0.30000 0.29000 0.31000 0.29667 0.28000 0.27333 0.30000 0.31333 0.28667 0.29667 0.31000 0.30000 0.30333 0.27667 0.27667 0.30333 0.30000 0.25667 0.25667 0.26000 0.24333 0.21667 0.27667 0.33333 0.40000 0.45726 0.49497 0.45491 0.48000 0.55333 0.47000 0.35667 0.39000 0.41000 0.42000 0.41333 0.37333 0.32000 0.25667 0.23000 0.25692 0.32291 0.31000 0.24333 0.21333 0.20333 0.19667 0.21000 0.20000 0.16333 0.13199 0.20035 0.19333 0.00000 0.00000
0.13667 0.00236 0.06000 0.14333 0.28667 0.36062 0.37712 0.26870 0.28284 0.30641 0.31820 0.34177 0.36667 0.38667 0.36667 0.36667 0.34667 0.35000 0.30333 0.31667 0.36000 0.36333 0.36333 0.38333 0.36667 0.38333 0.36333 0.35333 0.32333 0.30667 0.28000 0.27667 0.27667 0.25667 0.31000 0.34333 0.41000 0.45726 0.44312 0.43369 0.46905 0.45491 0.53667 0.49000 0.40667 0.39000 0.36333 0.37712 0.43333 0.38667 0.31667 0.26333 0.24749 0.30406 0.32333 0.35667 0.32333 0.28000 0.25000 0.25000 0.26000 0.25667 0.22000 0.27106 0.29934 0.21666 0.03333
0.02121 0.09667 0.23333 0.28049 0.30170 0.32527 0.28756 0.29227 0.32291 0.36298 0.37477 0.40069 0.41333 0.41000 0.39333 0.40000 0.39667 0.33333 0.36000 0.39000 0.41333 0.40000 0.39000 0.38333 0.42333 0.41000 0.37333 0.36000 0.37333 0.35667 0.31667 0.29333 0.28000 0.32000 0.29333 0.36062 0.37477 0.37005 0.37005 0.39834 0.40305 0.35355 0.43000 0.60333 0.50667 0.37333 0.31333 0.30667 0.33000 0.37000 0.36333 0.30000 0.22000 0.22627 0.19799 0.30641 0.32667 0.28333 0.25000 0.22333 0.21667 0.25333 0.27000 0.28991 0.32763 0.34648 0.26667
0.10667 0.25000 0.30877 0.26399 0.27341 0.25692 0.27106 0.33234 0.37005 0.39598 0.40305 0.40305 0.39362 0.39000 0.42667 0.43333 0.42000 0.44667 0.45333 0.46333 0.45000 0.43667 0.43667 0.42000 0.38000 0.34333 0.36000 0.36667 0.37000 0.38000 0.37667 0.36000 0.37000 0.37000 0.28667 0.36062 0.35355 0.35827 0.37005 0.37477 0.35827 0.32291 0.35827 0.44312 0.51383 0.44000 0.41333 0.40667 0.39667 0.37333 0.36333 0.31667 0.25333 0.14378 0.10842 0.17333 0.28991 0.29000 0.25000 0.18667 0.15000 0.16735 0.22156 0.26870 0.27577 0.31820 0.33705
0.26667 0.36534 0.30877 0.23806 0.27341 0.28756 0.31348 0.36534 0.39598 0.41955 0.41484 0.39127 0.37241 0.35355 0.38000 0.39667 0.41333 0.41667 0.42667 0.42000 0.42333 0.43333 0.42667 0.41000 0.41000 0.43667 0.45667 0.47000 0.44667 0.44333 0.45333 0.45000 0.42333 0.36667 0.36000 0.32056 0.32527 0.31584 0.32763 0.33234 0.32763 0.31584 0.36062 0.26399 0.40069 0.49000 0.51333 0.51667 0.50667 0.43667 0.35667 0.30667 0.25667 0.21000 0.10135 0.12492 0.17000 0.27813 0.26634 0.20667 0.16667 0.12333 0.14614 0.21685 0.26634 0.25927 0.28049
0.34648 0.35591 0.28991 0.26333 0.31584 0.36534 0.37005 0.34413 0.30170 0.26634 0.29000 0.27667 0.27813 0.27577 0.27333 0.34333 0.37667 0.40333 0.45333 0.50333 0.47667 0.46333 0.45333 0.44333 0.46000 0.45667 0.47000 0.46333 0.49000 0.48667 0.46000 0.43333 0.39333 0.38333 0.38333 0.25333 0.28991 0.28284 0.26399 0.27106 0.28991 0.30406 0.26163 0.09667 0.14000 0.18000 0.23806 0.28333 0.35827 0.40541 0.36062 0.33333 0.28333 0.24667 0.18333 0.10607 0.15792 0.20270 0.28756 0.27000 0.22667 0.18667 0.13667 0.15085 0.22156 0.26399 0.24749
0.33234 0.32763 0.32998 0.33000 0.36770 0.41484 0.35827 0.32527 0.33234 0.31820 0.27106 0.25333 0.27000 0.24749 0.25927 0.30000 0.40000 0.48333 0.60667 0.56333 0.48000 0.47667 0.49667 0.51667 0.50667 0.52000 0.48333 0.48333 0.49000 0.46333 0.44000 0.40000 0.36000 0.35333 0.30000 0.28333 0.25220 0.27341 0.22392 0.24042 0.22392 0.15333 0.15321 0.15000 0.14667 0.13667 0.12667 0.11000 0.09428 0.22392 0.33941 0.36298 0.31584 0.26634 0.23000 0.11000 0.11078 0.16333 0.22863 0.29463 0.26333 0.22392 0.16667 0.12257 0.13671 0.20742 0.24513
