tests/fixtures/watershed_abstraction/mdobre-scarce-belch/dem/topaz/FVSLOP.ARC
ncols   274
nrows   267
xllcorner  568331
yllcorner 5029449
cellsize   30.00
nodata_value    -1.0
[rows 87 to 115 of 267, columns 134 to 200 of 274]
0.21213 0.13906 0.13435 0.14142 0.15556 0.18333 0.19667 0.22392 0.20000 0.19799 0.16971 0.22333 0.20667 0.18667 0.19563 0.17206 0.16499 0.19328 0.20506 0.19563 0.23099 0.31113 0.28284 0.28667 0.27333 0.23333 0.22000 0.23000 0.25000 0.25692 0.27341 0.29934 0.33234 0.32527 0.33234 0.35120 0.31820 0.27813 0.24984 0.24042 0.22392 0.22392 0.21449 0.19563 0.17667 0.17333 0.17913 0.19799 0.19563 0.18385 0.14614 0.13333 0.14333 0.15085 0.13667 0.11667 0.12667 0.12667 0.09667 0.07000 0.08333 0.11000 0.11333 0.10000 0.07333 0.04667 0.02000
0.16028 0.15792 0.17678 0.18856 0.19799 0.18000 0.17667 0.16971 0.14614 0.13906 0.13199 0.14667 0.15667 0.18000 0.19328 0.20000 0.22333 0.24042 0.24042 0.25333 0.31820 0.35120 0.27577 0.19328 0.14667 0.19000 0.25667 0.28667 0.25692 0.27341 0.31667 0.33705 0.32527 0.30406 0.31348 0.31584 0.27813 0.24277 0.22863 0.20977 0.20333 0.20270 0.19092 0.18149 0.16333 0.16000 0.16735 0.19563 0.17678 0.16028 0.12728 0.13667 0.13333 0.14614 0.12333 0.12000 0.10000 0.04667 0.02357 0.04000 0.09000 0.10000 0.07542 0.06600 0.06364 0.05333 0.02333
0.15321 0.16971 0.18149 0.16971 0.14849 0.12964 0.13435 0.13435 0.14378 0.15085 0.15792 0.17667 0.19333 0.22667 0.25000 0.23000 0.23667 0.25220 0.27813 0.33234 0.33941 0.25456 0.14849 0.06600 0.14000 0.25333 0.23806 0.22863 0.26667 0.29934 0.31820 0.30641 0.30877 0.31348 0.30877 0.28049 0.23570 0.20742 0.20035 0.19092 0.18620 0.17442 0.16499 0.15556 0.14142 0.14333 0.15321 0.17678 0.14378 0.12492 0.10667 0.13000 0.12667 0.12964 0.11667 0.09333 0.06600 0.05657 0.07333 0.09000 0.09428 0.10000 0.10000 0.09000 0.06667 0.06364 0.04478
0.16499 0.18856 0.19092 0.16971 0.15085 0.13435 0.14142 0.17000 0.18149 0.17442 0.18620 0.19799 0.24333 0.29667 0.27106 0.25333 0.28333 0.29667 0.31820 0.27813 0.17442 0.09428 0.11000 0.18333 0.24042 0.25456 0.23000 0.28333 0.31113 0.32763 0.32291 0.30406 0.29227 0.27341 0.24513 0.20506 0.17913 0.18149 0.17678 0.17206 0.16735 0.14614 0.13671 0.13199 0.12964 0.11785 0.12964 0.14378 0.12257 0.11078 0.10000 0.09192 0.10333 0.11549 0.10333 0.07542 0.08250 0.10333 0.07333 0.08250 0.08667 0.06333 0.04333 0.05000 0.05666 0.05333 0.04667
0.17678 0.19799 0.17913 0.15792 0.14378 0.14333 0.17442 0.19563 0.20035 0.20333 0.22863 0.23806 0.26399 0.28049 0.27000 0.29333 0.27106 0.23570 0.19799 0.12728 0.12728 0.20667 0.21213 0.21920 0.28284 0.29934 0.29667 0.30641 0.30406 0.28991 0.26399 0.23806 0.22627 0.21685 0.19092 0.17442 0.16735 0.17913 0.17442 0.15792 0.13906 0.11785 0.12257 0.12021 0.10607 0.09192 0.11314 0.12728 0.11078 0.07778 0.06835 0.08000 0.09667 0.10842 0.08957 0.07542 0.08667 0.10333 0.12667 0.06000 0.01666 0.00333 0.00000 0.00000 0.00000 0.00000 0.00666
0.20506 0.19799 0.15556 0.15321 0.17442 0.19667 0.21449 0.21449 0.24042 0.26667 0.25927 0.25220 0.26399 0.24277 0.21685 0.19328 0.18385 0.16028 0.13906 0.19333 0.23335 0.22863 0.20506 0.24042 0.32056 0.31584 0.27577 0.26399 0.24984 0.23335 0.22863 0.21685 0.20742 0.18856 0.15321 0.14849 0.15321 0.17206 0.15792 0.14142 0.12492 0.11785 0.09664 0.08250 0.08485 0.09899 0.11549 0.10607 0.06364 0.04007 0.07000 0.08957 0.10135 0.08250 0.06835 0.05000 0.05000 0.12333 0.15333 0.06333 0.00000 0.00000 0.00000 0.00333 0.00000 0.00000 0.00333
0.18667 0.18385 0.18333 0.21667 0.25220 0.27000 0.26333 0.25333 0.27341 0.24749 0.22392 0.22392 0.24513 0.21685 0.18856 0.16263 0.16028 0.20000 0.23667 0.23335 0.23099 0.20977 0.23667 0.28520 0.33234 0.29463 0.22627 0.20035 0.20506 0.20506 0.20977 0.18149 0.16735 0.15085 0.12021 0.13906 0.14849 0.16028 0.14614 0.12492 0.09664 0.09664 0.08333 0.09428 0.12257 0.13435 0.10371 0.06364 0.03771 0.05657 0.07071 0.07307 0.09000 0.08667 0.07778 0.06835 0.08485 0.09000 0.14667 0.05999 0.00000 0.00000 0.00000 0.03666 0.01333 0.00000 0.01666
0.19000 0.20000 0.21333 0.24984 0.26634 0.24749 0.24333 0.24667 0.23335 0.19092 0.18385 0.22627 0.24749 0.20977 0.17678 0.16971 0.19667 0.20035 0.20270 0.24000 0.28284 0.29333 0.29463 0.30641 0.30641 0.23806 0.18620 0.17678 0.17678 0.16971 0.16971 0.14378 0.12964 0.10607 0.09428 0.12964 0.13906 0.13435 0.12021 0.10371 0.11078 0.12021 0.09428 0.10607 0.12257 0.06835 0.04333 0.06333 0.06667 0.08014 0.08721 0.11000 0.11000 0.08485 0.08250 0.11549 0.13333 0.12333 0.08667 0.07667 0.00999 0.00000 0.00000 0.01666 0.02333 0.00000 0.01000
0.23667 0.24000 0.24000 0.24042 0.21213 0.19799 0.19799 0.19092 0.18149 0.17442 0.20270 0.22392 0.19799 0.16735 0.17333 0.16735 0.18856 0.19092 0.23806 0.29698 0.31348 0.27813 0.25692 0.24277 0.22392 0.16971 0.13906 0.13435 0.13199 0.14142 0.13435 0.10607 0.08957 0.08485 0.10135 0.13906 0.13435 0.12964 0.11785 0.09428 0.10135 0.07778 0.07333 0.09192 0.07071 0.07778 0.06128 0.07000 0.06364 0.08014 0.11000 0.11333 0.12333 0.12492 0.12492 0.13435 0.10667 0.10667 0.09667 0.08957 0.06333 0.00333 0.03999 0.06000 0.07667 0.06000 0.00000
0.19333 0.20742 0.22000 0.20270 0.20270 0.23099 0.22156 0.21449 0.20333 0.20333 0.19092 0.19092 0.17913 0.17442 0.18856 0.22333 0.24042 0.27341 0.30877 0.30641 0.24749 0.18385 0.15321 0.14378 0.13435 0.11549 0.10607 0.12021 0.12021 0.11549 0.10135 0.08485 0.08721 0.10371 0.12257 0.13435 0.12021 0.10371 0.08721 0.06600 0.06128 0.05000 0.05657 0.05893 0.08721 0.10371 0.08333 0.08333 0.08014 0.09000 0.09667 0.08667 0.07667 0.11078 0.12257 0.10842 0.06333 0.03666 0.07333 0.09428 0.05185 0.05000 0.09000 0.12333 0.13000 0.13000 0.03333
0.15792 0.16971 0.17913 0.20667 0.23099 0.25456 0.21449 0.19328 0.16499 0.16028 0.15556 0.19563 0.22627 0.24749 0.25692 0.27333 0.27813 0.27577 0.24513 0.19328 0.13199 0.09192 0.08721 0.09428 0.09664 0.08721 0.07542 0.07667 0.09000 0.09000 0.09428 0.09899 0.10607 0.11314 0.11078 0.10135 0.08485 0.06667 0.07307 0.07071 0.06364 0.06364 0.07333 0.09333 0.12728 0.13199 0.11667 0.11667 0.11333 0.10333 0.09333 0.07778 0.06364 0.07071 0.09428 0.07000 0.00000 0.00000 0.00333 0.04333 0.04243 0.06667 0.04714 0.05893 0.07000 0.06000 0.02357
0.17913 0.17206 0.18856 0.19563 0.17442 0.15085 0.10842 0.10371 0.11549 0.14614 0.17667 0.24749 0.29227 0.28520 0.25692 0.23335 0.20506 0.17913 0.13671 0.09428 0.06364 0.05185 0.06667 0.09000 0.08485 0.07071 0.07667 0.09333 0.10135 0.10607 0.09899 0.09428 0.08721 0.08721 0.07307 0.06667 0.06667 0.07307 0.08721 0.08485 0.08250 0.06835 0.06000 0.09664 0.12021 0.11314 0.10000 0.09667 0.10667 0.10000 0.10333 0.10135 0.09428 0.05667 0.06667 0.00666 0.00000 0.00000 0.00000 0.01666 0.08333 0.15333 0.09667 0.05333 0.00333 0.00000 0.02121
0.16499 0.15085 0.15321 0.12257 0.07542 0.07667 0.10333 0.12667 0.16971 0.21920 0.24749 0.30170 0.29463 0.23335 0.17442 0.14142 0.11549 0.10371 0.05893 0.04478 0.05667 0.06364 0.08957 0.10607 0.08957 0.09192 0.10135 0.10607 0.09899 0.08485 0.07333 0.07333 0.07071 0.08721 0.08957 0.10000 0.08957 0.09333 0.10842 0.10135 0.08957 0.06835 0.07778 0.09667 0.10135 0.09664 0.07667 0.08333 0.08333 0.08485 0.07333 0.09192 0.11667 0.08667 0.07333 0.00000 0.00000 0.00000 0.00000 0.04333 0.15667 0.16499 0.12333 0.09000 0.01000 0.03771 0.11549
0.11785 0.10607 0.08485 0.08333 0.09667 0.13199 0.17678 0.20506 0.23806 0.28284 0.29698 0.29698 0.21920 0.13671 0.08721 0.07307 0.05657 0.05185 0.03333 0.06364 0.08721 0.09899 0.11314 0.10842 0.09192 0.08957 0.08250 0.07307 0.06333 0.06667 0.06364 0.06667 0.06128 0.08000 0.08667 0.07667 0.08485 0.07778 0.08721 0.08721 0.08721 0.11333 0.11667 0.10667 0.10667 0.09000 0.07071 0.07000 0.10667 0.11667 0.09664 0.11314 0.17333 0.08000 0.07333 0.00000 0.00000 0.00333 0.02000 0.05333 0.16333 0.13199 0.11785 0.09899 0.11078 0.17206 0.27341
0.09667 0.09667 0.09333 0.12667 0.16028 0.19328 0.21449 0.22392 0.27106 0.31113 0.27106 0.19328 0.10371 0.05185 0.04000 0.04714 0.04714 0.05333 0.06333 0.10135 0.11078 0.10135 0.10607 0.08485 0.06600 0.05893 0.05333 0.04667 0.05185 0.06667 0.06667 0.06000 0.04714 0.06000 0.06600 0.05657 0.05421 0.05185 0.06600 0.07333 0.11667 0.15667 0.16333 0.15333 0.11333 0.07667 0.08250 0.08667 0.10000 0.09667 0.11078 0.14614 0.20667 0.11000 0.10333 0.00000 0.03667 0.09667 0.06667 0.04714 0.08721 0.12667 0.15556 0.24749 0.31113 0.38419 0.44548
0.10371 0.11549 0.13906 0.17678 0.20035 0.20742 0.21685 0.25456 0.31113 0.28520 0.16971 0.05893 0.05667 0.05667 0.04714 0.05657 0.07667 0.08333 0.08721 0.11078 0.09192 0.06835 0.07542 0.04478 0.03667 0.05667 0.04000 0.04478 0.05421 0.06667 0.07000 0.04667 0.03064 0.03064 0.04333 0.05000 0.03667 0.04333 0.07333 0.10842 0.14667 0.15333 0.15667 0.12667 0.10000 0.08333 0.08667 0.07333 0.05000 0.05657 0.10371 0.17333 0.21000 0.14142 0.12021 0.07000 0.03771 0.09333 0.09333 0.06364 0.09333 0.20270 0.33234 0.40776 0.44548 0.47848 0.49969
0.14614 0.18620 0.20270 0.20977 0.21920 0.23099 0.26163 0.31113 0.27106 0.14849 0.06333 0.06000 0.04667 0.02357 0.04007 0.08667 0.10000 0.09667 0.09664 0.09192 0.05893 0.04000 0.04333 0.03667 0.04333 0.04667 0.03064 0.04000 0.06667 0.07000 0.06333 0.03667 0.01886 0.02828 0.05000 0.04667 0.04243 0.05000 0.09899 0.12000 0.11667 0.10333 0.09333 0.08000 0.07542 0.06667 0.05667 0.03000 0.02357 0.03536 0.12667 0.18000 0.16000 0.13906 0.10371 0.12000 0.04333 0.00667 0.01414 0.07667 0.23099 0.33234 0.40541 0.46433 0.49262 0.49262 0.49497
0.21213 0.21920 0.20035 0.21685 0.23806 0.24513 0.27106 0.23335 0.10607 0.05000 0.04667 0.04000 0.02357 0.01886 0.07667 0.09333 0.09333 0.09000 0.10667 0.06364 0.03771 0.03771 0.03667 0.04333 0.04667 0.03667 0.03333 0.04000 0.07000 0.07000 0.06000 0.03667 0.01333 0.03667 0.04333 0.04243 0.04714 0.07542 0.09000 0.07333 0.05000 0.03667 0.03000 0.04007 0.05421 0.03771 0.02333 0.02000 0.02121 0.04667 0.15000 0.16667 0.09333 0.13333 0.15000 0.13000 0.05185 0.06600 0.15556 0.23099 0.31348 0.39598 0.44783 0.47140 0.47140 0.46669 0.48319
0.22392 0.20035 0.20270 0.24984 0.24984 0.22627 0.19563 0.08721 0.04478 0.02593 0.02667 0.01414 0.01667 0.05333 0.08333 0.07307 0.07667 0.08333 0.10667 0.08014 0.06600 0.04950 0.04333 0.04000 0.04667 0.03667 0.03333 0.05000 0.07333 0.06667 0.05667 0.03000 0.02357 0.03771 0.04007 0.05333 0.06667 0.07000 0.04950 0.04333 0.03333 0.01886 0.01414 0.02333 0.03064 0.02828 0.00236 0.00000 0.01333 0.09000 0.16000 0.11667 0.07667 0.11000 0.11333 0.07667 0.09000 0.19563 0.27106 0.31348 0.35355 0.43134 0.43605 0.43369 0.42662 0.44076 0.44783
0.18620 0.17913 0.18620 0.19328 0.15556 0.10842 0.07778 0.06364 0.04243 0.02357 0.00236 0.01333 0.04667 0.06000 0.06128 0.06600 0.07778 0.09899 0.10371 0.09428 0.10135 0.07071 0.05333 0.04478 0.04667 0.04000 0.03333 0.05667 0.07000 0.07000 0.04667 0.05000 0.04333 0.04950 0.04667 0.05000 0.04333 0.04000 0.03064 0.02121 0.02000 0.02121 0.02828 0.02357 0.02000 0.02667 0.01333 0.01667 0.03064 0.08000 0.15000 0.11000 0.09333 0.09333 0.05000 0.10371 0.21449 0.31820 0.31584 0.33941 0.35591 0.41955 0.42191 0.44783 0.45491 0.43369 0.40541
0.13333 0.12333 0.12667 0.13667 0.14333 0.09000 0.07667 0.05657 0.04007 0.01667 0.00333 0.02333 0.04333 0.06333 0.07071 0.08250 0.07307 0.06364 0.07000 0.06000 0.10333 0.08000 0.05000 0.04714 0.05333 0.05333 0.04667 0.04333 0.06667 0.05667 0.05333 0.04333 0.04243 0.04950 0.04000 0.03064 0.03064 0.02000 0.02333 0.01178 0.00666 0.01178 0.01667 0.02667 0.04667 0.02828 0.02121 0.03333 0.04478 0.08250 0.16667 0.15667 0.12021 0.06835 0.08485 0.18620 0.26870 0.31584 0.35827 0.38184 0.36298 0.40776 0.40541 0.41484 0.41484 0.39127 0.39127
0.12333 0.12333 0.16000 0.13667 0.11000 0.09000 0.07667 0.06333 0.05333 0.03333 0.04243 0.06333 0.07667 0.06667 0.07307 0.06835 0.07667 0.07333 0.09333 0.07333 0.08333 0.06333 0.04667 0.05000 0.05000 0.06333 0.04667 0.05000 0.05333 0.03771 0.03667 0.02593 0.02828 0.03300 0.02593 0.02121 0.02593 0.01333 0.01000 0.00667 0.00000 0.01000 0.03000 0.07333 0.10607 0.09333 0.07333 0.09667 0.12000 0.14142 0.18149 0.14614 0.05893 0.08957 0.20742 0.31584 0.36062 0.38184 0.42898 0.44548 0.37477 0.39127 0.39362 0.41248 0.41484 0.37477 0.35591
0.12667 0.12333 0.14000 0.09667 0.11314 0.11078 0.09664 0.08000 0.06333 0.09667 0.11333 0.07333 0.04478 0.03536 0.07333 0.12000 0.14000 0.13906 0.14378 0.12728 0.11078 0.06835 0.04950 0.03536 0.03667 0.06000 0.04667 0.05333 0.04667 0.01667 0.01333 0.01667 0.02333 0.02333 0.02000 0.01333 0.02000 0.00333 0.00000 0.00000 0.00333 0.01667 0.04000 0.10000 0.13667 0.10000 0.11000 0.12333 0.12492 0.14378 0.13906 0.07778 0.12728 0.26163 0.36534 0.43369 0.43841 0.43841 0.46198 0.46433 0.39598 0.38419 0.38655 0.40541 0.39834 0.35120 0.32291
0.15333 0.13671 0.11667 0.13000 0.15556 0.14614 0.13199 0.13199 0.14000 0.13333 0.06835 0.05421 0.03000 0.07000 0.10667 0.13667 0.15556 0.12964 0.09428 0.08485 0.07542 0.08000 0.06600 0.04714 0.05421 0.06600 0.05421 0.04714 0.04333 0.01414 0.01000 0.01333 0.02000 0.02667 0.02667 0.01667 0.02000 0.01333 0.01333 0.01333 0.01000 0.02667 0.05667 0.12667 0.14849 0.08333 0.09000 0.11078 0.09428 0.08721 0.09899 0.16000 0.32527 0.43605 0.46905 0.49026 0.46905 0.45255 0.47612 0.45962 0.40305 0.35827 0.36770 0.39127 0.37005 0.30406 0.22333
0.15085 0.14667 0.12000 0.08957 0.13435 0.16499 0.16263 0.17333 0.16333 0.10607 0.03771 0.10333 0.10333 0.13199 0.14614 0.15085 0.14142 0.09428 0.06835 0.07307 0.07307 0.06364 0.06000 0.08000 0.08014 0.08250 0.07071 0.05893 0.05185 0.04333 0.04333 0.02828 0.01886 0.02333 0.04000 0.03064 0.02828 0.02357 0.02000 0.01667 0.02667 0.05421 0.10842 0.16499 0.16263 0.08667 0.08000 0.08721 0.04714 0.10842 0.23806 0.31113 0.45255 0.51855 0.49969 0.51619 0.49262 0.47848 0.49497 0.46669 0.43369 0.39127 0.37333 0.37241 0.37712 0.30000 0.12000
0.09333 0.07071 0.06128 0.07307 0.09899 0.11314 0.11785 0.11785 0.07071 0.12667 0.18333 0.16971 0.16028 0.14849 0.15085 0.15085 0.13199 0.08721 0.06600 0.07667 0.08014 0.06364 0.05893 0.06364 0.06835 0.07778 0.07071 0.05657 0.05657 0.07000 0.07000 0.06333 0.05333 0.04478 0.05657 0.04714 0.03064 0.02357 0.03000 0.05333 0.07333 0.09664 0.13435 0.14849 0.11785 0.07307 0.08000 0.04950 0.07307 0.23099 0.40305 0.42898 0.48319 0.53504 0.50676 0.51855 0.51147 0.49026 0.47612 0.44076 0.40069 0.36062 0.33667 0.32333 0.24000 0.00000 0.00000
0.08721 0.07071 0.06128 0.05333 0.07333 0.06667 0.05333 0.08667 0.13333 0.22000 0.20977 0.15792 0.14142 0.13435 0.13199 0.12257 0.11078 0.08957 0.08250 0.09899 0.09192 0.07307 0.08014 0.08250 0.08250 0.08250 0.07667 0.06667 0.06667 0.07542 0.07333 0.08667 0.10000 0.09000 0.07542 0.06128 0.06333 0.05667 0.06333 0.10333 0.12000 0.12021 0.12728 0.12021 0.08721 0.08333 0.11078 0.12492 0.23099 0.44548 0.50912 0.48555 0.47376 0.52562 0.52326 0.50912 0.52797 0.50676 0.49000 0.46667 0.41000 0.35667 0.27667 0.13333 0.02828 0.08000 0.21667
0.05667 0.04333 0.12000 0.12000 0.11078 0.08250 0.12021 0.19092 0.23335 0.24513 0.20035 0.16735 0.14142 0.13199 0.12964 0.11549 0.10135 0.09428 0.09428 0.10135 0.09192 0.08485 0.09192 0.08485 0.08721 0.09000 0.07542 0.07333 0.06364 0.07071 0.07333 0.08667 0.08667 0.09000 0.07667 0.09000 0.10000 0.09667 0.11000 0.13435 0.12667 0.11078 0.11549 0.11078 0.08485 0.11549 0.17442 0.24749 0.42662 0.54212 0.51383 0.50912 0.49262 0.53269 0.56569 0.52326 0.52562 0.47848 0.44000 0.38000 0.24000 0.08485 0.00236 0.00667 0.17333 0.28000 0.34000
0.10135 0.15000 0.19328 0.18620 0.18667 0.24000 0.22627 0.21685 0.19328 0.17678 0.16499 0.14378 0.10842 0.11785 0.11314 0.09899 0.10135 0.09664 0.08957 0.08957 0.09899 0.09899 0.09664 0.08485 0.08485 0.07307 0.06000 0.07000 0.06333 0.06364 0.06128 0.07000 0.07333 0.08000 0.10000 0.11333 0.12000 0.14000 0.16333 0.15792 0.12333 0.09333 0.08250 0.07778 0.10371 0.20035 0.23806 0.38184 0.50205 0.51855 0.50912 0.53269 0.53033 0.54683 0.58926 0.51147 0.45333 0.34667 0.17667 0.03064 0.00000 0.04667 0.08667 0.22333 0.33941 0.38891 0.36534
