tests/fixtures/watershed_abstraction/mdobre-scarce-belch/dem/topaz/RELIEF.ARC
ncols   274
nrows   267
xllcorner  568331
yllcorner 5029449
cellsize   30.00
nodata_value     0.0
[rows 26 to 51 of 267, columns 120 to 179 of 274]
358.90000 360.10000 359.80000 359.20000 358.20000 358.00000 357.50000 354.80000 349.80000 345.90000 346.20000 349.00000 352.50000 352.10000 338.70000 339.30000 347.30000 350.20000 353.50000 355.50000 355.70000 357.50000 359.50000 363.90000 366.50000 365.50000 365.90000 368.80000 369.80000 368.50000 367.40000 365.10000 366.70000 370.90000 369.70000 364.70000 366.80000 369.50000 371.10000 373.10000 374.40000 374.50000 372.20000 371.70000 373.20000 373.20000 374.20000 376.20000 378.60000 381.10000 382.50000 386.20000 391.40000 396.60000 397.50000 389.50000 396.30000 405.10000 410.30000 413.90000
359.40000 360.30000 360.80000 360.60000 360.10000 360.20000 359.30000 356.40000 352.30000 350.50000 350.10000 353.50000 357.30000 355.80000 344.40000 343.00000 351.80000 355.90000 359.60000 359.80000 359.30000 363.20000 368.80000 373.10000 375.20000 372.80000 372.10000 376.70000 378.50000 379.20000 379.80000 378.10000 377.10000 377.60000 375.50000 371.70000 371.00000 373.00000 375.80000 378.50000 379.60000 379.20000 376.90000 376.90000 380.70000 381.10000 381.30000 382.50000 385.00000 388.80000 394.10000 400.30000 405.10000 409.10000 409.80000 404.80000 397.60000 404.80000 411.80000 416.00000
359.30000 360.10000 361.10000 361.40000 361.40000 361.70000 361.30000 359.80000 359.00000 357.90000 355.80000 357.30000 359.10000 357.40000 349.60000 346.40000 356.20000 360.20000 362.30000 362.60000 364.80000 371.80000 379.10000 381.90000 381.50000 377.40000 376.20000 381.40000 384.00000 385.10000 385.80000 385.90000 384.00000 382.00000 379.90000 376.50000 373.90000 378.40000 381.70000 383.70000 386.00000 388.20000 387.70000 385.80000 385.40000 385.60000 386.60000 389.80000 396.40000 403.50000 405.10000 408.20000 412.50000 415.50000 414.10000 410.20000 408.60000 409.20000 416.30000 420.60000
360.00000 360.30000 361.50000 362.10000 362.30000 363.80000 366.00000 367.60000 367.60000 367.00000 363.50000 361.30000 360.90000 358.40000 353.80000 350.10000 357.00000 361.30000 363.80000 367.10000 373.10000 380.00000 384.20000 385.40000 384.40000 380.70000 378.90000 382.60000 385.30000 386.60000 387.30000 388.30000 387.90000 386.20000 384.10000 380.70000 378.20000 382.70000 386.80000 390.70000 393.40000 394.20000 393.30000 393.60000 391.30000 394.00000 396.60000 399.60000 405.00000 411.00000 413.00000 414.20000 417.20000 420.80000 421.70000 420.60000 417.70000 413.00000 421.70000 429.00000
360.10000 360.60000 361.60000 362.60000 364.50000 369.30000 373.60000 375.50000 376.10000 374.90000 371.20000 367.00000 363.10000 359.80000 358.60000 356.00000 356.60000 361.60000 366.70000 373.70000 380.50000 383.70000 385.60000 386.70000 386.10000 383.70000 382.30000 383.20000 384.50000 386.30000 387.90000 389.60000 390.70000 390.10000 387.90000 385.20000 383.90000 389.10000 393.40000 397.10000 399.20000 399.50000 400.80000 402.00000 399.70000 401.80000 405.00000 407.00000 410.70000 415.70000 420.00000 422.90000 427.40000 430.30000 432.60000 434.60000 431.00000 420.10000 424.90000 440.10000
359.70000 360.40000 361.80000 364.40000 369.90000 377.10000 381.00000 381.60000 381.60000 380.50000 377.40000 372.80000 366.60000 362.80000 363.30000 362.10000 358.60000 361.80000 370.70000 379.20000 384.30000 385.80000 386.80000 387.90000 387.40000 386.40000 386.50000 386.10000 386.10000 386.60000 388.30000 390.20000 391.50000 392.00000 390.70000 389.30000 390.80000 398.50000 401.90000 403.70000 405.70000 405.90000 407.90000 409.30000 407.40000 408.60000 412.40000 415.90000 420.60000 425.80000 430.90000 436.10000 441.20000 444.30000 445.00000 447.70000 444.00000 429.70000 429.10000 444.70000
359.10000 360.30000 363.20000 369.30000 377.30000 382.10000 383.30000 382.80000 382.80000 382.60000 381.00000 377.20000 370.70000 367.90000 368.20000 366.30000 362.20000 363.40000 373.60000 381.70000 385.80000 387.30000 388.30000 388.90000 388.60000 388.80000 389.30000 389.40000 389.40000 388.80000 388.80000 390.60000 392.00000 393.50000 393.80000 394.70000 399.60000 406.90000 410.60000 411.50000 412.40000 412.00000 411.80000 413.20000 415.80000 419.50000 423.10000 428.30000 433.60000 440.20000 444.90000 448.60000 451.60000 454.30000 456.00000 456.40000 449.10000 436.10000 438.80000 448.80000
358.90000 360.90000 366.10000 373.90000 380.60000 383.90000 384.30000 383.60000 383.10000 383.00000 382.70000 380.40000 376.20000 374.20000 373.00000 370.70000 365.40000 365.90000 376.10000 383.40000 386.20000 388.60000 389.90000 390.10000 389.90000 390.30000 391.10000 391.40000 392.10000 391.90000 390.80000 391.90000 393.80000 396.20000 398.30000 401.80000 410.50000 416.80000 420.30000 421.00000 419.80000 419.20000 419.10000 419.90000 426.90000 434.80000 437.70000 440.80000 444.60000 451.80000 454.20000 454.70000 456.90000 460.20000 462.70000 460.10000 451.70000 446.10000 447.20000 456.60000
359.80000 361.20000 366.20000 373.60000 380.30000 383.80000 384.50000 384.30000 383.50000 383.30000 383.10000 381.90000 380.60000 378.80000 376.40000 373.60000 367.60000 367.80000 376.70000 382.70000 386.00000 389.10000 390.80000 391.40000 391.40000 391.60000 392.60000 393.10000 394.70000 395.30000 394.10000 395.30000 397.80000 400.40000 403.90000 410.00000 421.00000 427.20000 429.10000 430.50000 429.90000 428.40000 430.40000 430.20000 437.50000 445.40000 448.40000 450.50000 453.40000 461.30000 464.70000 466.10000 468.60000 470.20000 470.80000 466.50000 458.50000 456.70000 458.50000 466.90000
359.20000 360.70000 364.00000 370.10000 377.10000 382.60000 384.30000 384.00000 383.60000 383.40000 383.40000 383.20000 383.20000 382.00000 379.10000 375.20000 368.80000 369.50000 375.30000 380.10000 385.30000 389.70000 391.80000 392.90000 393.10000 393.00000 393.70000 394.40000 395.90000 397.30000 397.30000 399.60000 402.80000 405.30000 411.30000 419.30000 428.50000 434.70000 437.00000 439.60000 440.80000 438.90000 439.80000 441.10000 447.60000 451.50000 453.80000 458.10000 463.80000 473.60000 479.60000 480.80000 481.00000 479.60000 477.70000 476.60000 476.00000 475.70000 477.10000 482.70000
358.80000 359.90000 361.30000 364.70000 369.80000 375.30000 379.30000 381.50000 383.00000 383.70000 383.80000 383.70000 384.10000 383.70000 381.50000 378.00000 372.20000 369.70000 374.60000 379.50000 385.60000 391.30000 393.70000 394.40000 394.50000 394.40000 395.00000 395.90000 396.80000 398.50000 399.90000 402.40000 405.60000 409.60000 419.30000 427.40000 432.80000 438.90000 442.40000 445.80000 447.80000 447.50000 446.30000 449.80000 455.00000 457.50000 461.20000 468.20000 478.00000 488.80000 495.00000 495.40000 493.70000 491.50000 488.50000 489.10000 493.90000 494.20000 496.20000 504.10000
356.90000 358.10000 358.70000 359.90000 362.40000 366.20000 371.70000 379.40000 383.50000 384.90000 384.60000 384.10000 384.50000 384.50000 383.10000 381.10000 376.30000 371.60000 376.20000 381.30000 387.20000 392.30000 394.80000 395.40000 395.40000 395.10000 395.90000 397.00000 398.30000 399.80000 401.80000 405.20000 407.10000 412.00000 423.20000 430.40000 435.50000 440.00000 443.20000 447.20000 451.20000 452.50000 452.50000 455.80000 458.20000 462.60000 469.00000 481.00000 493.70000 501.30000 505.60000 506.50000 506.20000 505.10000 502.20000 502.60000 508.20000 507.80000 509.30000 515.10000
355.50000 356.80000 357.70000 358.40000 360.60000 363.50000 368.90000 377.60000 383.10000 384.40000 384.20000 384.60000 385.10000 385.10000 384.70000 383.00000 379.40000 374.70000 375.30000 381.30000 388.90000 393.60000 395.40000 396.10000 395.90000 395.70000 396.50000 398.00000 399.80000 401.50000 403.40000 407.10000 409.70000 412.90000 421.20000 428.90000 435.90000 441.60000 444.80000 449.30000 454.40000 455.90000 457.40000 460.30000 462.10000 468.60000 481.70000 497.70000 506.20000 509.60000 512.20000 513.60000 514.40000 514.00000 511.60000 512.00000 515.70000 516.10000 517.40000 519.70000
355.00000 355.60000 355.80000 357.00000 359.00000 361.80000 367.40000 376.50000 381.40000 382.50000 383.10000 384.60000 385.30000 385.30000 385.20000 384.10000 384.10000 382.30000 376.70000 380.10000 389.00000 393.60000 395.20000 395.90000 396.00000 396.50000 397.60000 398.80000 401.20000 403.60000 406.20000 409.70000 413.60000 417.10000 420.40000 428.70000 437.90000 445.50000 447.90000 450.30000 454.40000 457.40000 460.90000 465.30000 470.20000 482.00000 502.40000 513.30000 514.50000 517.20000 518.80000 519.10000 518.90000 519.10000 516.90000 517.40000 519.20000 521.00000 522.70000 524.90000
354.30000 354.40000 354.20000 355.50000 357.70000 360.10000 365.50000 373.80000 378.40000 379.70000 382.00000 384.30000 385.10000 384.90000 385.30000 386.40000 387.10000 386.10000 380.00000 379.70000 387.10000 391.60000 394.20000 395.60000 396.30000 397.40000 398.90000 400.70000 402.90000 405.50000 408.40000 412.50000 418.10000 424.60000 429.30000 438.70000 448.50000 454.40000 453.40000 452.70000 455.30000 460.50000 466.00000 475.10000 484.50000 503.80000 519.80000 521.30000 520.00000 522.00000 522.80000 522.60000 522.40000 522.70000 521.80000 522.80000 524.80000 527.00000 529.00000 531.40000
352.80000 353.20000 354.00000 355.00000 356.90000 359.00000 362.80000 368.60000 373.20000 377.70000 381.50000 383.60000 384.50000 384.80000 385.30000 387.20000 387.90000 387.20000 383.40000 380.40000 383.90000 388.20000 392.40000 394.80000 396.10000 397.60000 399.50000 402.30000 404.20000 406.50000 409.70000 414.20000 421.20000 431.00000 439.90000 447.70000 456.50000 462.70000 464.80000 465.90000 469.00000 476.60000 483.30000 492.60000 506.70000 523.00000 529.20000 526.80000 524.60000 524.70000 525.00000 526.00000 526.70000 527.20000 528.70000 531.10000 533.80000 536.50000 538.30000 539.60000
352.10000 352.90000 354.10000 354.80000 356.20000 358.80000 361.50000 365.50000 371.30000 377.10000 380.80000 383.30000 384.30000 384.50000 385.10000 386.80000 387.70000 387.40000 386.30000 384.60000 383.00000 386.10000 390.90000 394.50000 396.30000 397.50000 399.40000 402.10000 404.10000 406.60000 410.70000 418.10000 426.60000 436.20000 445.10000 451.60000 460.50000 467.60000 473.00000 480.60000 490.90000 502.90000 512.40000 518.60000 528.80000 533.10000 534.00000 533.20000 531.60000 531.60000 531.30000 532.40000 533.90000 535.50000 537.70000 541.80000 544.70000 546.90000 547.60000 548.00000
352.50000 353.10000 354.00000 354.90000 356.00000 357.90000 360.20000 364.00000 369.50000 375.70000 380.40000 381.70000 382.70000 383.90000 384.60000 385.80000 387.20000 387.90000 387.60000 387.00000 385.50000 386.00000 390.30000 393.70000 395.40000 396.60000 399.20000 402.90000 405.20000 409.30000 413.30000 422.60000 430.90000 439.90000 447.00000 454.20000 463.30000 472.20000 481.70000 492.20000 506.00000 519.90000 529.00000 534.30000 538.00000 540.70000 541.70000 542.20000 541.70000 540.80000 540.50000 541.70000 543.90000 545.00000 546.40000 549.80000 551.90000 553.10000 554.20000 555.40000
353.20000 353.70000 354.60000 355.60000 356.20000 357.30000 359.40000 362.70000 368.60000 375.50000 379.00000 380.70000 382.20000 383.60000 384.80000 386.00000 386.80000 388.10000 388.70000 388.80000 389.00000 387.90000 388.00000 390.60000 392.90000 395.20000 398.50000 402.50000 406.30000 412.30000 417.30000 425.00000 437.40000 445.30000 450.70000 458.40000 467.80000 478.40000 490.40000 504.50000 520.30000 531.70000 538.90000 543.80000 547.20000 550.50000 552.20000 552.10000 550.90000 549.40000 549.10000 551.30000 552.80000 552.50000 552.70000 553.40000 555.10000 557.40000 559.80000 562.20000
353.40000 354.20000 355.30000 356.40000 357.30000 358.40000 360.00000 362.70000 367.80000 372.50000 377.30000 380.00000 382.10000 383.60000 384.80000 385.80000 387.10000 388.80000 389.90000 390.90000 391.80000 391.30000 390.70000 391.90000 394.80000 397.60000 400.50000 403.10000 405.90000 412.30000 420.60000 430.00000 441.40000 448.40000 455.40000 463.50000 474.70000 487.30000 500.20000 516.60000 531.90000 541.20000 547.20000 551.80000 555.30000 558.50000 559.90000 559.40000 557.00000 554.90000 555.70000 558.30000 558.50000 557.70000 557.00000 557.80000 560.00000 563.00000 565.50000 568.20000
353.30000 354.50000 355.60000 356.60000 357.70000 359.00000 360.70000 362.40000 365.80000 371.90000 377.40000 380.80000 382.40000 383.70000 384.90000 386.30000 388.00000 389.80000 391.40000 392.70000 393.00000 393.60000 393.90000 394.10000 396.10000 399.50000 402.70000 407.00000 409.90000 415.70000 426.90000 438.50000 446.00000 452.10000 461.10000 470.40000 482.80000 496.00000 509.10000 525.60000 540.10000 547.00000 552.20000 557.00000 561.40000 563.40000 562.60000 560.00000 557.60000 557.40000 559.40000 561.10000 561.50000 561.20000 561.00000 562.50000 564.70000 567.30000 570.00000 573.20000
353.20000 354.50000 355.70000 356.80000 357.70000 359.00000 359.90000 361.30000 365.40000 372.00000 378.10000 381.10000 382.10000 383.20000 385.20000 387.00000 389.00000 391.10000 392.70000 394.10000 394.80000 395.90000 396.70000 397.50000 399.20000 401.40000 406.00000 412.00000 416.00000 420.10000 433.50000 444.90000 451.90000 458.80000 466.80000 477.40000 490.50000 504.00000 518.80000 534.90000 545.40000 551.10000 556.00000 560.90000 564.80000 564.20000 560.70000 558.80000 559.00000 560.40000 561.30000 562.50000 563.10000 563.70000 564.20000 565.70000 567.80000 570.80000 574.20000 578.30000
353.30000 354.00000 356.10000 357.20000 358.20000 358.70000 359.60000 361.40000 365.60000 373.60000 377.50000 379.30000 380.90000 383.00000 385.70000 387.90000 390.10000 392.60000 394.70000 396.20000 397.30000 398.60000 400.10000 402.20000 405.40000 408.60000 410.70000 414.80000 420.70000 426.00000 437.50000 449.30000 456.40000 465.20000 474.10000 485.50000 498.70000 514.50000 531.20000 542.70000 548.70000 553.40000 557.80000 563.40000 565.00000 560.50000 558.40000 558.90000 561.10000 561.80000 562.00000 563.40000 564.40000 565.30000 566.30000 568.30000 571.10000 574.70000 579.00000 583.50000
354.40000 354.40000 354.90000 356.20000 357.00000 357.70000 360.20000 366.00000 369.10000 372.00000 376.00000 378.30000 380.50000 383.30000 385.60000 387.60000 390.60000 393.50000 396.30000 400.40000 404.70000 406.70000 407.40000 409.50000 412.70000 418.20000 421.80000 424.80000 428.10000 432.00000 441.60000 458.30000 464.80000 471.30000 482.10000 494.30000 510.50000 530.20000 543.20000 547.40000 551.70000 554.70000 558.00000 561.00000 560.10000 557.90000 557.30000 559.80000 561.00000 561.00000 561.50000 563.10000 564.80000 566.40000 568.90000 571.90000 575.00000 579.20000 584.30000 588.80000
356.30000 356.40000 356.20000 356.50000 357.50000 359.80000 366.40000 374.10000 375.20000 372.90000 375.60000 378.40000 381.00000 384.90000 387.70000 390.30000 393.10000 398.10000 403.00000 408.50000 415.10000 418.40000 421.30000 422.80000 421.80000 426.80000 430.90000 435.70000 441.50000 443.50000 443.80000 455.20000 469.80000 479.90000 492.40000 508.20000 526.20000 542.40000 546.10000 549.40000 551.70000 553.10000 554.90000 556.60000 557.10000 556.50000 556.40000 558.40000 559.60000 560.00000 560.70000 562.50000 565.30000 568.90000 573.00000 576.50000 580.40000 585.50000 590.70000 595.20000
359.30000 360.70000 360.20000 359.00000 359.50000 364.90000 374.00000 379.60000 380.10000 377.60000 376.10000 377.60000 380.70000 384.50000 388.90000 393.30000 399.20000 407.60000 413.20000 418.30000 423.70000 428.30000 431.90000 433.60000 432.10000 438.10000 442.90000 448.30000 455.20000 458.60000 457.00000 457.60000 471.60000 485.70000 499.50000 516.40000 535.80000 543.30000 546.10000 548.50000 549.90000 551.70000 553.50000 555.20000 556.00000 555.80000 555.70000 556.70000 557.90000 559.30000 561.60000 564.60000 568.70000 573.60000 578.10000 582.50000 587.70000 593.20000 598.30000 603.00000
