tests/fixtures/watershed_abstraction/mdobre-scarce-belch/dem/topaz/RELIEF.ARC
ncols   274
nrows   267
xllcorner  568331
yllcorner 5029449
cellsize   30.00
nodata_value     0.0
[rows 52 to 77 of 267, columns 0 to 59 of 274]
633.10000 628.00000 625.90000 629.30000 633.40000 633.80000 629.90000 617.40000 588.00000 566.30000 544.60000 525.70000 505.70000 484.40000 468.50000 458.20000 454.00000 449.70000 447.20000 444.40000 442.20000 440.50000 438.70000 434.20000 428.80000 430.60000 430.80000 424.10000 417.80000 415.50000 415.10000 410.00000 403.60000 396.70000 388.60000 383.60000 376.70000 366.70000 356.60000 351.10000 346.10000 337.90000 330.60000 323.10000 319.40000 312.30000 300.50000 291.80000 283.20000 285.70000 282.00000 277.80000 276.80000 277.60000 267.20000 262.50000 262.40096 262.40095 262.40098 262.40100
629.60000 624.60000 623.60000 628.20000 631.80000 630.80000 625.20000 602.80000 579.10000 561.50000 540.30000 520.90000 498.40000 475.90000 461.70000 453.50000 450.00000 447.60000 444.90000 442.10000 440.90000 440.10000 437.70000 431.00000 425.00000 427.70000 428.20000 421.30000 415.10000 412.30000 411.90000 406.50000 400.60000 392.30000 381.90000 376.20000 370.90000 363.60000 352.80000 346.10000 341.10000 333.50000 328.60000 321.20000 304.60000 287.20000 273.60000 269.80000 266.80000 268.00000 267.40000 266.20000 267.50000 268.90000 263.90000 262.40094 262.40094 262.40096 262.40098 263.20000
624.80000 621.70000 620.60000 623.90000 627.20000 624.70000 613.50000 588.70000 573.20000 557.60000 535.10000 514.40000 491.50000 469.90000 458.20000 451.40000 448.10000 447.10000 444.90000 443.50000 442.60000 440.80000 438.30000 432.40000 422.70000 422.50000 423.00000 418.00000 412.60000 408.80000 407.50000 403.30000 399.60000 391.20000 380.30000 371.60000 366.40000 360.60000 350.40000 340.70000 334.00000 327.50000 316.50000 301.70000 277.70000 267.30000 262.80000 262.40084 262.40084 262.40084 262.40084 262.50000 263.10000 263.40000 262.60000 262.40092 262.40094 262.40096 264.90000 272.00000
620.50000 618.50000 618.50000 619.90000 619.60000 613.50000 597.00000 584.20000 570.00000 552.20000 527.90000 506.80000 486.40000 467.10000 457.90000 451.00000 447.10000 446.50000 446.20000 445.60000 443.60000 442.60000 440.40000 434.00000 421.00000 416.90000 417.20000 414.40000 409.40000 405.60000 403.40000 400.20000 397.90000 388.60000 377.40000 366.70000 361.50000 355.30000 346.30000 337.00000 329.50000 322.00000 296.20000 273.50000 263.80000 262.40082 262.40082 262.40082 262.40080 262.40081 262.40082 262.40084 262.40086 262.40088 262.40090 262.40092 262.90000 270.70000 278.50000 284.00000
617.70000 616.30000 616.90000 616.10000 612.60000 608.10000 596.50000 581.30000 564.20000 544.80000 523.00000 503.70000 485.50000 469.30000 459.00000 450.40000 445.80000 445.50000 444.60000 444.20000 443.70000 443.00000 440.20000 432.90000 420.60000 413.70000 412.90000 410.80000 405.20000 401.60000 400.00000 397.40000 392.80000 382.70000 371.40000 361.20000 354.90000 348.50000 340.50000 333.70000 328.40000 314.80000 276.00000 262.40080 262.40080 262.40080 262.40078 262.40078 262.40080 262.40080 262.40082 263.90000 266.40000 268.10000 266.10000 270.70000 278.90000 288.90000 294.50000 296.30000
615.40000 614.70000 615.10000 612.40000 606.10000 599.60000 589.10000 571.50000 554.30000 537.70000 519.70000 499.40000 481.30000 465.70000 455.00000 448.10000 445.20000 443.00000 441.00000 441.20000 441.20000 440.10000 437.90000 432.90000 423.00000 412.80000 408.20000 404.70000 399.00000 397.80000 397.50000 393.70000 386.30000 377.40000 365.40000 355.80000 349.50000 343.70000 335.90000 330.30000 326.80000 312.20000 267.70000 262.40078 262.40076 262.40076 262.40076 262.40078 262.40078 263.10000 266.50000 270.70000 274.50000 278.60000 281.50000 289.20000 297.00000 300.60000 302.30000 303.20000
613.40000 613.70000 613.30000 608.40000 601.80000 593.30000 580.10000 563.10000 546.40000 531.70000 514.40000 492.00000 473.50000 459.90000 451.70000 446.70000 444.60000 440.90000 437.50000 437.70000 437.70000 437.70000 435.60000 429.40000 422.30000 413.00000 403.80000 397.70000 393.50000 394.00000 392.30000 385.80000 377.30000 369.60000 358.00000 349.80000 345.70000 340.60000 332.80000 327.20000 322.80000 309.80000 269.80000 262.40076 262.40074 262.40073 262.40074 262.40076 262.50000 266.50000 272.80000 276.90000 280.20000 285.40000 293.60000 300.70000 303.70000 304.30000 305.00000 305.90000
611.70000 612.50000 609.70000 603.50000 597.60000 589.30000 574.10000 557.90000 542.10000 526.60000 507.20000 484.80000 466.30000 454.50000 449.20000 445.90000 444.90000 440.20000 434.50000 433.30000 433.40000 432.00000 427.00000 422.40000 416.80000 410.80000 401.10000 391.60000 389.40000 387.10000 380.70000 374.20000 366.00000 358.90000 351.20000 345.10000 341.30000 336.40000 330.20000 324.50000 318.90000 304.80000 269.90000 262.40074 262.40072 262.40072 262.40072 262.40074 262.80000 269.30000 275.90000 280.00000 283.00000 288.30000 298.00000 302.70000 303.60000 304.50000 305.40000 306.50000
610.70000 611.40000 606.10000 600.00000 594.00000 584.70000 568.60000 553.50000 537.60000 522.30000 502.70000 479.60000 461.40000 450.50000 444.50000 443.70000 442.30000 435.70000 428.60000 426.80000 427.20000 423.30000 419.70000 417.00000 412.30000 407.20000 398.80000 388.30000 385.10000 379.40000 369.50000 363.60000 358.40000 353.60000 348.50000 343.10000 337.50000 331.50000 326.90000 321.70000 316.00000 305.60000 275.20000 262.40072 262.40070 262.40070 262.40072 262.40072 263.30000 271.80000 278.70000 282.50000 285.30000 290.60000 298.40000 301.40000 302.50000 304.10000 305.40000 306.70000
610.30000 608.80000 602.40000 595.90000 590.90000 583.80000 566.30000 549.60000 533.40000 517.30000 497.90000 475.80000 457.30000 445.70000 440.70000 440.20000 437.00000 428.80000 423.40000 421.90000 420.90000 418.50000 416.10000 412.70000 408.90000 404.00000 396.60000 388.90000 382.10000 375.30000 365.70000 355.80000 350.70000 348.00000 345.80000 340.70000 334.50000 327.20000 321.90000 317.50000 313.20000 307.50000 283.60000 262.40070 262.40070 262.40069 262.40070 262.50000 264.30000 275.30000 282.20000 284.60000 288.20000 294.60000 299.70000 301.70000 303.20000 304.60000 306.10000 306.90000
608.00000 603.40000 596.70000 591.60000 587.20000 578.80000 564.30000 548.40000 532.10000 516.10000 493.20000 469.10000 453.50000 442.40000 436.30000 435.20000 431.20000 424.10000 420.30000 418.90000 418.10000 416.90000 413.80000 409.90000 405.70000 400.00000 394.80000 388.70000 381.40000 376.80000 364.70000 352.10000 346.40000 343.30000 340.70000 336.20000 330.20000 322.20000 316.80000 313.30000 310.40000 306.50000 288.30000 263.90000 262.40068 262.40068 262.40068 262.40068 265.70000 278.30000 283.70000 285.50000 291.50000 298.70000 301.90000 303.50000 304.90000 305.50000 306.20000 306.50000
602.20000 596.50000 590.40000 585.40000 580.50000 571.00000 556.50000 541.50000 525.60000 509.70000 488.20000 464.70000 447.70000 437.30000 432.20000 430.60000 426.80000 421.90000 418.40000 417.50000 417.00000 414.40000 410.70000 406.50000 401.50000 396.20000 393.10000 384.50000 376.80000 372.20000 363.40000 356.00000 350.60000 345.60000 336.70000 331.40000 325.70000 317.50000 313.60000 310.80000 308.20000 306.00000 297.30000 270.90000 262.50000 262.40066 262.40064 262.40066 266.50000 279.00000 283.60000 286.30000 295.10000 301.00000 303.00000 304.80000 305.70000 305.30000 305.20000 305.80000
592.40000 586.70000 580.70000 576.00000 572.80000 567.70000 555.90000 541.20000 525.40000 509.80000 486.80000 464.30000 445.90000 436.20000 432.40000 427.90000 421.60000 417.20000 414.10000 413.40000 412.70000 409.80000 406.70000 402.50000 396.50000 392.10000 385.50000 374.40000 370.50000 368.60000 364.50000 357.40000 350.30000 343.40000 334.40000 325.10000 319.00000 312.90000 310.50000 308.80000 306.60000 304.40000 300.90000 280.80000 263.90000 262.40064 262.40063 262.40064 267.50000 279.20000 283.20000 288.10000 298.30000 302.20000 303.90000 305.20000 304.90000 303.80000 303.90000 305.00000
581.00000 575.60000 571.50000 569.40000 568.90000 567.80000 559.30000 544.00000 525.50000 506.90000 484.10000 461.10000 439.50000 430.80000 428.10000 424.20000 420.30000 414.70000 410.40000 408.50000 409.00000 407.20000 403.80000 397.40000 389.40000 385.90000 377.40000 368.50000 366.70000 367.10000 365.00000 358.30000 350.70000 341.90000 333.20000 323.80000 313.10000 307.70000 307.50000 307.10000 305.70000 302.90000 298.70000 284.30000 266.50000 262.40062 262.40062 262.40062 269.10000 280.40000 283.50000 290.00000 300.10000 303.10000 304.30000 304.10000 302.60000 302.10000 302.60000 304.40000
573.20000 569.40000 566.50000 565.50000 566.10000 568.20000 562.50000 545.30000 525.20000 505.10000 480.20000 457.10000 435.00000 424.30000 422.10000 419.70000 417.60000 413.70000 407.80000 406.40000 407.50000 406.00000 400.30000 391.40000 385.40000 381.40000 375.30000 365.20000 364.20000 364.70000 362.70000 358.30000 352.00000 342.70000 331.70000 322.50000 312.40000 303.80000 303.90000 304.50000 303.70000 300.70000 293.80000 282.30000 266.70000 262.40060 262.40060 262.50000 270.50000 281.30000 284.10000 291.30000 300.80000 303.30000 303.10000 301.70000 300.30000 300.50000 301.80000 304.30000
569.00000 565.80000 563.90000 563.00000 564.30000 568.70000 561.50000 542.90000 522.00000 500.90000 478.90000 452.10000 430.00000 419.70000 418.80000 418.20000 416.40000 410.90000 405.70000 404.60000 405.50000 404.30000 395.90000 387.30000 381.60000 375.60000 371.60000 364.30000 361.70000 361.00000 359.70000 356.50000 351.20000 342.60000 331.30000 320.00000 310.90000 301.70000 298.60000 299.30000 298.20000 294.20000 287.70000 277.70000 265.00000 262.40058 262.40058 263.60000 274.40000 281.80000 283.90000 291.50000 300.40000 301.80000 300.30000 299.10000 298.60000 299.30000 301.30000 304.80000
569.50000 564.90000 562.10000 561.70000 563.20000 564.50000 556.10000 538.30000 518.30000 496.50000 475.60000 449.50000 427.90000 419.10000 416.60000 416.50000 413.90000 407.90000 401.80000 402.60000 402.30000 399.70000 392.20000 384.70000 378.50000 372.00000 368.20000 362.60000 359.40000 359.10000 358.00000 354.40000 348.80000 341.00000 328.90000 317.20000 308.70000 300.20000 292.70000 290.50000 288.80000 286.30000 283.10000 273.30000 263.80000 262.40056 262.40056 265.40000 279.30000 281.30000 283.40000 290.40000 297.90000 298.70000 297.70000 297.60000 297.50000 298.30000 301.10000 306.00000
572.20000 566.40000 562.10000 559.90000 561.90000 560.00000 552.30000 534.20000 515.00000 493.90000 472.80000 447.30000 427.30000 419.70000 415.00000 414.10000 411.80000 405.80000 400.00000 399.40000 400.50000 395.90000 388.90000 382.80000 375.20000 368.20000 364.30000 356.80000 356.20000 357.30000 357.20000 354.90000 350.20000 341.70000 329.00000 314.20000 305.20000 297.30000 289.30000 283.50000 282.40000 280.60000 277.90000 267.50000 262.40054 262.40054 262.40056 267.90000 280.00000 281.00000 283.20000 288.30000 294.20000 296.10000 296.50000 297.10000 296.70000 297.50000 300.70000 307.70000
572.80000 565.40000 560.50000 558.40000 559.20000 555.60000 546.20000 531.40000 513.70000 492.30000 471.00000 446.30000 426.70000 417.70000 412.60000 412.10000 410.00000 405.20000 398.50000 394.30000 394.90000 392.20000 386.00000 379.60000 374.10000 365.50000 358.30000 352.90000 354.10000 354.90000 354.20000 352.50000 348.70000 341.20000 328.90000 313.40000 305.00000 295.90000 287.20000 279.90000 277.40000 275.30000 271.50000 264.00000 262.40052 262.50000 264.40000 275.40000 281.10000 281.30000 282.80000 286.00000 290.90000 294.40000 295.80000 296.10000 296.20000 297.70000 301.00000 310.10000
569.90000 562.50000 556.20000 556.50000 554.20000 546.90000 536.10000 523.70000 508.90000 490.70000 469.40000 445.30000 425.70000 414.30000 410.20000 410.70000 407.80000 403.10000 398.40000 392.90000 390.40000 388.20000 382.40000 375.70000 365.10000 353.60000 350.00000 352.30000 352.00000 351.40000 349.00000 349.70000 346.10000 339.70000 327.70000 312.60000 303.80000 295.20000 288.50000 282.50000 276.60000 272.90000 264.40000 262.40050 262.40050 263.20000 271.00000 279.10000 280.50000 280.90000 282.20000 284.90000 289.80000 293.50000 294.90000 295.40000 296.90000 299.10000 302.70000 312.60000
564.00000 555.30000 551.10000 552.80000 547.10000 537.10000 525.80000 514.60000 501.50000 484.50000 465.80000 443.40000 424.20000 412.00000 407.60000 406.90000 404.90000 400.50000 394.40000 388.30000 385.40000 383.10000 376.80000 368.80000 355.20000 344.50000 347.50000 350.90000 348.40000 346.00000 343.90000 344.00000 340.70000 337.20000 325.00000 310.30000 302.10000 295.50000 290.00000 283.20000 278.40000 273.90000 264.30000 262.40048 262.40048 265.10000 273.20000 277.50000 279.20000 279.60000 281.00000 284.60000 289.70000 292.60000 293.90000 295.50000 298.30000 300.70000 304.60000 314.60000
553.40000 541.60000 544.80000 545.80000 537.70000 527.10000 515.80000 505.90000 493.60000 477.70000 459.70000 440.20000 422.10000 409.00000 403.60000 403.00000 401.30000 396.40000 389.80000 383.40000 379.00000 376.80000 366.90000 358.70000 349.70000 339.90000 344.00000 348.10000 345.40000 341.60000 337.30000 335.90000 333.20000 327.70000 318.70000 306.70000 300.30000 296.50000 292.20000 284.10000 276.80000 267.60000 262.50000 262.40046 262.60000 267.10000 273.50000 276.00000 278.00000 278.90000 281.70000 286.30000 291.30000 293.30000 294.40000 296.10000 298.50000 302.00000 307.90000 317.70000
542.20000 527.60000 531.60000 534.60000 527.10000 517.50000 507.40000 498.40000 485.90000 468.60000 451.70000 434.20000 417.50000 404.10000 397.30000 396.10000 395.00000 390.20000 385.30000 379.20000 373.20000 370.40000 363.00000 354.60000 346.10000 337.10000 336.60000 341.30000 341.40000 337.20000 327.00000 321.10000 317.20000 314.10000 309.60000 303.20000 298.80000 295.80000 290.10000 281.80000 270.70000 262.40044 262.40044 262.40044 262.80000 267.80000 271.00000 273.50000 276.20000 279.60000 285.30000 289.40000 292.20000 293.80000 295.40000 297.40000 300.10000 304.70000 311.70000 320.80000
534.30000 517.40000 514.80000 521.00000 515.80000 507.50000 498.40000 489.30000 475.50000 458.40000 442.30000 426.00000 410.50000 396.90000 389.90000 389.00000 387.80000 382.00000 379.40000 374.70000 368.90000 364.20000 361.50000 350.40000 341.30000 334.10000 328.30000 329.30000 331.10000 325.70000 315.80000 309.70000 306.70000 304.60000 302.50000 300.00000 297.00000 294.30000 291.20000 280.50000 264.00000 262.40042 262.40040 262.40042 263.10000 271.00000 272.80000 274.30000 277.20000 282.00000 289.40000 291.50000 292.00000 293.70000 296.70000 299.10000 301.60000 306.30000 314.00000 323.60000
528.10000 510.60000 501.40000 505.90000 503.60000 496.70000 489.20000 479.20000 464.30000 448.00000 432.60000 417.10000 402.20000 388.40000 382.10000 383.00000 381.40000 375.00000 371.50000 369.80000 367.40000 361.20000 350.70000 343.00000 333.80000 327.50000 322.20000 319.80000 318.60000 315.10000 309.60000 305.40000 302.60000 300.90000 299.00000 297.30000 294.80000 292.00000 288.20000 269.80000 262.50000 262.40040 262.40038 262.40040 264.10000 271.80000 274.20000 275.20000 278.40000 285.00000 292.10000 294.40000 295.50000 297.50000 300.70000 303.40000 306.20000 311.00000 318.80000 327.50000
519.90000 504.60000 490.10000 491.50000 491.80000 486.00000 478.90000 467.90000 452.80000 437.20000 422.70000 407.90000 393.20000 380.30000 373.30000 374.30000 373.30000 368.50000 365.90000 365.90000 363.40000 355.00000 343.20000 335.70000 328.10000 322.20000 317.40000 314.50000 312.90000 309.50000 305.40000 302.90000 300.70000 299.20000 297.10000 295.60000 292.80000 289.60000 281.40000 267.10000 262.50000 262.40038 262.40037 262.40038 262.80000 270.40000 273.60000 275.50000 280.90000 289.80000 294.90000 297.90000 301.50000 305.90000 310.00000 313.30000 317.50000 321.80000 327.20000 332.20000
