tests/fixtures/watershed_abstraction/mdobre-scarce-belch/dem/topaz/RELIEF.ARC
ncols   274
nrows   267
xllcorner  568331
yllcorner 5029449
cellsize   30.00
nodata_value     0.0
[rows 52 to 77 of 267, columns 180 to 239 of 274]
618.30000 624.00000 627.30000 629.60000 632.30000 635.10000 638.20000 641.30000 644.40000 647.20000 649.50000 651.70000 653.40000 654.00000 654.10000 654.10000 654.20000 654.80000 655.10000 656.40000 657.90000 659.30000 660.60000 663.20000 667.30000 670.90000 672.10000 672.40000 673.50000 675.20000 676.90000 678.50000 681.60000 685.00000 686.30000 686.90000 688.60000 691.30000 693.30000 694.50000 695.00000 694.70000 695.20000 696.30000 696.90000 697.30000 698.70000 700.00000 700.10000 702.30000 703.10000 701.80000 702.10000 703.20000 705.10000 706.70000 707.90000 708.80000 709.90000 710.80000
623.30000 627.10000 629.30000 631.60000 634.50000 637.70000 641.80000 645.40000 648.60000 651.40000 653.10000 653.80000 653.60000 653.40000 653.30000 653.20000 653.50000 653.70000 654.10000 655.70000 657.50000 659.20000 661.30000 665.00000 668.80000 671.20000 671.40000 671.90000 673.40000 674.60000 675.20000 676.80000 679.60000 682.60000 684.90000 686.40000 688.30000 689.80000 690.70000 691.40000 692.30000 693.00000 693.80000 694.70000 695.10000 695.20000 695.80000 697.30000 696.80000 696.50000 697.20000 697.20000 697.60000 699.20000 701.60000 703.40000 704.80000 706.00000 706.90000 707.30000
624.00000 626.70000 629.40000 633.50000 637.60000 641.70000 645.60000 649.20000 652.60000 656.30000 657.30000 656.80000 654.60000 652.70000 652.20000 652.60000 653.00000 653.20000 653.60000 655.20000 657.10000 659.50000 662.50000 665.30000 667.40000 668.60000 668.70000 669.30000 670.00000 671.10000 671.70000 673.20000 675.60000 678.40000 681.40000 683.50000 684.70000 685.70000 686.70000 687.70000 689.10000 690.60000 691.80000 692.30000 692.80000 692.70000 692.60000 693.70000 694.30000 694.00000 694.40000 695.30000 696.60000 698.70000 699.70000 700.40000 701.40000 702.50000 703.60000 704.90000
624.20000 627.60000 631.60000 636.40000 641.40000 645.50000 648.50000 650.80000 653.40000 656.40000 657.50000 656.90000 654.50000 651.30000 650.90000 652.10000 652.50000 652.70000 652.80000 654.00000 656.10000 659.00000 662.10000 663.40000 664.20000 664.90000 665.50000 666.20000 666.60000 667.80000 669.20000 670.50000 672.40000 675.00000 677.10000 678.60000 679.70000 681.30000 682.90000 684.50000 686.20000 687.80000 689.00000 689.60000 690.10000 690.10000 690.00000 690.70000 691.90000 693.00000 693.80000 694.40000 696.10000 697.70000 698.00000 698.00000 698.60000 699.40000 701.30000 703.00000
626.30000 630.70000 635.70000 640.80000 644.80000 647.50000 648.50000 650.20000 652.60000 655.30000 655.40000 654.40000 651.50000 649.20000 649.20000 650.10000 650.50000 650.80000 650.90000 652.10000 654.00000 657.00000 659.60000 660.60000 660.60000 661.00000 662.30000 663.40000 664.60000 666.40000 667.60000 668.60000 670.20000 671.80000 672.40000 673.60000 675.30000 677.30000 679.40000 681.40000 683.30000 684.80000 686.00000 686.60000 687.20000 687.30000 687.70000 688.00000 688.60000 690.20000 692.20000 693.50000 694.90000 695.90000 696.10000 696.30000 696.60000 697.60000 699.40000 700.80000
630.20000 635.00000 638.90000 641.20000 643.90000 645.70000 646.90000 648.20000 650.20000 653.10000 652.30000 650.10000 647.90000 646.20000 646.40000 647.40000 648.60000 649.20000 649.40000 650.20000 651.60000 655.00000 657.00000 658.00000 658.10000 658.20000 659.70000 661.40000 663.40000 665.10000 665.40000 665.90000 667.10000 667.70000 667.80000 669.50000 671.80000 674.10000 676.40000 678.50000 680.30000 681.70000 682.80000 683.50000 684.20000 684.60000 685.10000 685.30000 685.70000 686.80000 688.90000 691.10000 693.00000 694.30000 694.50000 694.30000 695.20000 697.60000 699.50000 700.50000
632.20000 635.50000 637.90000 639.60000 642.70000 644.60000 645.50000 644.90000 645.60000 647.40000 647.20000 645.30000 643.20000 642.30000 643.40000 644.90000 646.30000 647.50000 648.00000 648.70000 650.00000 653.00000 654.90000 656.00000 656.40000 656.40000 657.70000 659.50000 661.90000 662.80000 662.60000 662.50000 663.20000 663.50000 664.30000 666.40000 668.90000 671.30000 673.60000 675.40000 677.10000 678.60000 679.70000 680.50000 681.30000 681.80000 682.30000 682.50000 683.10000 684.00000 685.60000 687.90000 689.90000 691.70000 692.10000 693.20000 695.30000 697.50000 699.70000 701.30000
632.30000 634.50000 637.20000 639.40000 641.40000 642.70000 641.80000 641.10000 641.90000 642.00000 641.30000 640.20000 639.40000 639.20000 640.50000 641.70000 643.50000 645.50000 646.80000 647.40000 648.50000 650.90000 652.50000 653.70000 654.20000 654.50000 655.70000 657.40000 659.10000 659.00000 658.70000 658.30000 658.80000 660.10000 662.10000 664.10000 666.10000 668.30000 670.60000 672.20000 673.70000 675.20000 676.40000 677.40000 678.30000 679.10000 679.30000 679.20000 680.10000 681.70000 683.20000 685.00000 686.60000 688.20000 689.30000 691.00000 693.00000 694.80000 697.00000 699.60000
632.00000 634.30000 636.80000 639.50000 640.80000 641.80000 640.10000 638.70000 638.90000 638.40000 638.20000 637.30000 636.40000 637.40000 638.60000 639.40000 640.70000 642.10000 644.10000 645.80000 647.10000 648.90000 650.70000 651.90000 652.50000 652.80000 653.30000 654.20000 654.30000 654.10000 654.40000 654.70000 655.70000 657.50000 660.20000 662.30000 664.00000 665.40000 667.30000 668.80000 670.10000 671.30000 672.60000 673.80000 674.80000 675.50000 676.20000 677.90000 679.60000 681.10000 682.50000 683.90000 685.00000 686.20000 687.30000 689.00000 690.80000 692.50000 694.10000 696.70000
633.00000 634.70000 635.30000 634.90000 635.20000 636.60000 636.90000 636.50000 635.30000 635.50000 636.30000 636.10000 635.50000 637.50000 639.00000 639.70000 640.20000 640.70000 642.30000 643.80000 644.90000 646.70000 648.70000 650.40000 650.50000 649.80000 650.30000 651.30000 651.90000 652.50000 653.60000 655.00000 655.80000 655.90000 658.10000 660.40000 662.10000 663.20000 664.30000 665.60000 666.70000 667.70000 669.00000 670.20000 671.00000 671.80000 674.30000 678.00000 680.70000 682.60000 683.80000 685.10000 686.10000 686.60000 687.50000 688.80000 690.10000 691.90000 693.30000 695.00000
630.50000 631.10000 632.20000 631.50000 630.90000 631.00000 632.30000 632.20000 631.10000 630.40000 630.40000 632.00000 633.60000 635.00000 636.50000 637.50000 638.90000 640.20000 640.50000 640.90000 641.90000 643.20000 644.60000 646.60000 647.70000 648.70000 650.60000 651.40000 652.40000 654.20000 655.90000 657.40000 658.00000 657.00000 657.10000 659.30000 661.00000 661.90000 662.70000 663.70000 664.70000 665.80000 667.00000 667.90000 668.60000 670.00000 673.50000 677.00000 681.00000 684.30000 686.00000 687.30000 687.90000 688.20000 689.00000 690.00000 691.00000 692.80000 694.80000 696.10000
627.80000 628.30000 628.10000 627.80000 627.40000 626.50000 627.30000 626.60000 626.10000 626.40000 626.20000 627.10000 629.10000 629.50000 629.70000 630.70000 631.90000 633.80000 635.70000 637.20000 641.90000 645.00000 644.50000 646.30000 648.10000 650.10000 651.10000 652.00000 653.10000 655.00000 656.90000 658.70000 659.70000 659.10000 658.00000 659.30000 660.90000 662.00000 662.70000 663.50000 664.30000 664.90000 665.90000 667.00000 668.00000 669.80000 672.70000 676.40000 681.80000 686.20000 688.80000 690.10000 690.10000 690.40000 690.90000 691.90000 693.40000 695.00000 696.90000 698.20000
624.10000 624.30000 623.20000 622.70000 622.80000 622.70000 623.00000 622.80000 622.90000 621.80000 621.20000 622.50000 623.90000 624.60000 626.10000 629.30000 632.40000 635.70000 640.20000 644.60000 648.30000 650.60000 651.20000 651.20000 651.40000 651.60000 651.30000 651.90000 653.40000 655.50000 657.50000 659.10000 660.40000 660.30000 659.20000 659.00000 660.60000 661.50000 662.30000 663.00000 663.80000 664.30000 665.50000 667.10000 668.80000 671.00000 673.60000 677.80000 683.70000 688.50000 691.80000 693.40000 693.60000 693.50000 693.60000 694.70000 696.30000 697.60000 699.00000 700.30000
620.50000 619.80000 618.80000 618.80000 619.90000 620.10000 620.00000 619.80000 617.90000 617.90000 619.00000 621.00000 625.00000 628.10000 630.10000 631.20000 632.60000 636.00000 640.40000 644.00000 647.10000 649.70000 651.60000 652.80000 652.80000 652.20000 651.80000 652.90000 654.80000 656.70000 658.40000 660.00000 660.90000 660.90000 660.50000 660.00000 660.00000 660.90000 661.70000 662.70000 663.60000 665.10000 667.30000 669.50000 671.80000 674.60000 676.60000 679.80000 684.80000 689.30000 693.10000 695.70000 697.00000 697.00000 697.30000 698.10000 699.40000 701.00000 702.50000 703.50000
617.90000 616.40000 616.20000 616.60000 617.10000 617.30000 616.40000 615.30000 615.80000 618.50000 620.60000 622.50000 625.00000 627.70000 629.60000 630.40000 631.70000 634.50000 638.20000 641.50000 644.50000 647.90000 652.10000 654.40000 653.80000 653.00000 653.00000 654.50000 656.80000 658.70000 660.00000 660.70000 661.40000 661.50000 661.50000 661.60000 661.30000 661.80000 662.80000 664.30000 665.50000 667.90000 670.30000 673.40000 677.10000 680.00000 681.20000 682.20000 684.70000 687.90000 692.00000 695.60000 698.10000 699.70000 700.80000 701.70000 702.90000 704.70000 706.50000 707.30000
615.10000 613.90000 614.30000 614.70000 614.80000 614.10000 613.30000 614.30000 617.50000 619.40000 620.30000 621.10000 622.90000 624.70000 626.50000 628.10000 630.00000 632.70000 635.40000 638.30000 643.20000 649.20000 653.90000 654.80000 653.60000 653.30000 653.40000 655.10000 657.80000 659.80000 660.80000 661.60000 662.00000 662.60000 663.10000 663.80000 664.40000 664.60000 665.30000 666.80000 668.30000 670.50000 672.90000 676.70000 681.20000 684.30000 685.20000 684.60000 684.90000 686.30000 689.10000 693.00000 696.90000 700.30000 702.70000 704.50000 706.20000 707.80000 709.30000 710.40000
612.70000 612.00000 612.90000 613.00000 612.40000 611.40000 613.50000 615.90000 617.80000 618.80000 619.50000 621.30000 623.30000 625.30000 626.80000 627.80000 629.60000 631.90000 635.00000 638.90000 643.50000 649.30000 653.90000 654.40000 653.90000 653.60000 653.90000 655.90000 659.20000 661.20000 662.20000 663.00000 663.70000 664.60000 665.40000 666.60000 667.50000 668.10000 668.30000 669.60000 671.40000 673.20000 675.20000 678.90000 682.90000 686.00000 686.80000 686.20000 685.80000 686.00000 687.00000 689.60000 693.50000 698.30000 702.40000 705.70000 708.10000 709.90000 711.40000 713.00000
611.10000 610.70000 611.10000 611.20000 610.00000 611.00000 613.60000 615.60000 617.20000 618.70000 620.40000 622.60000 624.60000 626.20000 627.90000 629.70000 631.50000 634.80000 638.00000 640.60000 643.90000 649.70000 654.20000 654.80000 654.40000 654.80000 655.90000 657.90000 661.50000 663.70000 664.70000 665.80000 666.60000 667.50000 668.80000 670.20000 671.40000 672.10000 672.30000 672.70000 675.40000 677.90000 679.50000 681.30000 683.40000 685.70000 687.20000 687.20000 686.70000 686.60000 687.00000 688.20000 690.40000 694.30000 699.50000 704.50000 708.10000 710.80000 712.60000 714.40000
608.30000 608.90000 608.90000 608.70000 608.80000 612.20000 614.90000 616.50000 618.10000 619.60000 621.60000 624.50000 626.80000 628.60000 630.40000 632.50000 635.10000 638.70000 641.70000 644.30000 647.50000 651.40000 655.20000 656.40000 656.70000 657.80000 659.10000 662.20000 665.20000 666.80000 668.20000 669.20000 670.20000 671.60000 673.90000 675.60000 676.50000 676.90000 677.40000 677.10000 678.60000 681.80000 683.60000 684.30000 684.50000 685.20000 686.60000 687.50000 687.50000 687.50000 687.50000 688.60000 690.00000 691.90000 696.20000 701.60000 706.50000 710.50000 713.00000 714.60000
605.20000 606.10000 606.30000 607.40000 611.10000 614.20000 616.00000 617.50000 619.30000 621.10000 623.60000 627.60000 630.40000 632.40000 634.70000 637.00000 639.80000 643.10000 645.00000 647.80000 651.50000 654.70000 657.30000 659.90000 661.90000 663.50000 665.10000 667.90000 669.60000 671.40000 672.50000 673.40000 675.10000 676.40000 678.10000 680.30000 681.30000 681.30000 681.20000 681.10000 681.00000 683.50000 685.00000 685.30000 685.10000 685.10000 685.90000 687.10000 688.10000 688.20000 688.40000 689.30000 691.20000 693.30000 696.00000 700.00000 704.70000 709.80000 712.50000 714.10000
603.30000 605.30000 608.10000 610.00000 612.30000 614.40000 617.10000 619.70000 622.00000 624.30000 627.00000 630.80000 634.10000 637.20000 640.20000 643.00000 645.20000 647.80000 649.60000 652.20000 655.90000 659.00000 661.60000 665.00000 668.50000 670.70000 672.50000 674.70000 676.20000 677.70000 678.30000 679.10000 679.70000 681.10000 682.80000 684.40000 685.00000 684.80000 684.00000 683.10000 682.50000 683.00000 684.10000 684.70000 684.70000 684.90000 685.30000 686.40000 688.10000 688.90000 689.20000 690.00000 692.70000 696.00000 699.00000 701.50000 704.90000 709.40000 712.00000 713.80000
606.30000 608.90000 611.50000 613.20000 614.90000 616.70000 618.20000 620.80000 624.20000 628.00000 630.40000 633.20000 637.30000 641.10000 644.60000 648.10000 650.40000 652.60000 655.20000 658.20000 661.60000 664.80000 667.70000 671.00000 672.90000 674.10000 675.60000 678.40000 680.90000 682.90000 684.20000 685.10000 685.40000 686.10000 687.20000 688.30000 688.70000 688.00000 686.50000 684.60000 683.50000 683.10000 683.50000 683.80000 684.30000 684.70000 685.10000 685.90000 687.50000 689.00000 690.00000 691.20000 694.00000 698.40000 702.20000 704.80000 707.00000 709.80000 712.60000 714.60000
610.10000 612.10000 613.50000 615.10000 617.40000 619.30000 620.80000 621.90000 625.40000 629.20000 632.00000 635.10000 640.40000 644.50000 648.10000 651.40000 654.70000 657.70000 660.20000 663.40000 667.30000 670.60000 673.00000 675.00000 675.80000 677.00000 678.90000 681.90000 684.70000 686.80000 688.80000 690.50000 691.40000 691.90000 692.40000 693.10000 692.40000 690.80000 688.80000 686.60000 684.70000 683.80000 683.50000 683.70000 684.10000 684.90000 685.50000 686.10000 687.50000 689.40000 691.30000 693.00000 695.10000 700.30000 705.80000 708.40000 709.70000 712.10000 714.50000 716.30000
611.90000 613.60000 615.70000 617.40000 619.70000 621.40000 623.70000 624.30000 627.00000 630.60000 634.20000 638.20000 643.00000 647.00000 650.80000 654.30000 658.60000 662.10000 664.80000 667.80000 671.20000 674.20000 676.80000 678.60000 679.10000 680.70000 683.20000 686.20000 689.10000 691.30000 693.40000 695.40000 696.90000 697.80000 698.10000 698.50000 696.90000 694.20000 691.70000 689.40000 686.90000 684.50000 683.60000 683.90000 684.10000 685.00000 686.40000 687.50000 689.20000 691.60000 694.00000 696.20000 698.00000 701.40000 706.40000 709.00000 710.60000 713.30000 716.30000 719.20000
613.40000 615.20000 618.10000 620.10000 622.40000 624.30000 626.50000 627.20000 628.90000 632.40000 637.00000 641.80000 645.80000 649.30000 652.70000 657.30000 661.50000 664.90000 668.10000 671.10000 674.10000 676.80000 679.10000 681.70000 683.90000 686.40000 689.00000 691.80000 694.20000 695.90000 698.10000 700.10000 701.60000 702.50000 702.90000 703.20000 701.60000 698.00000 694.30000 691.00000 688.10000 685.90000 684.60000 684.40000 684.00000 684.60000 686.30000 688.70000 691.60000 695.20000 699.30000 702.80000 704.40000 705.20000 706.80000 708.40000 709.70000 712.40000 716.90000 722.30000
616.50000 617.50000 620.40000 623.40000 625.80000 627.90000 629.90000 630.50000 632.10000 635.30000 639.10000 644.00000 649.20000 652.80000 656.30000 660.30000 663.70000 667.30000 671.00000 674.10000 677.20000 679.90000 682.40000 685.10000 688.10000 691.10000 693.40000 696.00000 698.50000 700.50000 702.20000 704.20000 705.40000 706.00000 706.30000 705.80000 704.10000 700.90000 696.80000 692.70000 689.30000 686.60000 684.80000 684.60000 684.60000 685.10000 686.40000 690.10000 694.70000 699.50000 704.10000 707.70000 708.80000 707.90000 707.60000 708.60000 709.90000 711.80000 716.30000 722.50000
