tests/fixtures/watershed_abstraction/mdobre-scarce-belch/dem/topaz/RELIEF.ARC
ncols   274
nrows   267
xllcorner  568331
yllcorner 5029449
cellsize   30.00
nodata_value     0.0
[rows 26 to 51 of 267, columns 180 to 239 of 274]
415.30000 415.60000 414.00000 412.20000 412.80000 416.60000 421.90000 425.00000 424.80000 425.60000 429.50000 433.40000 431.70000 433.90000 441.80000 451.00000 456.60000 460.50000 468.90000 479.00000 484.20000 490.40000 499.90000 508.80000 517.50000 525.40000 532.70000 541.40000 550.10000 559.70000 569.10000 576.80000 578.10000 578.50000 582.10000 580.20000 575.80000 573.20000 568.00000 560.50000 557.00000 556.90000 556.10000 554.80000 551.30000 547.00000 547.40000 550.30000 551.90000 555.00000 562.30000 566.80000 567.80000 568.90000 576.90000 584.90000 586.50000 592.30000 594.80000 585.30000
418.60000 419.70000 417.90000 416.80000 418.50000 420.10000 422.10000 426.50000 431.80000 433.20000 437.90000 441.30000 443.00000 442.30000 451.10000 462.50000 470.40000 472.20000 480.00000 489.00000 495.20000 503.50000 513.60000 523.70000 532.80000 541.20000 548.90000 559.00000 569.60000 579.50000 588.10000 595.10000 597.40000 597.30000 600.40000 598.10000 593.50000 592.40000 585.20000 574.80000 565.30000 563.00000 563.90000 565.90000 565.40000 563.30000 564.50000 567.00000 568.50000 571.80000 576.50000 580.20000 581.80000 582.60000 589.80000 599.00000 603.80000 609.00000 607.50000 598.10000
423.80000 424.90000 424.30000 424.20000 425.50000 427.90000 430.80000 435.10000 438.10000 442.80000 451.00000 454.90000 453.90000 453.10000 461.50000 473.50000 479.70000 483.30000 487.20000 494.80000 503.90000 512.70000 526.10000 539.60000 550.50000 559.30000 566.50000 577.30000 589.50000 599.90000 607.10000 611.50000 613.00000 612.80000 613.00000 611.00000 609.50000 611.10000 602.00000 589.10000 579.60000 574.50000 574.30000 576.40000 577.60000 578.20000 579.40000 579.90000 581.20000 585.00000 588.10000 590.30000 592.10000 595.10000 603.80000 615.30000 622.10000 626.50000 622.90000 613.10000
433.10000 435.80000 436.90000 435.70000 436.40000 438.00000 444.70000 450.80000 450.40000 452.40000 466.00000 470.50000 467.90000 462.50000 469.80000 481.10000 485.30000 491.30000 496.20000 502.80000 513.20000 523.20000 536.90000 553.60000 568.40000 579.70000 585.50000 594.50000 607.40000 618.20000 623.30000 625.50000 625.00000 622.90000 620.50000 618.30000 618.50000 618.60000 613.90000 602.40000 594.90000 591.30000 588.70000 587.60000 588.30000 589.40000 589.00000 588.80000 590.80000 595.20000 599.00000 600.90000 603.20000 607.60000 616.60000 629.80000 638.20000 642.10000 639.40000 630.30000
446.50000 448.70000 449.90000 448.40000 448.60000 448.50000 457.30000 464.00000 463.10000 458.30000 464.30000 475.70000 479.10000 473.90000 476.10000 486.10000 492.70000 498.00000 503.10000 510.70000 522.90000 535.00000 547.40000 564.20000 582.60000 597.40000 603.80000 610.40000 622.70000 632.40000 631.40000 629.10000 627.70000 626.20000 624.40000 622.40000 622.00000 622.40000 620.60000 613.80000 611.30000 610.20000 606.20000 603.00000 602.10000 601.00000 600.40000 602.40000 604.80000 607.40000 610.90000 612.00000 615.60000 620.60000 629.40000 641.60000 652.40000 656.60000 655.20000 647.50000
453.80000 454.10000 454.90000 458.20000 459.30000 457.20000 462.50000 469.60000 472.80000 471.50000 472.20000 482.20000 486.10000 486.30000 485.90000 493.00000 498.50000 504.10000 510.90000 519.90000 533.00000 545.30000 557.10000 570.40000 587.70000 605.70000 616.50000 625.50000 630.40000 631.30000 630.60000 630.80000 630.10000 628.00000 625.90000 624.00000 623.00000 623.10000 622.60000 622.30000 625.80000 626.50000 623.70000 621.30000 618.00000 615.10000 615.40000 617.80000 620.50000 622.40000 624.30000 626.50000 630.80000 636.70000 644.80000 655.60000 666.20000 669.50000 668.40000 663.50000
456.80000 459.60000 461.60000 466.30000 468.30000 466.60000 469.30000 475.00000 478.10000 483.00000 483.80000 487.00000 491.80000 494.70000 494.00000 498.90000 503.40000 512.00000 521.20000 530.90000 543.50000 555.50000 567.40000 578.40000 592.90000 610.60000 620.30000 626.40000 629.30000 629.50000 628.80000 628.80000 628.10000 626.20000 624.90000 623.80000 623.10000 623.30000 624.20000 626.80000 632.80000 637.20000 637.80000 638.10000 636.90000 634.40000 633.50000 634.70000 637.90000 640.60000 642.00000 644.80000 648.80000 655.20000 663.70000 672.00000 678.50000 679.70000 678.50000 676.60000
461.60000 464.90000 470.80000 476.90000 477.80000 476.30000 478.10000 485.30000 487.00000 489.90000 491.60000 493.90000 498.30000 503.30000 504.20000 507.90000 514.00000 521.50000 530.90000 541.50000 553.60000 566.90000 578.80000 593.20000 604.00000 616.10000 623.00000 626.30000 628.10000 628.20000 627.70000 626.70000 625.70000 624.50000 623.40000 622.80000 622.70000 623.50000 624.70000 628.10000 633.70000 638.10000 642.80000 647.70000 650.00000 649.30000 648.90000 650.10000 654.10000 658.10000 660.30000 664.20000 669.20000 674.50000 682.10000 685.80000 688.30000 688.40000 687.00000 685.60000
472.50000 479.50000 487.90000 490.30000 488.40000 487.70000 488.20000 496.60000 501.40000 500.80000 500.70000 503.30000 508.90000 514.20000 515.30000 520.90000 527.70000 535.20000 544.40000 555.40000 568.80000 581.70000 594.20000 607.00000 618.30000 622.20000 624.90000 627.50000 628.60000 628.50000 627.60000 626.40000 624.90000 623.00000 622.10000 622.10000 622.60000 623.50000 624.90000 627.30000 630.30000 635.00000 640.00000 644.20000 649.90000 657.20000 660.60000 663.70000 668.30000 672.00000 675.30000 680.00000 685.30000 688.90000 692.90000 694.60000 694.50000 693.50000 692.40000 691.10000
489.40000 499.30000 505.50000 503.00000 500.90000 498.90000 498.50000 508.30000 518.70000 517.90000 515.70000 518.70000 524.40000 528.60000 529.50000 536.50000 546.40000 552.70000 562.80000 573.80000 583.90000 596.10000 607.20000 619.10000 624.70000 627.10000 628.90000 629.50000 629.30000 628.70000 627.40000 625.80000 624.10000 621.90000 621.50000 622.00000 622.60000 623.70000 625.40000 628.20000 631.40000 635.60000 639.40000 643.00000 649.00000 657.30000 662.50000 667.30000 671.30000 675.00000 678.80000 683.50000 688.70000 693.10000 696.00000 697.10000 696.40000 695.00000 693.70000 692.60000
509.60000 515.10000 517.40000 515.80000 514.10000 511.10000 509.60000 516.10000 526.30000 531.60000 532.40000 535.90000 541.40000 545.10000 544.70000 549.50000 560.10000 568.80000 575.80000 584.90000 594.40000 608.10000 621.00000 626.30000 628.40000 629.30000 629.50000 629.50000 628.60000 627.00000 625.00000 623.40000 621.60000 620.70000 621.30000 622.20000 623.10000 624.50000 626.90000 630.10000 633.70000 637.70000 641.30000 644.70000 650.90000 657.10000 662.80000 667.60000 672.20000 676.20000 679.50000 682.70000 686.80000 692.00000 695.70000 697.20000 696.60000 695.10000 693.50000 692.10000
519.50000 522.80000 525.50000 526.90000 526.40000 523.10000 521.60000 524.10000 530.80000 537.10000 541.90000 548.70000 553.80000 557.40000 560.30000 562.70000 566.60000 573.50000 581.60000 589.60000 603.20000 619.40000 626.10000 628.00000 628.70000 628.90000 628.30000 626.60000 624.30000 623.60000 622.10000 620.60000 619.80000 620.70000 621.70000 622.90000 625.20000 627.40000 629.80000 633.20000 637.00000 640.40000 644.00000 647.10000 652.50000 658.70000 664.20000 668.60000 672.90000 677.60000 681.00000 683.00000 686.30000 690.80000 694.10000 695.70000 695.40000 694.00000 692.50000 691.60000
523.80000 527.80000 531.90000 535.90000 536.50000 534.80000 534.00000 533.90000 537.80000 543.30000 548.50000 554.20000 559.20000 562.50000 566.40000 570.10000 573.60000 577.20000 585.70000 595.90000 611.30000 622.20000 625.30000 626.20000 626.80000 626.90000 624.30000 622.00000 620.60000 619.40000 619.10000 619.20000 620.30000 622.10000 623.80000 626.10000 628.20000 630.70000 634.00000 637.30000 640.00000 642.90000 646.90000 651.30000 654.90000 659.50000 664.70000 670.20000 675.70000 680.40000 683.30000 684.50000 686.30000 688.90000 691.10000 692.40000 692.40000 691.90000 691.40000 691.10000
528.90000 532.40000 536.90000 540.60000 542.30000 543.20000 543.10000 542.90000 546.20000 551.20000 556.10000 560.90000 564.50000 566.90000 570.20000 576.10000 581.50000 584.60000 588.90000 598.90000 611.30000 618.80000 621.40000 622.90000 623.00000 622.00000 619.90000 618.50000 618.00000 618.40000 618.70000 619.70000 622.20000 624.90000 627.40000 630.00000 632.50000 635.00000 637.80000 641.00000 643.40000 646.80000 650.40000 653.90000 658.70000 663.50000 667.10000 672.10000 677.80000 681.50000 683.60000 685.20000 686.70000 688.60000 690.00000 690.30000 690.50000 691.10000 691.00000 690.20000
534.60000 536.90000 539.50000 542.10000 544.80000 547.30000 548.60000 550.20000 553.80000 559.20000 564.90000 569.20000 571.60000 572.90000 576.00000 582.80000 587.70000 589.50000 590.70000 595.30000 605.40000 613.10000 616.20000 617.20000 617.40000 617.50000 617.00000 617.30000 617.90000 618.40000 619.70000 621.60000 624.20000 627.10000 630.00000 632.60000 635.00000 637.20000 640.70000 644.60000 648.70000 652.10000 655.20000 659.10000 663.60000 668.40000 672.40000 675.70000 679.20000 681.90000 684.00000 685.50000 686.70000 688.40000 690.40000 689.90000 689.60000 689.90000 690.10000 689.30000
541.40000 543.00000 544.40000 546.20000 548.20000 550.70000 553.30000 557.00000 563.00000 568.90000 573.90000 577.80000 579.70000 581.20000 583.10000 586.80000 590.00000 592.00000 593.80000 595.60000 599.60000 607.70000 612.60000 612.90000 613.80000 615.90000 618.10000 620.00000 621.10000 621.50000 623.30000 626.30000 628.80000 631.30000 633.10000 635.00000 638.00000 641.20000 644.60000 648.60000 652.90000 657.50000 661.10000 664.40000 668.00000 671.70000 675.20000 678.70000 681.40000 683.40000 685.20000 685.90000 686.40000 687.00000 688.20000 688.70000 688.90000 689.40000 689.70000 690.10000
549.30000 550.90000 552.40000 553.30000 554.60000 556.70000 560.50000 565.70000 572.20000 577.30000 581.50000 584.90000 586.30000 587.90000 589.20000 590.80000 593.70000 597.00000 599.70000 601.10000 602.30000 606.10000 610.40000 613.10000 615.60000 618.30000 620.80000 623.00000 624.80000 626.60000 628.50000 631.20000 633.80000 635.30000 637.50000 640.80000 643.90000 646.70000 650.10000 654.20000 658.70000 662.50000 665.80000 668.50000 671.50000 675.20000 679.90000 683.30000 686.40000 688.10000 688.80000 687.70000 687.90000 688.00000 688.20000 688.40000 688.60000 689.20000 690.10000 692.50000
557.30000 559.50000 560.90000 561.60000 562.80000 564.90000 569.40000 574.50000 579.60000 583.80000 587.30000 590.20000 590.90000 592.30000 594.90000 597.10000 600.50000 604.40000 606.90000 608.80000 610.00000 612.00000 614.70000 618.40000 621.30000 623.70000 626.10000 627.90000 629.60000 631.30000 633.20000 636.00000 638.70000 640.90000 644.00000 647.10000 649.70000 652.90000 657.30000 661.70000 665.80000 669.70000 672.10000 674.90000 678.40000 681.90000 685.20000 688.30000 690.40000 691.80000 691.70000 690.00000 689.60000 689.80000 689.50000 689.50000 689.70000 689.80000 690.80000 693.30000
564.70000 567.50000 569.40000 570.80000 572.60000 574.70000 578.00000 581.70000 585.40000 589.00000 592.30000 594.90000 596.10000 598.50000 602.20000 605.30000 608.70000 612.00000 614.60000 617.00000 618.40000 620.40000 623.10000 626.00000 628.70000 630.70000 632.10000 633.30000 634.90000 637.40000 639.60000 642.10000 644.90000 647.30000 650.10000 653.20000 656.70000 660.80000 665.10000 669.80000 673.90000 677.30000 680.30000 683.60000 686.90000 688.80000 690.00000 691.30000 691.50000 691.00000 690.70000 690.00000 690.30000 691.00000 692.10000 691.80000 691.00000 691.20000 691.60000 691.90000
571.20000 574.60000 577.30000 579.40000 581.80000 583.90000 585.50000 588.20000 591.20000 594.40000 597.90000 600.30000 602.80000 606.80000 610.60000 614.20000 617.10000 619.80000 622.40000 624.50000 626.00000 627.90000 630.60000 633.00000 635.50000 637.40000 638.50000 639.60000 641.40000 644.20000 646.80000 649.30000 652.80000 655.50000 658.00000 661.30000 664.60000 667.70000 673.00000 676.80000 680.90000 685.00000 688.30000 691.60000 694.00000 692.50000 690.80000 690.70000 690.40000 690.30000 690.10000 690.10000 690.60000 691.90000 694.80000 697.50000 695.00000 692.80000 692.40000 693.00000
577.10000 580.90000 584.00000 586.50000 589.20000 591.40000 593.40000 596.10000 599.00000 602.00000 604.70000 607.60000 611.40000 615.90000 619.60000 622.90000 625.90000 627.90000 629.70000 631.40000 633.00000 634.30000 636.20000 638.10000 640.60000 643.00000 644.30000 645.70000 648.30000 650.70000 653.00000 655.90000 659.90000 663.50000 666.80000 669.60000 673.00000 676.50000 680.50000 684.60000 688.50000 692.30000 694.60000 695.20000 693.70000 691.70000 690.70002 691.00000 691.00000 691.00000 690.80000 691.10000 692.00000 693.50000 697.00000 700.80000 699.40000 696.40000 694.60000 694.60000
582.70000 586.50000 590.00000 593.20000 596.60000 599.20000 602.20000 605.10000 607.90000 610.80000 613.50000 617.40000 621.40000 625.00000 628.20000 630.90000 633.20000 634.80000 636.20000 637.90000 639.40000 640.10000 641.30000 642.80000 644.70000 646.90000 649.20000 651.20000 653.50000 655.30000 657.50000 660.60000 664.80000 669.60000 673.20000 675.50000 678.20000 681.40000 685.00000 689.20000 692.00000 694.10000 694.60000 693.90000 693.40000 693.00000 692.90000 693.00000 693.10000 693.20000 693.90000 694.20000 694.80000 695.60000 699.30000 702.80000 703.20000 701.00000 699.30000 699.50000
587.80000 592.00000 596.00000 600.10000 604.10000 607.30000 611.30000 614.70000 617.70000 620.10000 623.20000 627.30000 630.60000 633.10000 635.80000 638.30000 640.00000 641.20000 642.40000 644.10000 645.20000 645.60000 646.20000 647.30000 648.90000 650.70000 652.90000 655.00000 657.20000 659.30000 661.60000 665.20000 669.20000 672.90000 675.70000 678.20000 681.70000 685.30000 688.10000 691.00000 693.10000 694.20000 694.00000 693.90000 694.40000 694.60000 694.40000 694.50000 694.30000 694.70000 695.70000 696.60000 697.40000 699.10000 704.60000 709.10000 709.20000 707.10000 705.00000 703.70000
593.30000 598.40000 602.90000 607.50000 611.30000 615.50000 620.70000 625.20000 628.20000 630.40000 632.60000 635.50000 638.40000 640.90000 643.10000 645.10000 646.30000 647.20000 648.30000 649.80000 651.00000 651.40000 651.50000 652.20000 653.70000 655.90000 658.20000 660.20000 661.70000 663.20000 665.60000 668.40000 671.60000 674.70000 677.60000 681.90000 686.90000 689.90000 691.00000 692.70000 695.10000 695.10000 694.80000 695.00000 695.80000 696.40000 696.60000 696.60000 696.80000 698.50000 700.40000 700.30000 700.40000 703.10000 709.40000 711.60000 711.60000 710.80000 709.00000 706.80000
600.30000 606.10000 610.50000 615.20000 619.70000 624.60000 629.30000 632.60000 635.60000 638.70000 640.80000 643.10000 645.70000 648.00000 649.40000 650.40000 650.90000 651.60000 652.90000 654.20000 655.50000 656.00000 656.60000 657.50000 659.20000 661.60000 663.40000 664.50000 665.00000 666.40000 669.10000 672.10000 676.00000 679.70000 682.30000 685.80000 688.90000 690.50000 691.30000 693.20000 695.10000 695.20000 695.30000 696.00000 697.40000 698.70000 699.80000 702.10000 702.60000 704.10000 705.20000 703.70000 703.00000 705.70000 710.00000 710.90000 711.30000 711.00000 711.20000 710.60000
609.00000 615.20000 619.40000 624.00000 628.00000 631.70000 635.00000 637.40000 640.00000 643.20000 646.20000 648.80000 651.10000 652.50000 653.10000 653.40000 653.60000 654.30000 655.20000 656.40000 657.50000 658.30000 659.60000 661.30000 663.90000 667.10000 668.70000 668.90000 669.20000 671.40000 674.00000 676.50000 680.40000 684.20000 685.50000 686.80000 688.30000 690.00000 691.80000 694.30000 695.50000 694.90000 695.60000 696.30000 697.30000 698.30000 699.60000 701.40000 703.40000 706.60000 707.50000 705.60000 705.10000 706.10000 708.10000 709.30000 709.80000 710.20000 712.30000 713.20000
