tests/fixtures/watershed_abstraction/mdobre-scarce-belch/dem/topaz/TASPEC.ARC
ncols   274
nrows   267
xllcorner  568331
yllcorner 5029449
cellsize   30.00
nodata_value    -1.0
[rows 86 to 128 of 267, columns 0 to 95 of 274]
135 122 117 113 110 104 94 87 90 103 115 123 143 171 149 143 159 122 97 99 112 125 134 140 147 166 195 187 142 122 116 115 123 142 150 142 143 141 180 311 298 292 295 302 308 336 44 49 49 43 314 240 240 244 256 275 280 294 207 174 175 168 136 149 290 311 313 312 315 314 299 286 265 205 170 173 212 221 182 117 214 237 228 197 200 245 261 270 275 272 255 239 230 235 239 237
135 121 115 109 105 98 87 73 68 76 92 113 150 178 162 162 188 145 105 105 109 114 122 138 163 192 211 196 145 125 122 119 120 136 145 135 207 270 313 310 306 303 302 303 307 304 16 36 44 45 41 280 252 253 254 261 262 241 156 160 178 166 154 250 289 301 300 302 305 300 290 260 219 155 143 157 222 235 212 178 186 221 220 196 197 232 253 266 270 269 263 253 240 232 229 222
135 120 116 110 105 100 95 92 88 90 95 108 147 182 171 177 206 173 113 110 112 113 114 128 179 209 215 198 156 129 124 121 124 132 135 180 315 316 322 314 308 308 310 307 308 301 314 4 49 62 66 28 272 266 261 252 245 217 177 169 174 164 182 267 285 288 286 283 276 286 308 186 172 154 149 171 215 220 204 195 190 200 211 203 217 240 248 251 254 258 267 272 270 252 234 217
135 117 115 111 106 102 104 111 112 109 107 113 143 185 175 181 203 179 130 117 117 115 111 116 190 219 212 194 165 137 123 120 128 135 0 315 316 318 325 319 306 300 300 272 250 277 288 311 69 83 83 38 289 283 270 243 229 213 197 184 177 198 262 276 273 268 265 253 258 272 72 126 146 161 204 277 341 220 210 206 200 201 214 224 238 246 239 241 246 258 266 270 276 286 284 268
90 114 111 110 105 98 96 99 103 104 104 112 141 187 173 179 194 177 145 128 124 120 110 110 188 216 200 183 166 146 128 124 126 315 319 316 314 317 323 325 311 293 253 220 232 257 266 261 88 87 83 6 287 284 266 229 218 210 205 198 197 232 245 229 238 240 240 251 264 254 156 127 135 203 276 329 19 29 293 252 242 250 263 272 276 283 292 293 296 298 301 308 309 311 322 333
135 117 111 108 104 98 94 95 97 98 99 105 128 182 170 174 188 174 151 135 130 128 113 111 171 201 183 173 164 148 135 131 329 318 327 329 317 314 320 330 323 299 254 241 254 266 269 264 82 79 75 26 271 261 238 214 208 208 209 208 216 227 199 183 211 223 231 240 236 197 159 131 127 275 292 327 44 28 356 339 329 313 308 306 300 302 310 308 308 306 310 315 309 301 301 311
135 125 117 111 109 108 105 105 107 107 103 100 114 165 169 170 181 172 155 141 136 136 127 125 161 186 173 168 162 147 137 0 323 318 327 332 324 317 321 340 354 328 305 299 284 282 287 314 58 66 65 53 254 234 222 211 195 200 212 222 226 215 182 178 202 222 235 234 208 179 160 127 142 264 271 315 28 10 359 354 346 329 310 302 293 289 287 287 288 288 294 299 297 295 296 300
135 134 127 121 118 118 117 117 119 117 112 102 106 136 164 169 176 172 158 147 140 139 141 140 159 177 166 163 158 152 310 322 323 319 323 330 329 325 336 11 18 357 344 330 301 288 288 313 68 63 57 50 19 234 227 219 175 182 215 230 228 206 183 183 208 235 242 229 193 175 166 132 170 254 253 246 342 339 346 359 356 341 313 296 293 293 292 296 300 300 305 312 309 306 303 301
135 136 131 125 121 120 120 124 128 128 125 116 109 120 150 170 176 172 162 158 148 143 149 147 155 170 153 131 323 313 315 319 321 320 318 322 327 335 13 31 7 2 4 346 310 289 272 223 105 70 56 50 38 20 252 228 169 171 214 229 224 208 197 202 234 248 241 215 183 173 170 161 187 246 251 232 228 243 249 274 337 341 314 295 293 294 297 303 308 310 307 307 310 309 307 308
90 122 117 118 116 115 117 123 130 134 135 133 127 122 136 167 181 173 165 166 156 147 150 144 132 270 301 317 320 321 321 319 317 316 312 309 313 359 57 29 355 3 13 357 312 283 261 220 103 75 67 60 50 46 2 235 181 187 237 229 225 222 222 237 263 261 228 191 174 171 180 199 275 283 277 242 218 210 205 208 226 270 301 300 288 286 290 295 298 301 297 296 303 305 307 311
90 101 109 121 120 115 116 119 126 132 137 139 139 131 130 161 186 173 163 164 155 142 146 270 27 320 314 319 322 322 320 316 313 311 304 292 281 93 66 19 347 9 27 0 306 279 271 280 71 90 90 80 68 65 65 291 269 309 329 310 237 241 247 267 276 272 167 164 174 177 249 306 316 320 321 311 238 214 215 227 248 274 296 309 304 290 287 289 293 294 291 293 298 300 303 309
180 128 127 135 130 120 118 120 123 127 131 134 135 134 130 146 198 167 144 130 27 0 329 329 340 328 322 322 323 320 317 315 313 310 298 285 289 24 51 57 158 155 154 213 261 272 273 258 122 121 111 98 91 86 72 358 323 314 337 13 339 266 259 266 270 228 136 151 202 296 301 297 299 311 333 1 333 297 281 287 287 288 294 305 316 307 293 290 292 287 291 298 303 306 308 310
180 153 143 143 136 126 121 122 122 121 125 128 127 128 133 136 199 180 315 339 0 341 328 332 339 335 326 323 322 321 319 318 316 310 293 286 303 350 44 87 138 163 172 207 225 243 243 180 140 141 132 116 103 90 58 338 331 319 323 4 25 306 253 233 222 187 148 183 294 306 293 280 274 269 257 38 358 321 305 301 301 302 304 302 312 312 294 287 292 303 305 305 309 311 312 312
180 159 151 148 144 136 127 121 119 120 126 135 133 131 132 45 0 333 300 315 330 329 333 342 346 339 328 324 323 320 318 317 311 292 277 275 284 322 58 85 108 160 278 238 209 215 210 170 146 145 140 119 86 72 37 315 327 342 329 335 28 37 257 221 204 192 195 280 302 307 302 282 271 259 242 232 257 276 283 289 296 304 309 306 308 311 305 301 305 312 314 312 311 312 311 310
135 154 147 137 129 127 125 123 122 121 126 137 138 134 146 297 0 333 310 318 332 340 342 346 348 337 323 319 318 311 298 273 240 245 249 250 249 225 115 104 106 299 315 45 142 194 195 173 148 137 131 75 46 60 37 298 309 352 338 324 11 30 354 327 303 297 300 305 299 300 305 293 282 279 269 246 249 267 277 282 287 298 311 313 305 305 313 316 313 313 315 316 313 311 310 308
90 93 81 84 94 104 114 117 121 123 129 135 135 141 225 225 301 317 316 322 333 342 347 349 348 333 315 307 299 275 244 223 230 246 247 241 228 193 145 127 128 273 269 97 109 155 184 179 153 129 90 346 34 70 53 288 292 336 336 323 345 11 3 357 355 340 330 315 281 276 280 279 276 269 245 208 248 276 289 293 296 301 312 320 314 308 310 317 319 317 317 318 314 310 308 306
45 45 68 92 102 105 107 109 114 120 130 134 117 0 297 304 312 316 317 319 326 342 357 358 352 339 313 288 265 264 284 312 318 303 290 272 233 174 138 129 143 277 281 72 80 85 125 178 161 140 287 308 55 82 64 284 288 311 324 320 329 354 3 2 2 350 347 335 274 259 259 256 252 233 203 210 256 284 295 301 302 300 307 321 327 327 325 323 323 321 319 319 315 309 303 299
45 87 106 113 110 107 109 113 115 121 129 124 72 333 315 317 313 313 313 312 318 341 3 3 358 350 331 306 294 302 316 336 335 322 321 325 341 48 69 67 13 283 300 27 46 54 66 97 203 290 294 298 63 79 63 282 282 301 313 314 325 349 8 7 10 12 11 9 306 263 255 245 233 216 201 223 260 285 292 295 294 296 304 316 328 337 338 333 326 321 320 321 316 310 307 305
135 107 112 114 107 105 108 111 117 130 135 180 117 310 317 323 319 314 312 309 309 333 8 8 8 11 359 316 294 290 297 325 320 312 326 350 6 26 45 53 19 282 292 357 42 61 71 70 307 296 296 300 28 64 57 283 275 292 304 307 322 352 16 14 12 19 19 18 0 281 255 242 228 217 215 238 258 268 278 287 296 302 307 314 323 335 341 338 330 325 323 326 325 321 320 319
135 109 111 115 110 107 104 102 107 133 117 270 319 317 321 325 317 312 313 310 304 314 70 67 78 91 124 233 254 255 244 222 264 282 300 27 69 77 74 70 46 260 244 226 113 96 93 84 307 300 294 298 348 44 50 302 282 295 300 302 317 354 22 18 11 20 25 23 16 336 273 251 237 236 252 267 272 270 273 285 298 305 307 308 316 326 337 335 328 328 328 330 332 330 330 330
135 111 113 119 116 112 107 104 105 143 0 342 307 305 310 315 306 303 307 312 309 211 147 152 135 117 124 212 245 247 236 213 221 237 225 162 158 164 138 105 110 173 204 207 159 118 110 77 314 314 303 294 316 31 50 318 293 300 303 306 320 358 21 16 8 17 26 25 19 5 334 295 279 282 288 291 295 300 298 298 301 304 303 303 310 319 328 325 322 328 331 331 334 336 340 341
135 112 112 116 115 114 113 112 116 270 270 315 296 290 296 303 298 296 304 328 358 110 121 124 107 92 94 180 247 253 248 218 208 221 221 192 155 158 154 139 130 143 189 209 165 125 116 315 313 330 317 303 310 11 43 318 292 294 300 309 323 359 20 12 4 12 25 26 19 10 357 339 327 319 312 307 306 311 314 311 307 307 302 302 307 314 320 318 318 325 332 334 338 342 349 351
90 108 110 114 111 110 113 117 124 270 252 297 287 283 290 297 297 297 311 13 54 51 21 4 14 42 64 93 245 252 245 207 199 229 238 232 252 50 92 127 128 129 176 206 174 145 315 318 309 320 309 305 304 346 22 315 283 279 284 293 304 353 19 3 358 8 22 25 19 10 359 348 338 327 322 318 315 314 315 314 312 313 310 305 309 317 320 319 319 325 334 339 344 350 0 0
90 103 104 109 108 107 110 120 131 180 225 272 275 278 287 296 297 299 322 36 47 16 352 349 8 45 67 88 229 244 233 203 213 252 259 251 223 146 93 104 120 127 162 196 191 213 262 272 233 243 263 274 277 306 340 335 281 268 266 261 252 254 344 335 342 9 26 25 17 10 357 346 339 329 321 320 321 317 314 313 312 315 314 308 310 317 320 320 322 328 339 346 353 8 21 17
135 104 99 101 102 102 104 116 117 90 225 275 276 281 291 296 296 298 330 44 45 12 345 336 13 66 78 87 192 240 232 213 233 262 268 256 208 177 145 117 111 114 139 190 208 223 218 200 203 244 270 283 298 305 321 350 294 266 258 248 231 217 227 264 288 79 82 27 8 4 352 340 334 328 318 318 324 322 316 312 307 309 312 305 303 309 315 319 322 330 348 16 58 74 72 82
135 119 104 95 93 93 93 93 90 90 315 281 279 283 291 294 293 295 330 53 50 24 346 317 32 74 79 83 116 241 236 226 243 257 258 237 186 178 170 141 105 91 99 169 218 219 211 210 258 294 309 313 309 310 322 357 351 273 260 253 236 222 232 238 211 153 162 249 311 334 338 336 332 329 320 319 326 324 319 314 307 308 311 302 299 303 308 315 319 327 72 111 129 148 142 131
180 139 116 94 86 83 80 71 45 63 333 280 278 281 286 290 290 290 324 64 57 43 12 308 44 77 79 82 97 237 236 228 239 245 236 206 180 174 183 180 117 87 89 130 210 217 227 257 284 297 305 303 303 309 330 4 29 291 264 256 245 247 250 229 194 175 232 290 305 318 332 340 339 335 326 323 324 319 315 313 310 312 311 302 300 300 302 307 288 164 136 137 152 168 160 143
135 151 132 99 82 78 75 65 34 45 315 275 276 278 283 287 287 286 302 82 75 65 51 298 86 86 84 84 90 229 235 228 233 232 218 199 192 193 203 201 154 116 100 102 175 227 270 286 289 281 278 294 298 302 325 20 54 326 267 258 257 275 271 183 195 227 280 303 311 318 331 342 343 338 332 331 325 312 305 303 305 309 306 301 299 295 289 250 182 156 145 151 166 176 167 155
135 148 141 103 79 74 69 60 49 90 90 266 272 275 281 287 291 286 186 116 113 109 112 161 159 104 90 87 87 182 235 234 238 235 225 214 216 226 233 211 156 139 137 140 157 234 267 276 276 262 277 293 294 297 312 56 70 51 258 242 230 214 185 182 211 246 274 296 304 310 321 333 337 332 330 335 327 310 300 295 301 306 303 300 296 285 254 187 170 156 149 154 172 180 166 165
135 140 144 98 73 67 62 58 54 49 153 252 262 269 274 285 302 303 143 131 131 137 141 151 160 127 98 88 84 102 231 235 239 241 239 236 236 236 230 202 140 137 158 167 184 251 257 247 234 243 283 292 294 298 294 79 61 34 297 255 235 206 187 203 249 267 274 286 290 292 294 302 311 311 316 321 312 303 298 297 303 308 304 296 283 254 208 181 171 161 149 150 173 181 169 181
180 155 168 138 83 70 65 65 63 54 153 235 251 261 266 272 297 94 125 129 126 133 144 144 156 135 96 83 79 79 219 230 232 230 226 219 217 220 220 208 148 119 137 190 266 297 297 272 254 264 281 281 283 285 252 56 32 21 347 317 310 330 334 314 305 293 282 279 279 281 287 297 306 309 311 305 298 301 302 303 306 309 304 287 257 219 192 184 179 170 152 153 178 186 183 243
180 171 180 173 136 94 79 76 73 64 27 233 249 259 262 262 250 109 114 120 110 112 130 135 147 104 78 79 81 83 142 231 233 228 220 214 217 226 232 225 167 107 110 240 278 298 324 316 292 275 267 264 259 236 178 223 296 356 343 321 314 330 331 324 320 313 296 282 282 291 301 311 317 320 318 312 307 306 306 306 307 310 306 277 237 203 190 188 181 172 159 164 200 239 298 308
180 173 180 183 171 135 100 86 82 74 51 0 256 262 263 260 240 108 102 107 105 103 109 117 153 194 88 85 85 84 87 242 243 236 226 223 231 242 249 249 212 104 105 229 263 267 268 257 258 255 250 250 243 222 206 238 265 294 302 290 284 292 309 319 325 325 315 289 282 287 296 300 297 293 306 310 308 305 304 305 307 314 311 253 207 182 187 186 178 175 170 215 294 321 324 316
180 171 178 184 182 164 132 104 94 89 98 180 269 268 268 266 257 96 74 73 92 102 106 107 148 190 124 102 93 87 64 301 295 278 263 257 254 253 254 252 232 101 100 201 254 249 230 228 246 246 240 238 236 234 245 283 298 299 303 301 300 306 319 336 341 343 349 321 279 272 271 260 259 287 301 303 304 303 302 302 306 320 158 180 168 171 186 187 188 212 299 316 315 319 319 319
180 170 176 183 184 174 155 125 110 110 127 207 275 273 272 271 270 82 58 71 90 106 128 123 143 181 136 114 107 102 107 293 308 304 286 277 267 259 257 254 239 106 100 156 255 256 247 238 242 240 232 228 235 243 251 271 291 306 314 316 317 318 322 334 341 342 355 1 293 268 263 273 299 302 302 302 304 303 299 295 291 153 146 156 163 185 214 237 293 312 323 321 315 311 311 317
180 176 180 183 184 175 161 138 124 126 135 270 271 271 270 269 261 175 121 106 105 116 143 129 130 163 134 118 115 114 187 260 260 255 256 257 261 263 264 263 256 107 99 130 255 259 251 224 224 222 218 218 239 252 257 268 285 295 306 317 320 314 310 317 324 333 357 21 320 279 279 297 310 300 292 291 290 286 278 260 192 162 155 156 185 278 320 340 330 311 304 306 304 302 299 302
180 181 187 187 181 170 161 145 134 134 270 307 283 276 273 272 260 175 146 121 115 121 143 88 96 129 135 125 120 123 233 261 251 230 237 248 257 266 268 267 260 106 92 110 251 250 222 196 199 206 216 236 251 258 259 261 272 285 295 304 308 314 317 322 325 329 345 16 6 286 259 241 217 216 225 236 242 244 235 201 176 173 168 178 273 297 315 332 326 308 287 276 279 280 279 279
270 187 194 190 180 168 157 145 136 135 315 305 292 282 279 278 264 162 138 122 120 136 217 84 93 117 133 129 123 136 255 267 260 252 266 271 273 272 270 265 251 155 92 102 238 238 208 191 198 220 253 292 295 278 262 244 251 276 287 294 302 313 317 317 317 326 340 1 4 336 276 244 240 232 219 220 223 224 211 187 183 191 208 286 295 295 294 306 322 323 310 297 291 289 292 297
270 225 221 204 180 157 141 135 0 270 270 304 292 283 280 273 241 163 137 127 129 157 208 189 111 104 112 120 120 177 265 260 240 248 274 281 280 273 266 253 228 185 114 115 208 227 210 212 242 278 293 298 306 315 298 265 270 289 299 296 295 291 287 292 305 317 329 347 359 357 343 333 330 342 354 320 246 227 213 201 230 284 313 317 310 303 300 300 305 319 319 315 314 312 312 316
270 252 0 270 252 270 270 270 0 315 311 304 290 283 275 254 209 172 149 138 137 165 210 218 105 78 83 100 119 237 258 232 218 230 244 249 247 245 235 217 202 182 143 134 219 256 261 285 301 299 293 288 291 320 351 296 281 290 298 291 284 275 278 286 298 307 323 339 339 341 344 339 328 341 7 4 344 302 283 293 303 308 317 323 319 313 314 315 315 313 311 313 317 319 322 324
270 288 270 288 315 333 0 0 0 342 312 296 285 278 261 221 194 178 164 151 143 172 230 250 287 71 81 92 130 227 231 213 222 239 240 226 209 205 202 196 194 183 159 165 289 304 310 308 301 289 284 282 282 301 0 315 289 283 279 273 274 288 293 295 296 298 310 327 326 319 322 327 324 335 1 2 0 351 334 321 312 307 313 324 324 319 321 328 329 324 321 319 321 326 330 331
270 333 0 27 333 315 0 333 0 333 295 283 277 271 247 201 189 181 172 160 151 190 237 239 224 118 94 93 131 237 214 188 202 213 215 205 201 208 210 203 201 194 209 297 300 290 284 278 273 277 282 282 284 301 338 329 306 293 283 276 279 290 297 299 298 298 308 325 321 309 303 309 316 331 343 339 349 356 344 331 320 312 314 325 331 329 332 339 338 332 328 324 323 327 329 329
270 297 333 18 0 180 207 243 315 315 281 274 270 262 235 189 182 184 181 167 159 198 220 217 210 169 109 95 107 243 176 161 196 204 216 229 287 317 336 347 349 344 330 323 308 277 260 259 265 281 284 283 290 310 333 336 312 300 303 294 286 283 288 297 304 307 316 328 329 309 295 296 303 318 319 315 331 351 346 333 322 317 319 325 331 332 335 342 340 333 328 323 322 325 325 324
