tests/fixtures/watershed_abstraction/mdobre-scarce-belch/dem/topaz/TASPEC.ARC
ncols   274
nrows   267
xllcorner  568331
yllcorner 5029449
cellsize   30.00
nodata_value    -1.0
[rows 86 to 128 of 267, columns 96 to 191 of 274]
232 230 230 240 251 256 257 260 262 255 157 140 134 129 128 130 138 178 241 293 321 341 348 342 335 322 300 268 241 220 210 224 267 299 321 327 322 318 315 315 320 335 349 347 336 336 341 341 341 330 315 301 296 302 308 316 324 323 314 314 328 344 352 352 345 339 337 335 332 331 331 330 326 325 327 330 335 337 335 331 331 336 340 337 333 331 329 333 346 352 344 341 348 352 353 355
215 216 222 237 250 256 258 260 255 198 151 145 141 136 133 136 153 288 317 326 333 348 357 356 350 345 342 338 332 331 333 335 332 329 332 333 328 322 319 322 325 328 336 341 334 329 329 332 343 346 342 336 333 335 331 327 328 327 320 319 330 346 354 348 341 338 336 333 332 331 330 329 325 324 327 330 334 337 336 333 332 336 341 338 331 329 331 335 347 351 340 341 353 356 357 3
208 213 221 234 247 251 253 250 226 173 154 148 146 142 138 144 287 306 317 321 328 345 357 359 354 349 348 348 345 341 338 335 332 331 333 333 333 329 324 322 325 328 331 334 331 326 323 326 333 339 340 336 337 339 335 331 330 330 327 325 325 333 339 341 340 336 334 332 331 331 330 329 326 325 326 328 330 334 336 335 333 335 338 336 328 326 331 336 345 349 339 341 358 3 9 20
233 224 228 235 244 247 244 231 200 167 156 150 148 147 149 292 307 306 311 315 322 339 350 355 353 348 348 347 344 341 338 332 327 329 332 334 336 333 326 322 322 326 330 330 329 330 330 329 330 335 336 337 341 340 336 334 331 329 327 322 321 326 328 333 335 334 333 330 330 331 331 330 328 326 324 323 326 329 333 335 333 332 335 333 323 321 328 335 342 344 337 340 3 17 21 23
335 313 247 241 243 243 232 212 186 168 159 152 151 161 295 312 312 305 305 309 318 331 338 344 347 343 341 340 338 337 335 328 322 322 328 333 336 334 327 324 326 329 333 331 328 330 334 333 330 332 332 335 342 342 338 334 328 324 323 329 334 328 324 331 336 334 332 331 330 329 327 327 327 327 323 320 322 325 329 333 332 332 332 327 317 316 324 332 334 335 333 340 12 27 18 26
330 358 356 254 243 235 216 194 182 174 165 160 180 305 315 319 319 311 304 304 314 326 329 330 336 333 326 324 325 328 328 322 319 321 326 332 337 337 331 329 329 328 333 334 329 329 334 336 333 331 328 332 339 339 336 331 327 327 332 335 333 326 324 331 335 333 330 328 328 327 325 324 326 326 322 320 321 322 326 330 331 328 328 323 316 313 315 316 318 325 328 344 26 34 18 45
313 352 24 334 248 226 204 188 185 182 178 215 299 311 316 323 327 325 316 310 313 319 321 322 331 329 318 312 315 322 323 320 324 328 329 333 337 339 335 334 334 331 334 337 336 332 333 337 335 330 327 329 333 335 335 336 336 331 331 333 331 324 322 329 333 330 327 326 327 327 325 324 322 320 319 318 321 323 324 325 328 327 327 329 324 312 304 299 301 305 308 351 80 82 79 88
308 335 9 18 340 247 217 212 237 272 311 311 309 308 310 319 331 334 328 319 311 307 308 313 325 331 323 315 315 323 325 323 327 331 330 333 336 338 338 338 336 332 334 337 338 335 333 334 332 328 329 333 335 334 334 338 335 330 332 336 333 326 323 328 332 329 324 321 322 324 323 323 317 311 312 314 318 323 323 329 333 326 327 333 325 286 266 265 261 243 214 171 146 150 155 129
315 326 351 13 12 356 341 335 336 340 336 326 319 311 306 310 323 330 326 322 312 308 307 308 318 327 325 321 323 329 330 324 325 329 328 331 336 340 340 340 336 331 330 331 334 334 333 332 328 326 329 335 337 334 331 331 330 331 334 337 334 327 323 327 329 326 320 314 314 317 317 317 311 307 307 309 315 320 322 328 327 320 320 6 159 196 218 226 216 202 196 180 152 149 158 159
316 322 338 4 13 4 350 343 343 342 338 332 325 318 309 306 313 318 322 330 327 322 319 314 316 321 324 326 326 329 330 325 325 327 326 329 335 339 339 338 336 332 328 328 331 334 337 335 327 321 325 332 336 334 331 331 329 330 333 335 330 321 317 319 320 319 316 309 305 307 311 314 311 307 305 304 306 307 304 309 306 296 258 130 150 185 207 208 197 189 197 194 155 143 156 174
316 321 333 357 11 3 349 345 345 342 341 335 330 326 321 319 325 328 329 335 336 332 329 325 324 325 326 326 324 324 328 327 328 329 326 325 328 330 331 331 333 333 330 331 334 336 337 335 327 322 326 332 337 337 335 332 328 326 328 326 318 309 304 305 304 303 303 301 301 305 310 312 308 303 296 289 283 275 269 259 249 221 161 139 149 182 203 197 189 188 202 199 159 139 149 182
316 321 330 353 12 4 345 343 345 344 345 341 334 330 328 329 332 331 329 333 335 335 333 331 329 329 328 328 324 322 324 325 329 330 324 318 317 319 323 325 327 329 327 326 328 327 328 330 327 324 328 334 337 337 333 329 323 318 314 309 302 298 296 293 290 290 294 299 303 303 303 301 297 288 273 257 249 239 227 218 209 187 159 148 156 183 198 191 189 197 213 204 154 134 142 185
315 318 326 348 7 0 346 343 344 344 345 339 330 327 330 332 328 326 326 330 331 332 331 328 328 329 330 330 326 320 319 318 320 323 318 315 314 315 319 320 318 316 309 302 304 312 319 326 326 324 327 333 335 333 328 323 317 304 300 301 300 301 302 301 300 299 297 296 293 288 283 278 270 250 233 228 225 219 212 208 196 173 156 151 158 183 197 190 194 216 237 226 124 115 132 225
310 313 319 337 358 355 342 338 339 336 334 331 328 328 331 331 326 323 324 327 326 326 326 323 324 325 323 322 319 317 314 310 310 314 317 316 314 311 308 305 301 298 298 303 310 316 319 325 327 326 328 330 329 324 316 311 310 305 309 310 308 309 311 308 302 294 284 275 267 260 252 242 223 211 208 212 214 214 215 205 182 162 151 147 155 182 200 195 204 238 258 274 88 92 135 319
309 314 320 323 327 333 330 328 333 336 334 333 332 331 331 329 326 323 323 326 324 320 320 316 313 308 306 310 312 312 311 312 313 314 315 312 307 301 293 290 294 303 312 316 318 317 317 321 326 327 329 327 314 299 290 297 308 313 318 316 310 310 305 297 287 273 262 255 250 241 228 217 204 202 205 210 216 218 212 194 174 160 152 149 154 177 196 199 222 257 271 303 78 73 323 343
308 311 311 314 321 328 327 328 334 336 333 332 331 332 331 328 326 324 321 323 317 308 305 303 301 299 301 302 304 305 305 308 311 310 307 302 298 295 293 298 304 310 314 316 317 316 315 318 323 327 324 276 249 261 277 296 305 310 316 311 303 298 286 275 265 254 250 252 249 236 217 211 209 212 216 225 229 215 194 182 173 168 164 157 155 169 190 205 235 258 269 296 58 62 325 300
300 309 315 317 322 329 329 326 330 332 329 325 323 325 325 323 323 318 312 315 309 295 290 293 298 296 292 289 290 293 293 294 295 296 295 293 298 302 306 311 314 313 314 316 316 315 314 313 310 219 171 189 230 263 284 297 300 300 303 293 283 272 265 257 248 249 255 258 252 234 216 224 235 238 239 238 219 188 176 175 176 177 175 166 157 165 187 223 250 258 258 258 62 73 134 193
309 318 318 314 318 326 327 323 321 319 314 309 307 309 311 311 312 312 309 307 304 296 294 298 300 297 292 288 285 284 284 284 281 282 289 298 306 312 315 318 318 315 315 315 314 312 306 279 186 168 170 208 260 278 285 289 289 289 282 268 262 259 259 255 247 255 261 262 257 240 234 250 254 247 235 215 186 168 167 172 180 189 189 170 158 165 202 255 266 262 254 250 200 88 102 187
320 324 324 316 311 312 314 313 308 306 305 300 300 303 306 302 298 297 295 301 309 308 303 303 304 301 295 288 284 277 274 277 283 291 300 306 311 317 318 318 317 316 317 313 305 295 260 189 169 170 194 268 282 281 275 273 271 268 261 259 261 263 263 260 262 268 270 270 266 254 249 251 243 228 209 185 167 160 161 170 188 205 202 174 157 178 251 274 275 267 253 248 222 104 98 129
327 328 332 329 320 312 317 324 318 310 300 293 289 292 297 294 289 289 296 304 310 307 302 300 300 294 282 271 264 265 273 283 293 299 303 305 307 312 316 316 312 309 308 298 282 253 208 175 167 204 275 286 282 271 263 256 249 239 245 258 266 269 268 269 274 275 277 276 268 243 233 234 219 204 191 172 158 154 160 181 212 226 221 193 166 266 282 279 276 272 263 252 216 128 109 129
331 327 335 342 337 323 318 315 305 298 294 287 279 279 285 293 300 302 299 297 300 298 291 281 270 262 263 266 271 276 282 287 291 293 295 295 295 294 295 294 287 280 274 264 250 231 213 183 189 273 280 271 257 246 242 237 229 230 241 251 256 260 266 274 279 276 272 265 235 200 211 215 201 194 185 168 155 151 170 205 231 253 262 286 327 325 298 284 285 293 294 271 209 144 130 130
334 323 330 341 337 315 289 277 286 297 302 294 284 279 281 289 294 294 289 285 283 276 264 260 261 271 282 294 302 299 291 286 285 283 282 281 280 271 264 264 265 263 257 250 246 245 246 267 308 273 243 227 228 233 238 241 243 250 254 251 248 250 257 264 270 268 259 238 200 189 207 208 196 195 188 171 157 147 182 234 271 299 322 345 342 334 322 303 298 303 308 278 155 140 136 131
340 319 307 283 262 269 286 296 297 299 298 291 283 276 271 264 253 246 241 240 244 254 271 284 295 302 304 306 309 310 301 291 283 280 277 275 274 274 275 275 273 268 261 254 254 258 268 277 172 190 197 211 237 263 285 300 308 306 298 287 271 260 256 255 256 256 245 218 195 198 218 216 205 210 204 178 164 148 234 282 294 303 325 353 346 338 332 316 302 294 288 137 136 137 137 136
351 300 233 231 263 293 306 309 302 296 291 285 267 248 234 224 223 225 226 225 241 264 290 304 308 311 313 311 311 309 304 298 292 288 280 279 281 288 294 291 278 258 247 248 253 254 232 181 171 181 202 247 277 292 305 315 319 318 321 325 322 305 286 280 276 271 258 230 216 228 243 246 244 252 255 236 34 16 315 299 295 296 315 351 343 333 330 314 290 254 179 143 141 141 143 145
122 177 215 259 289 301 306 307 279 247 240 232 237 254 267 280 289 297 306 313 301 282 280 293 302 304 310 307 303 301 301 301 299 290 284 283 286 290 294 281 236 223 231 234 234 219 191 177 187 232 298 309 304 299 298 303 304 307 318 331 338 334 322 317 315 309 311 327 332 314 281 277 290 306 320 346 4 354 322 309 304 301 315 346 338 328 323 280 189 182 163 149 146 145 146 149
148 185 224 238 236 237 230 207 202 225 241 250 277 294 312 324 323 322 323 331 335 313 280 272 280 281 270 247 240 244 247 260 276 290 294 292 287 275 251 209 196 209 224 222 213 198 192 214 280 315 323 322 316 306 301 300 298 299 308 324 335 335 329 328 332 330 330 342 355 358 340 314 313 328 338 348 353 346 330 316 308 303 313 339 341 336 335 144 147 160 157 149 149 148 148 150
157 202 207 195 200 211 212 208 236 280 300 315 312 304 303 307 309 308 307 314 335 340 308 279 255 245 238 249 263 268 271 268 264 273 284 295 287 251 209 191 196 219 227 217 209 210 241 287 310 320 323 323 319 314 311 312 307 304 311 323 329 333 331 332 339 341 334 341 356 2 356 342 333 342 352 354 344 340 335 321 307 299 304 326 0 53 131 131 133 147 152 148 148 150 150 152
172 202 188 199 241 281 302 319 323 320 316 314 311 305 302 299 299 300 298 296 305 330 330 310 292 289 301 316 322 319 317 315 305 275 257 247 231 214 202 220 256 276 273 267 277 300 306 305 310 319 324 322 320 319 319 322 318 313 317 323 329 334 334 336 345 346 335 337 352 359 359 352 344 347 358 355 340 337 339 329 313 304 301 309 99 127 143 136 134 141 148 147 146 150 151 152
185 195 196 270 306 327 332 331 329 329 323 315 306 302 305 300 291 285 280 274 277 292 318 321 326 329 323 320 321 317 315 321 329 318 297 271 248 249 283 303 313 324 333 333 328 323 315 308 307 315 322 321 322 322 322 324 321 317 319 323 328 332 334 339 346 347 338 334 342 352 357 354 345 346 356 353 340 339 345 339 321 310 293 172 132 138 143 139 137 140 144 145 144 148 151 153
209 229 288 299 309 323 328 327 325 329 326 322 312 304 305 301 289 279 275 279 286 294 307 314 317 319 319 321 323 322 319 317 322 330 333 333 330 329 330 324 321 325 334 334 327 318 312 305 299 302 310 316 323 326 326 328 326 324 323 325 328 330 332 339 346 346 341 336 336 344 351 348 341 342 351 350 342 344 355 352 317 278 187 148 139 139 137 136 138 139 142 145 144 147 152 154
297 324 323 309 307 314 319 319 320 324 323 324 317 308 304 301 292 286 287 294 298 304 314 316 313 315 317 320 323 324 326 326 319 313 319 330 327 326 326 323 320 319 320 326 326 317 310 305 297 298 303 311 321 326 327 329 331 331 330 329 329 331 335 344 347 344 343 342 338 339 342 338 333 336 344 346 345 356 32 78 190 174 157 148 144 140 134 133 135 138 140 143 143 146 153 158
314 323 319 308 304 307 311 311 312 317 316 316 315 310 303 300 300 298 300 304 306 307 313 318 318 316 312 308 310 313 315 316 312 309 312 315 316 317 322 325 322 319 317 321 325 320 315 308 299 296 298 302 312 321 325 324 328 333 335 336 335 335 339 346 348 345 346 349 341 336 332 330 333 333 333 343 7 99 125 145 163 158 152 149 148 143 136 132 133 135 137 140 141 145 160 327
311 311 309 303 301 305 304 300 299 304 307 308 310 311 311 313 317 316 312 313 313 311 314 320 322 318 310 301 295 294 298 301 303 314 320 317 316 315 320 326 326 323 320 320 322 320 320 314 305 298 295 296 303 314 319 317 320 324 332 340 340 334 335 342 346 346 352 356 348 335 328 329 339 334 316 118 133 136 141 151 157 154 150 149 148 145 140 134 133 134 134 137 142 304 325 328
317 312 309 302 297 295 292 286 283 287 294 302 313 323 325 325 326 326 320 316 315 314 316 322 324 322 319 317 311 308 316 314 310 319 323 320 317 316 321 327 327 326 323 320 316 313 318 319 315 307 299 296 299 308 315 315 316 318 324 337 342 336 331 333 339 346 356 0 352 339 328 326 349 117 170 150 143 142 145 150 153 154 150 148 147 145 141 136 135 135 133 137 296 318 321 322
319 314 309 299 289 281 279 277 278 285 296 307 321 330 330 328 328 329 324 319 316 314 316 320 323 322 325 331 326 322 326 325 321 324 325 321 320 320 324 329 326 322 322 324 318 314 318 320 320 317 310 304 300 304 312 321 321 315 316 331 344 335 328 330 334 343 356 4 356 336 302 215 160 155 154 149 147 145 146 149 152 155 151 148 147 145 142 137 136 134 132 280 309 317 319 320
304 303 298 288 281 279 286 294 297 303 307 312 323 330 330 327 327 328 325 320 314 309 311 317 321 322 327 333 328 325 330 334 333 331 328 323 322 321 326 330 325 318 317 323 322 319 321 323 323 324 320 313 306 302 305 316 319 320 321 330 343 337 325 320 316 313 76 129 168 185 177 170 162 155 151 149 147 145 145 146 151 154 152 150 149 147 143 138 136 133 162 299 308 315 317 319
279 279 277 278 285 293 302 306 309 312 312 314 321 327 325 321 321 320 319 318 311 306 308 314 318 322 330 334 329 326 330 338 339 335 329 323 320 317 323 329 326 316 311 316 319 318 320 321 322 324 323 320 314 305 304 315 322 328 329 333 346 322 277 229 193 182 173 168 166 168 170 168 161 155 150 147 146 144 140 140 147 151 151 152 151 150 145 140 140 152 296 301 306 313 315 317
300 304 309 310 309 311 314 313 313 314 315 316 319 319 317 315 312 308 309 313 314 314 315 314 314 321 332 337 329 322 326 336 339 336 328 322 318 314 318 325 328 320 313 313 314 316 320 318 319 323 323 322 318 310 312 319 326 331 326 227 176 182 193 188 177 172 168 166 164 167 172 169 159 153 150 147 147 145 139 139 144 148 148 151 154 153 150 148 164 308 308 307 309 313 314 315
318 323 329 327 321 319 322 322 320 318 318 320 320 315 316 318 317 311 313 317 319 321 321 318 315 319 328 334 326 320 324 333 339 336 330 325 323 320 320 321 325 321 314 313 312 314 318 317 318 321 323 324 324 320 315 315 317 198 165 166 168 174 179 175 171 169 167 165 165 167 172 168 158 154 150 146 146 143 138 139 143 145 145 149 155 159 162 202 316 318 316 314 315 316 314 315
325 329 332 333 328 326 328 328 327 323 321 324 322 316 314 319 321 318 321 323 322 322 322 321 321 325 331 334 328 324 325 330 335 334 328 326 327 329 326 322 323 321 318 318 315 315 317 318 318 323 328 330 333 329 316 289 163 156 160 161 164 171 172 170 168 166 162 162 163 168 173 165 158 156 154 148 145 140 135 137 141 143 143 149 162 179 309 323 322 320 319 318 319 319 317 317
332 334 337 337 332 330 329 329 331 330 329 330 324 316 310 313 318 317 319 323 324 322 321 320 324 331 335 335 330 326 323 322 325 325 318 317 322 328 329 326 324 321 321 322 321 319 320 320 320 325 329 330 333 333 240 162 154 154 160 164 167 169 166 162 161 161 159 161 163 168 171 166 160 159 157 153 148 139 133 135 138 141 143 155 276 324 324 323 321 319 320 321 322 323 322 321
333 336 339 337 331 328 327 329 335 340 341 337 329 321 316 317 322 321 316 320 326 327 325 322 323 329 332 332 328 324 323 320 318 313 304 302 309 318 326 327 324 319 318 323 325 325 327 327 324 325 327 325 333 149 155 154 152 155 161 165 165 164 162 158 158 160 158 161 163 167 170 166 162 160 160 157 150 138 133 134 135 138 146 304 319 322 321 320 318 317 319 323 325 325 325 324
330 335 338 336 328 324 323 329 338 342 342 339 337 332 325 322 326 329 323 324 329 333 333 328 321 320 324 329 327 326 329 328 326 313 296 292 296 305 317 324 324 319 316 321 327 328 329 328 322 319 310 167 152 150 151 152 154 156 162 167 161 155 157 155 155 157 156 159 162 165 168 167 165 164 164 160 150 138 134 133 135 146 291 308 313 317 320 320 317 316 318 323 326 325 325 325
