tests/fixtures/watershed_abstraction/mdobre-scarce-belch/dem/topaz/TASPEC.ARC
ncols   274
nrows   267
xllcorner  568331
yllcorner 5029449
cellsize   30.00
nodata_value    -1.0
[rows 129 to 171 of 267, columns 0 to 95 of 274]
270 270 180 117 180 0 315 270 225 304 275 269 264 251 223 190 180 187 196 173 156 188 206 209 211 197 136 103 112 190 177 194 279 322 318 325 328 330 340 350 355 349 334 333 333 318 301 285 276 282 286 287 293 304 319 324 292 287 296 294 285 279 282 291 297 299 305 319 329 318 300 294 299 312 308 298 305 337 342 328 320 319 323 328 329 330 333 339 340 335 329 325 325 327 324 322
270 315 349 45 27 0 45 270 243 252 258 260 256 243 221 202 189 199 219 189 141 160 197 212 221 216 168 123 126 164 214 285 325 344 334 329 326 323 330 338 346 347 343 341 341 336 330 320 307 285 282 279 274 253 228 220 257 270 278 285 288 285 283 283 283 284 289 306 319 320 308 298 299 306 306 295 294 315 330 324 320 317 321 328 330 330 330 333 337 334 329 327 327 327 322 316
0 11 29 41 41 315 90 135 225 217 238 243 245 241 232 217 211 231 245 194 125 127 187 233 245 245 187 125 127 164 288 301 325 345 332 313 304 303 308 314 323 339 351 341 327 327 328 330 327 290 269 253 233 220 223 247 271 277 278 285 294 295 292 289 288 290 301 315 316 320 317 308 308 308 309 298 295 312 328 325 321 316 315 318 322 325 322 324 333 332 328 325 325 323 313 307
0 10 25 32 37 41 53 90 207 198 226 230 245 248 245 229 228 249 259 169 113 119 242 277 276 276 131 112 125 303 305 309 326 351 348 290 246 240 241 248 248 240 217 245 259 264 272 296 309 293 268 241 228 239 263 286 297 298 295 295 296 298 299 298 298 302 316 329 327 328 325 318 315 313 313 304 301 315 329 326 321 317 315 316 320 324 322 322 327 325 319 316 318 317 317 322
0 16 32 32 37 45 50 90 315 297 225 231 257 259 253 232 231 238 223 175 148 187 295 305 293 288 100 106 266 294 301 306 323 356 32 27 236 231 228 225 219 209 200 214 237 243 249 271 292 301 307 293 271 276 285 295 299 300 305 306 297 290 293 301 303 305 315 327 330 335 335 326 319 317 316 310 308 319 330 330 327 323 321 322 325 328 328 327 324 313 303 304 312 318 320 324
0 31 49 41 40 41 38 37 38 11 45 252 258 258 248 233 229 223 210 186 184 265 301 311 297 302 83 92 273 278 283 291 306 354 41 45 340 260 248 242 236 235 241 256 270 278 282 285 288 295 317 330 298 286 284 287 285 287 295 300 291 286 292 299 300 299 304 316 325 334 337 330 323 321 321 317 315 323 331 333 333 331 329 328 330 331 335 339 338 332 323 317 318 317 314 313
0 38 63 54 51 42 27 26 39 47 135 225 248 254 252 251 250 228 225 229 264 281 282 276 269 264 95 93 267 271 272 275 273 298 25 32 15 331 289 275 275 278 285 289 289 293 301 293 278 269 262 284 288 282 277 276 280 282 282 283 289 295 299 298 294 292 295 303 311 320 327 327 325 325 325 322 321 326 331 332 335 334 334 333 332 332 336 343 346 345 343 338 329 322 314 309
0 14 48 52 56 40 22 27 42 48 46 0 237 241 246 245 248 238 255 268 271 254 223 214 223 201 131 117 254 264 260 250 240 254 313 18 16 358 328 301 297 296 295 289 286 291 301 297 274 254 250 275 287 284 281 283 287 289 289 289 294 299 303 301 294 289 290 295 300 309 317 323 327 327 328 328 326 328 331 331 332 331 331 330 330 331 333 337 341 345 351 348 339 333 328 325
180 249 83 72 58 29 11 34 50 52 47 43 229 228 235 236 227 219 248 254 237 211 201 206 212 196 143 130 245 255 248 238 237 244 227 222 306 349 340 320 310 306 302 295 290 293 296 303 299 288 289 295 296 292 288 288 290 298 305 301 293 292 297 300 298 292 288 289 297 306 310 315 322 325 327 330 329 330 331 331 330 329 328 330 331 330 329 330 333 338 347 349 344 339 336 336
180 189 160 133 102 42 5 46 53 51 46 43 42 228 234 242 233 224 237 229 204 198 203 223 228 208 130 121 243 251 247 245 244 234 209 214 239 270 309 316 312 309 308 306 298 289 281 284 296 296 288 285 283 281 283 286 290 299 309 302 287 282 285 292 295 292 288 287 294 299 299 302 312 318 321 326 326 325 326 328 330 331 330 331 332 331 329 330 332 334 341 346 344 339 338 340
180 195 181 166 165 207 342 45 45 46 49 52 53 90 234 251 254 258 275 261 175 185 189 195 199 204 174 128 239 251 249 248 243 230 225 248 270 277 289 303 311 307 303 302 298 286 268 262 270 278 276 272 272 278 284 285 287 294 306 301 282 276 276 282 289 293 294 295 299 301 297 297 303 308 309 307 307 313 319 324 329 333 332 333 334 334 334 336 338 340 343 346 343 338 337 338
270 276 288 5 333 322 339 6 20 39 55 64 64 54 241 247 250 247 260 305 88 145 184 200 199 196 188 168 232 254 251 248 246 246 265 291 313 313 312 323 328 320 314 304 293 282 272 277 286 295 296 297 297 289 282 280 283 289 306 304 290 281 280 285 294 302 306 309 313 312 304 298 294 289 287 293 302 312 320 324 331 336 336 336 336 336 338 340 342 345 350 351 346 341 334 331
0 358 3 12 6 345 331 335 340 33 56 68 67 55 229 231 228 213 198 189 182 180 232 299 340 349 201 186 246 258 252 253 253 253 261 277 302 307 307 320 319 312 318 290 256 255 266 276 279 283 284 286 283 271 268 274 281 289 306 312 310 306 302 301 305 309 311 316 320 317 304 289 277 277 292 305 313 319 325 328 335 341 341 339 338 337 338 341 342 346 354 355 347 347 331 215
0 12 20 33 36 11 327 332 350 9 47 65 68 58 47 227 221 209 195 190 192 215 266 306 342 12 14 350 306 286 269 262 259 254 253 254 253 252 248 227 238 246 230 223 237 254 262 261 256 244 242 240 239 253 269 277 282 293 310 318 321 321 313 308 306 302 303 308 315 307 279 268 272 286 299 309 315 320 323 326 336 343 343 339 331 323 319 314 289 244 186 175 179 165 168 169
0 26 35 45 46 20 328 331 0 359 36 61 65 58 46 349 273 211 193 207 222 246 257 268 292 7 17 359 331 314 296 279 275 275 271 255 235 228 224 213 216 218 214 240 273 276 264 256 249 236 232 231 238 255 268 273 276 288 306 313 318 314 301 294 288 282 282 281 265 220 235 247 260 274 282 290 296 299 297 298 308 317 278 212 208 206 197 187 183 183 181 177 174 168 165 165
45 49 55 59 56 32 332 327 352 358 28 53 53 45 28 6 354 1 18 37 234 241 246 243 257 305 353 353 332 316 299 286 279 274 269 260 250 227 216 206 202 208 221 243 260 279 281 276 265 256 254 254 258 265 272 275 276 279 283 283 278 265 260 255 255 260 258 241 195 192 221 233 234 243 250 252 247 237 230 218 200 184 177 179 184 187 184 181 179 181 182 177 173 168 163 163
135 96 84 74 62 34 354 343 345 358 18 27 35 38 30 11 357 0 18 43 52 239 249 248 252 272 305 331 333 317 297 287 278 265 242 218 214 223 237 250 260 277 287 292 301 309 308 298 291 278 270 267 266 270 274 276 272 265 255 240 220 225 233 231 239 248 240 215 190 200 224 227 219 226 233 227 213 203 199 194 187 180 176 177 181 183 181 179 178 182 184 178 173 168 163 162
90 100 86 69 48 25 10 356 344 358 4 357 17 39 40 25 6 358 29 58 62 247 251 256 256 274 294 307 324 316 295 285 273 258 243 245 261 288 305 327 331 329 327 320 319 316 305 291 282 267 259 257 260 265 267 265 258 250 243 230 217 226 232 232 238 239 222 200 196 210 220 214 206 214 219 210 198 192 189 187 184 180 177 177 179 181 179 176 178 183 184 180 175 171 164 161
45 79 72 58 39 28 22 9 357 1 340 328 359 41 45 33 17 6 28 60 66 56 241 250 252 262 300 305 311 307 283 264 249 246 256 284 311 317 322 325 324 323 319 312 302 298 286 281 273 273 268 270 272 273 271 265 255 249 244 235 227 235 239 233 228 218 200 191 197 207 206 197 194 201 205 199 191 187 186 185 184 181 178 177 179 180 178 175 178 183 182 181 178 173 166 162
135 100 80 49 37 33 31 24 7 0 334 312 341 25 30 21 12 11 24 46 54 46 326 240 235 221 220 216 205 227 249 262 268 267 271 271 279 287 301 296 292 285 274 261 252 253 263 272 283 287 285 286 285 282 276 266 255 251 248 239 233 240 239 217 202 196 188 188 197 205 203 194 191 197 200 195 188 185 185 184 183 181 180 179 178 179 178 176 181 182 178 178 177 174 169 166
180 132 112 71 53 42 32 34 9 358 342 310 317 4 15 3 3 12 24 34 39 37 26 304 227 209 204 190 179 190 197 208 230 252 278 277 266 255 229 226 226 232 234 235 240 252 262 266 273 281 292 297 295 287 276 263 258 255 248 237 235 240 230 195 184 187 187 189 200 212 214 204 196 200 201 194 187 184 184 183 183 182 181 180 178 179 180 183 188 184 171 170 171 171 171 172
180 158 150 166 159 159 156 101 347 353 344 311 311 350 5 341 348 9 25 30 33 33 22 12 12 210 207 190 180 192 195 201 217 231 244 265 260 257 245 244 258 274 290 294 277 269 265 264 271 289 298 304 306 306 302 279 270 264 253 241 239 238 220 186 178 195 208 209 216 230 235 225 208 205 202 193 187 183 182 182 184 187 186 183 178 178 185 192 197 188 170 162 158 161 174 189
135 163 160 168 180 186 192 217 292 337 334 302 302 341 3 325 329 353 16 30 36 35 20 14 26 37 37 213 231 298 307 251 223 222 221 223 227 243 258 283 290 289 305 300 256 246 250 267 290 301 301 300 303 318 335 309 285 272 263 256 252 245 223 200 248 300 316 328 311 260 245 228 204 197 197 194 190 184 178 180 189 197 198 192 181 177 186 194 196 188 176 170 163 165 192 217
135 159 166 177 204 242 287 309 312 331 319 296 299 339 14 323 314 335 3 31 46 43 19 12 33 42 35 4 324 320 332 1 14 224 212 205 200 204 206 200 200 193 186 188 205 232 262 289 297 299 295 289 287 300 337 320 296 277 264 260 255 248 235 235 260 275 293 318 323 265 237 221 201 193 198 203 207 201 170 165 192 209 214 208 194 176 173 182 188 181 176 181 186 194 219 239
180 169 191 229 282 292 307 324 332 342 307 300 309 351 27 327 292 297 343 34 53 50 22 10 24 33 34 15 342 317 319 359 24 13 327 208 192 194 194 189 185 183 185 194 208 237 268 301 297 293 291 284 272 259 241 261 266 258 252 251 247 234 209 198 202 206 204 199 198 207 213 207 198 195 202 208 211 210 189 167 204 227 227 216 196 169 157 167 177 174 175 189 206 215 207 186
180 221 297 336 347 328 312 318 340 351 300 293 303 4 42 345 289 276 293 32 53 46 18 8 5 13 30 18 352 327 313 344 23 19 10 7 1 348 219 203 198 176 177 206 223 241 255 279 300 302 303 299 280 244 217 221 224 224 229 236 236 213 188 181 187 195 198 198 199 203 202 198 193 193 198 199 201 200 193 186 198 221 216 192 179 166 161 169 176 175 177 196 210 201 183 171
270 296 316 345 8 3 341 335 357 3 287 272 261 153 76 344 311 297 299 356 39 30 9 5 5 0 18 13 355 334 317 327 10 17 16 14 7 6 9 3 356 8 24 287 241 243 255 267 293 300 307 316 322 301 205 210 211 211 218 225 213 188 177 175 184 196 204 209 207 209 207 201 191 187 189 192 197 198 194 192 196 200 192 178 172 165 162 170 178 177 180 195 199 183 175 169
0 301 311 346 23 17 354 359 14 12 281 255 233 201 257 325 325 320 321 344 12 10 0 3 11 9 2 353 350 333 316 318 333 354 6 9 3 7 15 12 4 16 45 56 261 252 255 257 262 269 270 261 187 164 173 189 197 201 202 204 197 183 181 185 187 198 214 225 222 214 206 205 193 178 180 188 196 198 196 195 199 199 188 172 167 162 163 173 178 173 176 189 191 174 171 169
0 292 296 323 29 13 355 10 21 10 334 289 287 309 329 340 341 342 339 346 358 356 350 358 17 24 1 327 330 326 316 311 318 335 349 357 347 353 17 23 14 16 42 56 38 251 246 242 233 228 219 196 176 169 170 180 191 197 193 188 186 186 189 194 196 202 215 220 203 191 194 200 198 183 181 191 193 192 195 200 208 203 184 170 163 160 164 174 174 164 170 184 186 171 172 174
0 288 283 290 350 346 352 20 20 4 352 332 324 332 348 352 351 357 355 354 3 2 345 347 13 28 13 336 321 331 335 315 313 328 343 353 344 339 6 18 10 12 37 49 42 275 232 228 219 208 198 186 177 174 173 179 188 196 193 183 184 188 194 198 200 203 209 203 185 181 188 197 198 191 189 196 193 188 191 198 206 196 177 169 163 161 166 172 170 160 165 182 183 172 175 178
0 322 326 339 346 332 352 23 14 354 345 333 326 335 358 358 352 1 4 6 17 15 347 344 357 10 11 357 338 340 347 332 320 326 340 350 348 343 351 359 2 12 34 42 34 22 326 224 209 198 191 184 180 177 176 180 188 194 192 186 190 198 202 204 204 204 202 194 180 178 189 196 197 193 190 193 193 189 188 193 194 181 173 173 170 169 169 170 170 163 166 181 182 177 179 182
0 346 351 1 1 332 342 9 7 351 338 330 327 341 12 0 345 359 9 17 29 18 346 346 351 355 3 1 349 346 348 343 336 335 343 347 349 349 346 347 357 15 33 36 30 28 24 3 231 191 188 186 185 181 181 186 192 200 198 194 199 203 209 211 207 207 202 194 183 178 184 192 196 195 192 192 193 192 186 186 186 174 169 171 173 174 172 171 174 169 169 185 190 188 194 202
0 346 356 15 20 347 333 350 1 353 338 332 332 353 21 1 341 354 15 29 31 8 345 349 350 346 354 358 353 351 347 343 343 346 350 347 349 352 347 342 349 13 29 30 30 36 29 16 11 6 358 352 354 3 9 353 336 335 302 232 224 215 211 210 208 214 204 186 180 180 184 192 197 196 192 189 192 192 187 186 183 171 164 168 174 177 176 172 176 173 181 288 299 309 325 337
0 338 354 18 25 3 334 338 355 354 342 335 341 4 13 359 351 359 19 29 19 356 346 352 351 343 346 351 353 355 346 339 343 353 357 351 350 352 355 347 339 0 22 29 34 40 28 11 5 5 4 357 359 8 13 6 359 2 7 7 302 239 224 214 213 220 199 176 179 182 187 196 201 196 190 187 189 191 187 186 184 174 165 169 233 318 354 7 357 346 344 331 329 335 339 337
0 332 345 16 22 6 343 338 352 357 352 350 356 0 357 359 5 13 21 16 0 347 346 352 352 345 344 346 352 356 346 335 340 356 2 357 353 353 1 356 334 345 17 31 38 37 20 3 356 3 7 356 359 15 23 16 9 10 14 14 8 5 311 231 226 224 199 170 193 288 296 226 208 205 204 200 202 210 195 189 190 199 277 331 333 341 354 2 359 352 348 344 345 346 343 333
0 335 341 7 13 3 349 344 353 1 0 2 5 356 350 1 17 20 15 1 347 343 345 350 351 347 344 345 350 354 347 337 338 355 4 1 357 354 3 0 335 337 16 36 38 28 13 1 349 1 9 353 0 24 31 21 13 12 13 12 9 12 11 5 356 250 245 305 327 344 351 354 353 351 349 353 354 347 355 8 352 334 338 342 335 332 351 3 351 344 345 347 352 357 352 337
0 342 345 1 358 350 349 350 356 3 7 10 10 355 347 5 24 19 7 355 342 341 344 347 349 347 345 346 350 351 349 345 344 353 2 4 0 356 1 359 339 338 22 40 36 21 9 1 349 0 8 351 4 32 34 19 11 10 11 8 7 13 12 8 11 9 339 325 338 352 354 356 356 353 351 355 357 351 357 7 355 340 340 342 335 327 333 340 342 333 331 346 357 359 358 346
0 347 355 4 347 334 341 353 359 4 12 17 15 0 351 8 20 8 359 351 343 341 344 347 348 346 344 347 349 350 352 354 356 357 0 4 3 358 356 353 345 350 26 42 34 19 9 4 348 357 3 351 11 38 31 13 8 9 12 10 7 12 11 8 10 12 351 328 340 356 353 353 348 347 351 355 352 345 352 5 350 339 350 4 345 337 339 343 346 332 319 335 346 351 0 354
0 348 358 7 351 327 330 351 0 4 14 20 17 7 0 4 4 356 353 350 345 341 342 347 347 345 343 345 348 350 353 359 5 5 2 3 3 357 352 351 352 2 28 38 30 17 11 8 350 347 351 350 19 35 21 6 7 10 14 13 10 10 9 4 7 16 1 333 340 348 349 6 357 341 347 347 335 339 347 349 346 357 10 3 342 332 336 344 353 345 323 326 329 342 2 356
0 347 358 5 353 334 332 348 1 5 13 19 16 9 5 1 356 351 349 348 346 342 342 347 347 345 343 344 346 350 354 0 8 10 6 3 0 354 351 353 356 8 27 32 24 15 12 10 1 351 346 350 8 14 6 3 7 11 15 15 12 10 6 1 6 21 15 354 351 337 342 17 18 347 344 345 339 342 348 350 348 357 8 358 339 328 331 337 351 358 343 333 325 337 0 350
0 348 353 356 352 341 338 348 358 1 9 15 13 9 5 2 356 348 344 346 347 344 343 347 347 346 345 343 345 350 354 0 7 9 7 3 358 353 353 356 0 10 22 24 17 13 11 9 4 358 352 351 356 357 357 3 8 12 16 16 15 12 9 5 12 25 19 6 359 341 342 22 28 357 340 340 341 341 345 355 1 0 359 346 336 332 331 318 330 357 349 332 323 338 359 346
0 344 346 347 345 339 337 344 351 356 3 9 10 8 4 2 357 348 343 344 346 346 345 348 348 346 345 344 344 349 354 358 4 7 6 4 358 354 355 359 3 9 17 18 14 12 10 9 5 0 355 352 352 350 354 4 9 14 18 17 17 17 16 18 24 25 13 6 2 347 347 17 23 3 342 335 337 335 336 357 16 18 353 314 313 326 332 286 296 336 345 333 330 342 354 351
0 337 335 334 334 334 336 342 347 351 357 2 5 6 3 2 358 349 342 342 346 347 348 350 349 347 345 344 346 351 351 351 355 1 5 5 357 353 356 0 4 8 13 15 13 12 11 9 6 0 355 352 349 346 351 4 11 16 20 18 20 22 23 26 25 18 8 3 4 354 349 8 14 6 353 341 340 334 330 356 28 36 16 283 260 240 266 280 289 314 335 339 339 340 348 352
