tests/fixtures/watershed_abstraction/mdobre-scarce-belch/dem/topaz/TASPEC.ARC
ncols   274
nrows   267
xllcorner  568331
yllcorner 5029449
cellsize   30.00
nodata_value    -1.0
[rows 215 to 257 of 267, columns 96 to 191 of 274]
295 293 285 281 276 269 251 219 218 232 245 253 252 243 230 226 236 238 236 241 243 240 242 240 234 229 220 211 203 196 188 178 168 161 154 147 152 231 277 286 284 274 247 221 228 240 241 225 204 196 191 190 189 186 181 177 176 175 170 163 156 171 267 296 310 319 329 336 339 333 326 323 325 325 321 314 311 312 309 306 305 305 307 314 334 347 340 327 319 311 299 293 292 285 277 273
288 289 284 279 270 257 232 215 225 237 243 250 247 237 227 243 253 254 248 243 239 235 235 231 223 218 210 202 197 192 186 177 168 164 159 160 201 274 287 286 273 250 222 221 235 238 226 208 196 188 181 180 181 178 173 172 174 176 174 172 178 262 292 302 312 324 336 342 344 340 333 328 326 326 323 317 312 313 312 310 307 306 306 312 323 332 332 330 330 330 330 332 331 324 306 293
271 274 274 268 257 242 228 227 236 240 245 252 249 236 239 257 260 251 236 230 232 234 230 222 213 207 202 198 193 188 184 177 170 167 166 198 270 289 288 270 245 223 224 235 243 235 216 200 187 179 173 173 174 172 169 171 177 183 188 220 293 305 300 296 292 297 310 321 327 330 332 328 321 318 317 312 306 304 303 300 299 300 303 309 319 328 332 334 336 337 342 347 348 349 334 305
286 284 279 270 259 249 245 248 256 267 277 275 264 242 247 253 243 224 221 227 238 240 229 214 202 196 196 196 195 189 183 176 170 173 191 260 278 279 265 239 225 227 236 241 237 223 205 187 173 169 168 169 171 171 170 178 207 263 312 321 319 315 310 302 286 272 264 264 271 282 300 310 307 300 298 295 291 287 283 280 278 280 287 294 303 314 320 322 326 329 334 335 342 348 315 282
305 305 299 291 279 267 264 265 279 293 302 301 282 255 256 252 234 219 228 240 246 237 216 200 191 191 196 199 198 190 179 174 180 211 265 278 272 255 229 221 225 236 241 235 223 207 189 173 164 163 166 169 174 177 192 261 304 319 331 331 323 314 310 306 288 266 251 246 246 247 250 260 272 274 274 273 271 267 264 261 261 265 273 280 285 289 288 281 265 212 190 192 193 200 230 255
301 305 303 302 292 280 273 274 280 285 288 291 283 279 275 266 255 247 254 250 240 221 199 190 188 195 203 198 192 184 183 191 226 274 287 279 264 233 213 219 231 238 236 225 209 188 173 164 159 161 167 176 197 251 305 314 314 318 328 332 321 299 281 270 256 248 242 236 235 233 233 234 238 246 252 255 257 256 255 255 258 264 268 269 267 263 259 248 207 171 178 200 216 234 256 265
298 300 299 305 304 295 292 288 280 273 262 248 278 292 294 281 273 268 257 236 219 204 195 195 199 208 203 180 172 182 207 248 280 282 274 259 236 210 207 225 235 234 228 218 195 170 161 158 157 161 178 235 294 313 317 314 311 310 313 305 273 246 238 230 223 229 232 226 226 224 224 225 226 232 239 245 249 249 249 251 252 252 251 250 247 245 240 236 197 146 168 226 247 256 261 258
304 299 297 305 309 302 303 300 289 275 251 247 267 280 280 254 243 220 211 206 200 200 202 205 203 198 182 161 161 210 259 274 267 258 244 224 206 198 211 233 237 230 226 213 179 154 151 153 158 173 259 295 307 312 315 314 304 282 225 197 198 209 220 225 225 228 226 219 219 220 224 228 230 233 237 241 240 236 236 236 233 231 232 234 235 234 227 220 196 140 159 225 229 224 236 243
317 306 298 305 302 296 295 294 288 275 241 248 255 250 221 225 226 194 187 192 193 202 209 203 190 179 167 158 181 252 269 264 258 253 233 206 196 201 223 241 242 234 225 203 163 146 146 151 171 277 297 300 304 307 307 292 251 203 187 185 193 205 215 224 227 226 219 213 216 221 232 239 239 237 237 237 232 223 223 225 221 223 227 230 230 221 212 206 190 156 166 212 214 217 231 235
332 319 308 309 299 289 281 277 270 243 216 237 241 223 210 230 227 169 171 187 195 207 207 187 171 165 162 172 237 265 262 251 252 245 221 198 199 222 246 255 248 231 213 186 154 141 143 170 275 302 305 306 301 284 253 216 193 185 184 184 196 211 218 225 225 219 210 205 211 219 230 236 231 225 227 227 222 216 218 221 219 222 226 228 224 210 199 194 182 161 173 205 212 221 227 216
343 331 319 319 315 307 289 269 247 209 201 228 232 213 215 228 204 160 166 180 189 201 195 167 155 154 166 225 265 266 249 248 248 236 208 194 219 258 267 262 241 210 190 170 153 146 156 239 285 299 301 294 263 228 206 195 188 184 185 187 204 220 221 221 221 214 205 201 207 216 224 227 220 215 218 219 216 214 217 218 219 221 224 223 216 204 192 185 173 161 178 202 210 217 217 206
351 342 328 327 328 334 326 292 241 211 214 238 233 207 210 214 186 170 177 178 179 191 180 152 144 148 197 257 268 256 245 248 244 227 200 208 244 263 260 242 216 191 171 159 156 157 201 276 289 287 270 232 205 200 198 193 189 186 185 194 215 225 220 220 221 215 208 205 210 216 221 224 218 214 216 216 215 214 215 217 220 223 221 216 208 198 189 181 166 159 181 199 206 211 213 212
356 347 336 332 335 349 2 353 315 297 285 266 230 185 191 195 183 178 183 178 174 180 169 148 141 153 241 263 261 241 239 242 236 216 198 218 243 243 230 215 203 179 155 149 160 195 276 290 286 264 224 199 195 198 198 193 189 185 187 204 225 231 224 224 225 219 215 212 211 216 222 226 221 216 217 216 215 215 215 218 221 223 218 211 203 195 189 181 163 159 182 195 203 213 223 231
357 351 342 336 340 1 25 20 358 348 321 235 172 157 171 183 184 184 186 177 168 171 162 147 144 195 267 271 248 228 230 233 227 209 199 219 228 220 212 207 198 169 141 141 180 272 289 283 258 216 198 194 194 197 198 194 187 186 194 220 238 240 232 227 221 214 214 212 209 219 229 232 228 220 216 212 213 214 217 220 222 221 215 205 199 194 191 185 164 158 179 195 209 231 247 252
0 358 348 339 345 18 28 16 12 13 36 132 142 144 159 178 189 190 185 173 161 160 156 150 165 267 277 265 221 217 221 225 221 207 202 215 218 212 207 200 188 162 139 140 242 274 274 257 220 195 191 194 199 200 197 194 187 191 212 237 246 240 228 221 215 211 214 215 215 227 237 237 231 217 207 207 211 216 220 221 222 221 213 203 197 193 193 192 172 152 169 204 235 263 269 263
10 15 2 342 357 2 0 8 18 24 48 96 120 130 148 177 190 190 182 169 153 150 153 168 250 279 273 236 207 212 216 221 217 207 205 213 213 207 196 183 174 163 148 173 260 270 260 226 204 193 190 199 207 203 196 194 194 216 247 255 248 232 223 221 212 213 219 224 231 237 238 234 222 204 197 205 214 221 225 225 223 220 212 202 199 193 194 204 190 145 155 219 255 270 267 249
80 96 96 321 335 340 351 10 27 40 66 93 105 112 128 162 180 186 179 164 148 142 157 235 276 278 256 217 204 210 214 217 214 207 206 208 203 191 175 168 170 168 163 230 269 268 243 203 196 194 190 201 211 204 194 197 217 246 259 251 237 226 223 225 216 217 230 237 238 233 228 222 209 194 194 207 215 222 227 227 222 217 210 203 201 193 194 206 193 156 160 225 249 250 240 227
150 159 246 313 331 340 355 22 46 67 85 92 90 84 84 109 149 175 174 158 141 138 196 266 279 270 238 207 195 202 203 199 202 203 200 195 186 175 163 160 169 181 210 262 268 249 211 191 193 196 196 202 209 203 199 213 239 249 246 234 227 223 224 225 221 230 243 239 230 220 212 207 200 194 199 211 218 221 225 225 220 216 212 204 200 191 189 197 186 165 171 219 237 231 225 222
173 239 299 319 324 333 13 58 72 80 83 77 66 60 62 81 111 149 164 154 138 140 231 259 259 243 211 178 177 186 185 179 188 196 191 184 178 170 158 157 182 229 273 277 260 222 197 188 192 200 204 205 204 207 215 232 245 241 234 229 227 226 223 223 230 239 242 227 214 212 207 200 197 198 204 212 219 222 225 223 219 218 214 201 194 188 183 184 180 175 187 224 235 231 229 228
239 289 308 304 281 221 139 103 75 63 59 50 45 52 63 75 88 112 139 144 134 145 226 238 221 210 187 167 171 180 177 170 179 191 187 181 177 169 159 169 244 284 288 262 215 195 189 187 191 202 208 204 206 220 233 239 241 239 236 230 223 223 223 227 236 240 230 205 199 204 199 195 199 203 205 209 216 218 222 224 223 224 215 194 185 184 179 178 184 206 247 265 256 243 238 240
262 272 259 227 204 184 181 326 14 29 35 32 34 48 58 60 61 64 79 98 107 128 208 217 204 199 183 167 171 178 175 168 174 186 184 180 180 173 169 221 268 273 239 196 184 184 184 186 191 203 211 209 219 238 246 242 242 242 236 230 223 224 227 232 237 233 212 188 184 190 192 195 199 202 204 212 220 223 224 227 230 231 215 185 175 177 182 197 258 300 319 324 303 263 244 244
249 231 212 210 208 222 287 321 348 14 24 27 32 42 45 43 43 46 49 52 63 80 157 196 197 198 185 167 168 176 176 173 175 180 177 182 190 185 203 256 257 222 188 178 178 181 185 190 194 205 218 225 238 248 244 241 245 244 234 225 219 221 222 220 222 217 198 183 181 182 189 199 206 218 233 237 237 232 231 235 236 229 205 178 169 179 215 274 302 313 325 337 339 304 253 247
240 221 226 235 254 289 303 305 319 359 21 29 37 43 42 40 41 42 42 42 47 55 71 131 181 198 190 166 163 170 176 181 184 179 176 197 212 212 237 242 218 189 179 181 188 197 216 241 238 219 231 238 242 242 233 233 239 238 232 226 209 205 209 206 204 201 190 183 186 195 227 258 280 292 304 320 303 250 236 235 231 216 197 180 172 212 277 293 297 302 317 338 352 355 316 261
266 263 267 271 276 276 270 265 275 313 12 34 45 48 47 47 48 46 43 41 45 51 57 71 118 181 189 168 158 165 177 190 193 183 186 223 231 217 218 211 194 184 186 209 259 305 324 336 350 5 279 243 232 226 225 229 231 229 226 220 195 183 193 196 195 195 196 202 223 272 304 319 330 324 318 335 350 335 285 248 232 214 198 188 214 278 288 289 288 293 303 323 347 3 0 309
302 309 305 300 292 280 266 266 272 286 350 37 48 49 46 49 53 55 54 51 52 57 61 67 83 129 173 169 163 170 207 262 282 309 283 256 240 229 224 207 200 205 258 292 307 319 328 338 354 20 22 268 230 221 225 229 226 220 215 205 183 170 185 206 217 234 265 295 311 314 309 309 318 316 309 323 344 349 352 336 294 270 278 308 314 303 294 287 285 289 298 316 338 357 4 351
272 286 290 291 296 308 321 321 318 323 346 27 47 51 54 60 64 63 64 69 75 80 83 86 91 108 145 174 192 294 321 333 344 354 354 344 333 328 339 349 337 329 318 309 309 313 319 327 352 28 34 13 291 238 234 230 217 207 206 197 184 178 207 269 299 318 327 326 320 313 299 288 287 292 295 304 319 338 359 3 350 335 331 334 327 315 300 287 284 288 298 311 329 347 357 356
229 227 223 231 254 281 306 314 318 327 347 16 50 70 80 87 89 91 94 103 111 113 113 112 110 112 125 245 302 317 322 333 348 358 1 358 350 344 351 356 347 340 328 312 304 300 302 310 341 27 33 30 22 308 269 253 234 221 220 212 213 264 303 303 303 309 323 328 320 307 291 284 286 293 296 300 301 311 345 4 355 341 335 336 332 326 312 296 289 286 288 294 307 330 346 354
230 230 226 229 237 239 235 234 243 273 342 36 84 99 103 106 110 119 125 127 129 127 125 122 118 116 128 282 299 309 317 330 348 359 2 0 354 351 356 357 349 344 337 318 298 286 288 301 333 14 26 40 46 339 298 298 305 318 324 330 332 327 317 305 295 292 301 318 323 310 297 294 296 300 299 294 286 285 309 343 341 333 333 338 338 334 322 309 305 301 298 296 301 313 325 343
222 223 216 216 222 219 213 214 217 214 197 164 137 125 120 117 120 126 130 131 132 130 126 121 119 119 198 275 286 297 307 321 345 359 1 359 354 353 358 358 353 352 352 338 311 292 287 297 329 3 12 38 52 6 291 288 300 314 325 333 335 334 325 307 292 283 281 289 307 303 299 299 304 305 301 292 284 282 291 309 317 316 320 329 335 335 327 321 321 320 319 312 307 303 307 327
207 203 199 199 204 205 203 205 206 199 190 178 160 144 134 129 128 130 131 130 130 130 127 121 116 119 245 272 276 281 287 300 328 355 1 358 353 353 358 0 359 1 6 1 343 322 305 304 330 0 3 25 43 29 295 259 255 269 291 313 329 337 335 316 294 280 273 273 280 285 287 288 292 298 301 297 289 284 286 295 301 300 300 304 313 321 318 318 320 320 317 310 298 279 271 273
200 198 196 196 199 199 200 203 201 194 188 181 174 164 151 144 140 138 134 129 128 131 132 126 115 120 248 260 261 263 266 274 294 336 358 356 351 351 358 4 7 12 15 11 357 343 327 316 330 354 359 13 30 23 354 292 244 251 266 284 306 323 332 323 305 288 281 282 281 276 269 265 265 274 287 294 294 290 286 285 285 280 273 268 274 284 290 292 292 290 282 264 244 238 233 235
196 196 196 196 195 195 197 200 200 196 192 185 177 168 159 153 146 141 135 129 128 131 134 134 128 144 250 260 258 257 258 261 270 294 346 351 346 346 358 11 22 29 29 23 4 352 341 323 323 342 353 2 11 11 7 10 328 259 258 260 263 273 290 303 302 291 286 286 283 275 264 258 258 263 270 279 284 286 280 272 264 257 253 258 269 275 274 264 252 242 229 217 219 225 224 226
194 195 196 196 194 193 195 198 199 196 192 187 180 172 164 156 147 141 135 127 123 125 129 133 136 190 273 280 277 271 266 266 267 271 294 322 329 336 356 18 34 43 43 33 8 353 351 334 314 320 338 352 356 358 8 25 31 282 261 253 246 243 248 257 267 269 266 262 259 259 258 259 258 259 260 262 263 263 259 255 247 245 249 256 263 263 252 240 229 221 212 208 215 220 218 220
193 195 196 197 195 194 196 198 200 199 194 189 183 176 170 160 148 143 140 130 124 121 122 126 137 264 285 291 292 287 278 273 268 262 247 251 265 278 312 17 36 42 39 30 12 354 352 351 326 304 312 333 345 353 9 34 46 341 268 254 239 233 234 238 242 243 241 237 235 238 244 250 252 250 249 245 242 239 238 238 236 240 244 246 246 241 228 219 218 215 213 211 215 215 212 217
192 194 196 197 196 196 197 198 200 200 195 191 187 182 177 165 148 141 143 141 136 129 124 125 174 268 278 280 278 273 270 268 264 254 237 234 232 227 235 283 5 30 32 25 15 359 352 2 354 315 306 320 336 352 14 38 50 38 268 246 227 223 224 229 234 236 236 233 232 234 239 244 244 242 239 234 229 227 226 226 225 228 232 234 235 230 219 214 217 218 218 216 214 210 211 220
192 194 196 196 197 197 197 197 199 200 197 193 191 188 182 167 147 137 139 142 145 142 133 131 220 261 263 259 258 262 268 268 262 249 239 235 231 230 247 287 325 8 22 22 16 0 353 2 3 338 320 321 332 352 15 32 44 47 291 235 218 217 218 224 232 237 239 238 238 238 239 240 239 235 233 228 223 222 220 218 217 220 223 227 229 226 220 217 222 224 222 216 210 209 213 221
193 194 194 194 196 198 198 196 198 200 199 196 195 193 185 169 147 134 133 138 147 150 141 150 253 271 270 270 273 278 278 272 260 244 237 235 236 245 267 288 310 350 13 20 17 3 351 356 358 350 342 339 341 354 9 20 33 40 37 293 220 217 219 227 238 242 244 243 242 239 237 235 232 229 227 224 221 218 217 215 214 215 220 224 226 224 222 224 227 225 221 215 209 209 215 219
198 198 194 192 195 198 197 196 199 200 199 198 196 188 177 170 160 150 144 140 145 154 160 210 272 285 289 290 290 286 275 264 251 239 233 234 237 247 264 273 283 315 2 14 12 1 351 349 352 354 354 351 349 355 3 13 24 32 34 31 11 235 227 238 248 249 245 243 239 235 230 227 224 223 223 221 219 216 215 215 212 211 219 222 223 225 228 231 232 228 223 217 209 209 212 212
204 202 192 188 193 198 195 195 199 200 199 199 197 181 168 166 162 158 155 146 143 152 190 263 285 291 293 291 289 281 263 249 240 236 235 237 238 243 249 248 245 239 247 346 356 352 347 342 342 351 357 356 355 357 0 7 19 28 32 32 30 21 263 246 248 243 235 232 228 223 216 214 216 219 222 221 219 217 216 216 212 211 222 232 237 242 245 246 241 234 227 215 206 205 206 206
209 202 189 185 190 195 193 195 200 200 198 199 196 170 153 156 154 153 154 144 133 145 260 282 290 295 297 292 285 272 255 242 237 234 235 236 235 236 236 231 227 220 215 222 252 299 322 325 325 336 349 354 357 358 359 6 16 27 32 32 34 37 25 257 241 229 221 219 214 210 205 206 212 220 224 223 222 221 219 218 215 220 241 257 267 272 269 261 248 233 217 199 192 194 196 197
206 198 187 184 189 193 192 196 200 198 197 199 195 164 145 147 142 138 143 138 128 196 277 285 285 286 286 284 278 265 252 244 239 236 233 232 230 229 226 219 218 215 210 215 223 232 244 260 274 288 312 336 349 355 357 4 17 28 33 33 37 42 36 356 252 223 214 212 208 210 215 221 230 236 236 231 228 227 224 224 226 240 259 267 267 265 261 252 233 210 193 182 181 185 188 190
199 194 188 187 190 189 191 198 201 198 196 197 193 161 141 148 150 147 150 148 145 254 277 276 269 264 261 256 249 243 242 242 239 235 232 229 226 224 221 214 211 208 208 213 216 220 226 234 245 255 264 280 312 336 350 4 17 28 35 34 36 38 31 19 8 320 229 218 218 236 260 288 304 300 288 270 257 250 245 244 245 251 256 255 248 242 237 225 203 185 177 175 177 180 185 189
195 192 189 190 190 185 189 201 202 199 195 191 187 168 147 144 148 150 156 164 193 266 271 265 259 255 248 234 222 219 220 223 228 230 229 227 222 220 217 212 209 206 207 211 214 216 220 226 236 246 254 258 261 270 292 355 25 27 30 32 34 33 28 23 22 21 10 273 255 268 282 302 314 317 317 312 304 294 286 278 269 258 250 245 236 229 222 205 185 174 172 175 178 179 187 196
