tests/fixtures/watershed_abstraction/mdobre-scarce-belch/dem/topaz/UPAREA.ARC
ncols   274
nrows   267
xllcorner  568331
yllcorner 5029449
cellsize   30.00
nodata_value    -1.0
[rows 72 to 143 of 267, columns 0 to 95 of 274]
0 1 5 0 1 44 2 3 3 4 5 6 7 8 34 0 1 2 43 1 1 314 2 3 8 92 1 0 0 3 4 0 1 0 0 1 2 3 9 10 11 0 1 776 8640 1 0 0 0 2 213 208 207 205 121 1 0 8 7 6 5 4 8 7 2 1 0 0 0 0 0 6 1 15 19 10 23 2 1 1 0 0 0 1 206 0 0 12 13 11 9 5 2 1 0 1
0 9 0 0 1 2 45 3 4 0 0 1 2 3 44 0 1 2 3 44 4 0 316 3 4 109 1 0 0 1 9 1 0 2 1 2 3 4 0 1 0 12 0 9421 2 1 0 1 3 264 49 20 18 0 79 24 20 19 18 13 12 11 1 0 3 2 0 0 1 3 5 7 17 0 1 9 4 17 5 0 0 0 0 0 1 202 0 0 11 6 3 1 1 0 0 2
0 11 1 0 1 2 3 46 4 5 1 0 0 0 49 1 0 2 3 4 45 5 6 317 0 111 3 0 0 1 2 12 1 3 0 0 1 0 1 2 2 17 1 9720 297 296 286 273 268 2 1 27 0 17 16 53 2 1 0 3 2 1 0 0 2 1 0 0 1 2 0 0 70 51 0 7 0 3 10 4 3 1 0 0 1 199 2 0 1 1 1 0 0 0 0 0
0 14 3 0 0 2 3 4 47 5 6 2 1 1 51 2 0 4 0 4 10 46 0 7 318 0 116 1 0 1 2 16 2 4 1 0 0 2 0 0 4 5 9741 2 1 0 8 9 8 7 1 0 26 18 11 15 52 45 41 35 27 9 8 6 2 1 0 0 1 0 3 73 2 1 50 2 3 2 2 9 6 3 0 0 0 1 190 1 0 0 0 0 0 0 1 0
0 1 19 1 0 1 3 4 5 48 6 7 3 2 54 3 0 1 6 0 0 11 47 1 8 319 118 2 1 0 2 3 17 3 5 2 1 1 3 5 6 7 9751 2 1 0 0 7 6 5 4 0 4 1 5 10 14 5 2 4 6 16 4 3 2 1 0 0 1 2 1 86 4 1 0 49 1 0 1 1 1 1 1 0 0 0 187 1 0 0 0 10 8 6 3 2
0 1 22 2 0 1 2 4 5 6 49 7 8 4 58 4 0 3 7 0 1 1 14 63 66 76 320 122 0 2 1 3 4 18 4 6 3 2 2 3 4 0 9763 3 2 1 0 6 5 4 4 3 3 0 4 9 5 7 4 1 3 5 10 7 2 1 0 0 1 2 95 2 1 1 0 45 2 1 0 0 0 0 0 0 0 1 183 2 1 33 31 19 18 8 2 1
0 0 3 26 0 1 2 3 5 6 7 50 8 9 64 5 1 4 8 0 1 2 3 4 5 6 84 444 0 1 3 2 9 0 19 5 7 4 8 9 15 1 9764 10148 10143 9 7 6 5 3 3 3 2 2 3 8 2 1 6 3 0 2 4 1 3 1 0 0 1 5 100 3 1 0 0 32 11 1 0 0 0 0 0 0 2 3 177 36 35 0 10 9 8 8 4 3
0 1 0 31 1 0 2 3 4 6 7 8 51 9 10 71 2 5 9 1 2 0 1 2 3 0 1 87 446 0 2 4 13 0 1 20 6 8 9 10 27 2 19915 0 0 10131 12 4 3 0 2 2 2 1 1 2 7 1 0 5 2 1 1 1 0 0 0 0 3 109 1 0 0 0 0 21 8 8 7 5 3 1 0 0 0 0 114 20 12 11 3 2 1 7 7 6
0 2 5 33 2 0 1 3 4 5 7 8 9 52 10 83 0 3 6 12 3 0 1 2 3 4 0 0 88 448 3 5 14 0 1 2 21 7 8 9 28 19921 1 0 0 10117 2 1 0 2 1 1 1 1 0 0 1 6 0 2 1 1 0 0 0 0 0 2 114 2 1 0 0 0 0 1 17 7 6 5 4 2 0 0 2 4 39 67 6 5 0 1 0 0 6 5
0 1 2 9 37 0 1 2 4 5 6 8 9 10 53 11 84 1 4 24 0 0 1 2 0 4 5 1 1 538 4 6 15 1 0 2 3 26 27 38 19959 7 2 1 0 0 10110 1 0 0 0 0 0 0 0 0 0 0 5 2 1 0 0 0 0 0 1 121 14 10 9 8 6 4 1 0 1 14 1 0 0 0 0 0 14 20 10 6 66 50 49 46 45 44 39 36
0 1 2 3 14 39 0 2 3 9 16 24 34 10 11 54 12 85 2 31 0 0 0 0 3 1 5 6 2 546 0 7 16 0 2 1 3 4 5 20005 0 3 2 1 0 0 2 10104 1 1 0 0 0 0 1 1 0 1 0 1 1 0 0 0 2 2 0 162 20 12 11 6 3 1 1 0 0 5 5 2 0 0 3 12 0 3 7 1 5 14 11 8 3 1 3 1
0 0 1 2 3 19 40 1 3 0 0 0 1 37 11 12 68 82 169 206 1 0 0 1 1 4 2 13 0 551 0 0 8 17 1 3 2 0 1 20008 8 6 5 1 0 0 1 6 10094 1 1 1 0 3 2 13 11 6 3 1 0 0 0 1 0 7 168 3 3 6 2 3 1 0 0 0 0 1 1 1 0 0 0 7 0 1 3 2 0 4 1 1 3 0 0 2
0 1 0 0 1 2 23 41 2 4 1 1 0 0 38 51 52 54 56 57 209 0 1 1 2 7 3 14 0 1 553 0 1 9 18 2 7 0 0 20024 5 4 3 2 0 0 1 1 10089 5 2 1 4 24 20 5 2 1 1 0 0 0 0 2 2 183 5 4 2 2 2 1 2 0 0 0 0 0 0 0 1 0 0 5 0 0 0 1 1 2 0 0 0 2 1 0
0 1 2 1 2 3 4 29 72 3 5 2 2 2 0 0 0 0 0 1 60 210 1 2 2 11 4 15 0 1 4 559 3 0 10 22 8 1 20041 14 13 5 4 2 1 0 0 1 2 10077 2 5 25 0 1 0 1 1 0 0 0 1 0 0 202 11 10 3 3 1 1 1 0 1 0 2 0 0 0 2 5 1 0 0 3 2 1 0 0 0 1 0 0 2 1 0
0 1 2 6 7 8 9 10 26 100 4 6 6 3 0 2 0 0 1 2 3 61 211 2 6 12 21 0 0 1 0 0 560 5 11 23 9 20044 1 0 6 5 2 3 1 0 0 1 1 4 10066 28 1 2 2 1 0 0 0 0 1 0 2 2 207 0 3 1 2 2 0 0 0 0 0 4 2 0 0 0 10 1 0 0 0 0 6 5 4 3 2 1 3 0 0 1
0 1 2 3 4 5 6 14 1 3 105 5 14 4 0 4 1 0 1 0 0 4 67 215 7 35 1 0 0 1 2 1 1 569 12 0 20175 94 7 6 5 2 1 1 2 0 0 0 1 1 1 10028 10 6 2 1 0 0 0 1 2 0 1 215 0 2 1 2 0 1 1 0 0 0 1 6 4 1 0 0 0 14 1 0 2 7 16 15 14 13 12 11 6 4 2 3
0 1 2 3 4 5 6 0 0 0 1 108 21 5 1 7 0 0 0 2 1 3 4 289 44 2 1 0 0 1 2 3 6 570 0 20196 0 0 83 23 2 1 1 0 0 1 0 0 0 0 0 10010 5 4 3 2 1 0 0 3 3 0 223 3 2 1 0 0 1 0 0 1 0 0 1 9 7 1 0 2 0 15 3 0 11 18 0 0 0 0 9 8 7 6 5 0
0 1 2 3 4 5 6 7 0 1 2 3 131 6 0 11 1 0 0 1 3 0 1 292 48 2 1 0 0 1 2 6 14 0 20788 0 4 3 58 17 1 1 0 0 0 2 1 0 0 1 2 10008 8 6 1 0 1 1 0 4 0 5 228 3 2 1 0 0 1 0 0 0 3 0 3 5697 5677 5676 4 1 16 0 5 12 20 0 1 1 5291 5289 5278 5277 5276 5275 5274 5271
0 2 5 6 7 8 9 10 19 20 21 22 136 7 0 15 0 0 1 1 2 4 5 6 345 2 0 1 0 1 2 3 19 20791 0 17 6 2 17 39 16 0 0 1 3 2 1 0 0 1 2 9995 0 0 3 2 2 1 5 0 1 236 0 0 0 0 1 4 1 0 0 1 1 9 5700 0 0 3 5664 5542 5524 5521 5511 5408 5381 5380 5376 5370 76 73 7 5 3 1 1 0
0 0 1 2 3 4 5 6 7 8 9 10 171 8 0 17 1 1 0 2 2 3 0 1 356 0 1 2 0 1 2 0 20818 5 4 9 5 2 1 16 38 15 14 11 6 2 1 0 0 2 5 9990 0 0 0 0 3 8 1 0 239 0 0 1 2 2 5 0 0 0 0 1 4 5713 1 0 0 1 5 112 14 1 1 88 4 0 0 2 0 1 64 0 0 0 0 0
0 1 0 1 2 0 0 0 0 0 1 2 3 181 0 19 2 2 0 1 3 3 4 0 359 1 2 3 1 2 20845 20841 19 7 3 5 2 1 1 0 15 37 16 12 4 3 2 0 0 1 1 9978 3 1 0 1 4 9 3 240 1 0 1 2 6 6 1 1 0 1 0 1 5724 0 0 0 0 2 1 1 94 13 0 0 87 2 1 0 1 0 0 63 46 16 10 5
0 1 2 0 0 3 1 1 1 1 0 0 1 188 1 20 3 3 1 0 2 4 4 5 361 2 3 4 20879 20850 0 0 10 6 2 2 1 1 0 0 14 3 15 2 6 3 0 0 0 0 3 2 9968 4 2 0 0 15 245 2 1 0 2 3 14 7 4 1 0 2 0 1 5727 2 0 0 0 0 0 0 1 91 12 3 0 86 45 44 40 18 16 13 15 28 4 3
0 1 2 3 1 1 4 2 2 2 2 1 0 1 191 21 4 4 2 1 0 3 10 0 369 20902 20898 20893 0 25 16 4 9 2 2 1 1 0 0 10 2 2 2 11 1 1 1 0 0 2 1 1 1 9958 2 0 0 17 249 2 1 0 3 19 10 1 0 0 1 3 1 0 5728 5 1 0 0 0 0 0 0 0 89 7 1 0 39 0 2 20 0 1 12 14 27 3
0 2 5 3 4 2 2 5 3 3 3 3 2 0 195 22 5 5 3 2 0 5 11 0 21275 1 0 0 5 7 10 3 4 3 1 1 0 0 0 8 1 1 1 5 4 0 0 0 0 0 0 0 3 1 9948 0 0 6641 6621 2 1 4 20 15 3 2 1 0 2 4 2 5855 5853 113 111 1 1 1 1 0 0 0 2 85 6 1 0 37 1 1 19 0 0 11 13 26
0 1 0 6 4 5 3 3 6 4 4 4 4 3 0 220 6 6 4 3 21388 21386 21379 21366 88 77 19 7 4 6 3 5 2 3 2 0 0 0 4 2 0 0 0 0 3 3 2 0 0 0 1 2 0 0 0 9944 6645 1 0 6363 29 21 19 2 1 0 0 1 3 5 5862 2 1 1 0 107 100 0 3 5 3 1 0 1 84 3 2 1 34 0 0 17 16 10 10 12
0 0 2 1 7 5 6 4 4 7 5 5 5 5 4 226 7 7 21429 21423 27 22 16 0 9 56 10 6 3 2 2 2 4 1 2 1 0 2 0 0 0 0 0 0 0 2 1 0 0 1 0 1 2 3 4 3297 21 1 0 0 6331 21 0 2 1 0 0 4 5884 5873 1 0 1 0 0 0 2 96 86 78 73 16 15 0 0 83 34 32 0 33 32 31 19 4 9 9
1 0 1 3 2 8 6 7 5 5 8 6 6 13 20 21697 21469 21439 0 1 3 4 6 7 8 55 9 2 2 2 1 1 1 3 0 1 0 1 0 1 0 2 1 2 0 0 0 0 0 1 2 0 1 2 3268 0 4 13 0 1 0 6305 3 0 0 0 0 5902 11 10 7 1 0 0 0 0 0 3 0 0 3 55 2 13 10 6 40 0 31 30 19 10 10 18 3 8
2 0 1 2 4 3 9 17 8 6 6 9 7 8 21723 3 0 20 0 0 2 3 5 6 7 54 5 2 1 1 1 0 0 0 2 1 0 0 0 1 5 9 47 52 1 1 0 0 1 1 2 6 152 154 3263 0 0 2 12 0 0 3 6295 1 0 1 5911 6 3 2 9 4 3 2 0 1 0 0 2 1 0 2 51 1 1 9 5 39 28 9 9 7 9 9 17 2
3 0 1 4 8 5 4 0 18 9 7 7 10 21744 0 0 0 1 16 0 1 2 4 5 6 53 2 1 1 0 0 0 0 0 0 0 0 0 0 0 1 33 0 0 56 2 1 1 0 2 5 144 0 1 3103 1 0 1 10 0 0 1 7 6283 6267 6248 10 3 1 0 1 8 5 4 3 0 6 4 3 2 1 0 1 50 0 0 8 4 9 17 8 8 6 8 8 16
0 6 10 11 12 22 29 35 1 19 30 47 0 21745 2 0 0 0 14 5 0 1 3 4 5 50 1 1 0 0 0 1 9 7 5 3 1 0 0 1 28 1 0 0 1 62 2 2 0 1 136 0 0 1 3100 1 0 0 1 7 0 2 3 14 3 10 324 5 2 1 0 0 1 0 0 7 0 12 11 10 6 4 1 0 49 37 7 7 3 8 16 7 7 5 7 7
0 1 0 0 0 1 2 3 36 39 40 41 91 21746 28 24 1 0 7 2 1 0 2 3 4 5 43 0 0 34 32 28 13 9 6 2 0 1 1 12 6 5 0 0 2 5 72 3 0 130 1 0 0 0 3097 3 2 1 0 5 0 1 2 13 2 8 0 323 4 3 2 1 0 1 0 9 18 4 3 1 2 0 1 0 5 4 28 6 6 2 7 15 6 6 4 6
0 0 0 1 3 4 5 0 4 5 6 0 93 21777 0 3 16 3 3 2 1 0 1 2 3 1 2 42 40 3 1 0 3 2 1 2 0 0 4 9 5 3 0 0 1 1 2 80 122 4 1 0 0 1 3091 7 6 5 0 2 1 0 1 12 1 7 5 8 307 2 1 0 2 1 0 29 35 34 33 0 0 1 0 0 4 0 2 27 5 5 1 6 14 5 5 3
0 0 1 3 4 5 6 13 15 16 24 0 0 21873 0 2 11 3 2 2 1 0 0 1 2 0 0 0 0 0 0 0 0 1 1 0 1 0 1 1 4 1 0 0 0 0 1 22 17 0 1 0 0 2 3074 2 1 0 4 3 1 0 0 11 0 6 4 7 66 236 4 3 2 0 31 39 2 1 0 32 31 22 14 6 2 0 1 15 10 4 4 0 5 13 4 4
0 1 3 0 0 1 2 3 4 0 26 21887 21885 8 6 1 3 2 2 1 1 0 0 0 0 0 0 0 1 0 0 0 1 0 0 0 0 0 0 0 3 0 0 0 0 0 1 19 10 4 0 0 0 0 1 3070 6 5 4 1 2 0 0 9 4 0 3 6 9 55 230 5 1 32 87 46 45 3 2 1 0 7 6 6 5 1 0 14 4 4 3 3 2 1 12 3
0 1 2 4 1 0 0 1 7 0 21927 0 0 0 1 3 0 2 1 1 0 0 0 0 0 1 3 9 4 3 1 2 0 0 0 0 0 0 0 0 0 0 2 0 0 1 2 16 1 9 2 1 0 0 1 3060 4 3 2 1 0 1 0 7 3 0 1 5 8 6 47 223 176 129 27 10 9 40 31 19 14 6 6 5 5 4 0 8 4 3 3 2 2 1 0 11
0 1 2 6 5 2 1 2 11 21930 0 10 9 8 6 0 2 1 1 0 0 0 1 29 34 38 39 61 6 5 4 0 2 1 0 0 2 1 1 0 0 1 5 0 0 1 7 0 1 0 8 2 0 0 1 3048 3 2 1 1 0 0 1 4 2 0 2 1 7 5 6 39 45 12 12 15 8 8 7 10 3 6 5 5 4 4 3 3 3 3 2 2 1 1 0 5
0 2 3 0 8 15 19 20 33 21931 0 2 1 0 0 5 4 1 0 0 0 4 25 2 2 0 1 64 2 1 0 0 3 6 2 0 0 3 6 2 1 1 9 0 0 1 0 3 0 0 1 2 0 0 0 3043 2 1 0 0 0 0 1 1 1 1 0 1 4 4 5 38 33 10 11 11 5 7 7 6 9 2 5 4 4 3 3 2 2 2 2 1 1 0 0 4
0 1 2 7 0 1 2 3 0 21966 4 7 6 5 4 3 2 1 0 0 2 16 2 1 1 0 1 2 71 2 1 0 11 3 2 1 0 0 0 8 3 2 12 1 3 0 0 0 0 0 0 0 1 0 0 3038 2 1 0 0 0 0 0 0 0 0 0 1 1 3 4 37 25 6 9 10 10 4 6 6 5 8 1 4 3 3 2 2 1 1 1 1 0 0 2 0
0 0 1 2 11 12 13 18 20 21967 5 18 9 8 7 6 2 1 0 0 1 13 1 0 0 0 1 2 81 2 1 12 4 2 1 0 1 1 0 0 10 15 32 2 5 1 0 0 0 18 15 10 8 5 1 0 3036 2 1 1 1 0 0 1 0 0 0 0 0 1 3 36 1 22 5 8 9 9 3 5 5 4 7 0 3 2 2 1 1 0 0 0 0 0 0 0
0 1 2 3 4 5 6 7 0 21990 6 25 5 4 3 2 2 1 0 0 1 4 5 0 0 2 3 4 87 14 13 5 3 1 0 0 0 4 1 0 1 2 3 42 2 1 0 1 24 3 1 3 0 1 2 0 3025 6 5 2 1 1 3 0 0 0 1 1 0 0 2 18 16 0 21 4 7 8 8 2 4 4 3 6 2 2 1 1 0 0 0 0 0 0 0 0
0 1 0 1 2 3 4 21 23 22015 40 6 5 4 3 2 1 1 0 0 1 1 3 0 0 1 2 3 107 0 6 4 2 0 1 0 1 5 2 0 0 1 2 53 0 3 2 29 3 1 0 0 2 1 0 1 0 3023 3 2 2 7 2 1 0 1 7 2 1 0 1 3 13 15 10 9 3 6 7 7 1 3 3 2 2 1 1 0 0 0 0 1 2 1 0 1
1 2 0 1 4 5 6 7 0 0 22065 6 5 4 3 2 1 0 0 0 0 0 0 0 0 0 1 2 3 122 5 3 4 2 1 0 2 6 4 0 0 0 1 56 5 3 34 3 1 0 0 5 4 1 0 0 0 3018 4 3 10 1 0 0 3 18 9 8 5 2 0 2 12 14 1 7 8 2 5 6 6 0 2 2 1 1 0 0 0 0 1 3 3 2 0 1
0 5 0 1 1 3 6 7 8 0 22067 5 4 3 2 1 1 0 0 0 0 0 0 0 0 0 1 2 3 136 4 5 3 2 0 4 15 7 1 0 0 1 0 0 57 45 1 0 0 0 10 3 2 1 0 0 2 2998 12 11 0 0 0 1 23 2 1 0 1 1 1 1 11 11 1 0 6 7 1 4 5 5 2 1 1 0 0 0 1 0 1 6 4 3 1 2
0 7 0 0 0 1 1 4 14 0 0 22079 4 3 2 1 0 0 0 1 1 1 1 1 2 0 1 2 3 141 6 4 0 1 5 16 0 0 1 0 0 1 3 1 58 80 1 0 0 11 4 3 1 1 0 0 1 2 2989 2961 2 1 1 2935 39 3 2 1 0 0 0 0 0 10 10 0 0 4 6 0 3 4 1 1 0 0 0 1 2 1 0 2 12 4 0 5
0 9 0 1 0 0 1 1 2 19 21 22084 3 2 1 0 0 0 0 1 4 2 2 2 5 0 1 2 3 4 156 1 2 6 17 1 1 2 1 0 0 2 9 2 142 1 29 27 24 7 1 0 0 0 0 0 0 0 4 21 2956 2954 2953 4 2868 31 17 16 15 14 13 12 3 1 9 9 8 3 3 5 2 2 3 0 0 0 1 2 3 2 0 1 16 5 1 1994
1 10 1 2 0 0 0 0 1 6 8 22116 3 2 1 0 0 0 2 1 2 8 3 3 9 0 1 2 3 4 167 30 26 18 2 2 3 2 1 0 0 0 1 159 2 1 0 0 0 3 2 1 0 0 0 0 0 0 2 19 0 0 5 3 3 2867 12 8 7 6 3 1 7 0 0 8 1 3 2 2 1 1 1 2 1 0 2 3 4 3 0 3 2169 2151 2142 71
2 11 2 3 0 1 0 1 2 3 0 0 22125 3 2 1 0 0 1 5 0 1 11 16 14 0 0 1 2 3 209 5 4 3 3 4 11 7 4 2 0 0 1 164 1 0 0 0 5 4 3 2 1 0 2 3 1 0 0 0 18 16 0 4 2 2 2866 2 1 0 1 0 0 6 5 3 5 0 2 1 1 0 0 0 0 1 3 4 5 4 1 2182 7 3 70 3
3 12 3 4 1 0 2 0 1 2 3 22133 5 4 3 2 0 0 2 4 11 0 1 2 33 0 0 0 1 2 253 39 38 35 29 15 2 1 0 0 0 0 1 171 1 0 1 6 5 4 3 2 1 3 115 110 108 106 100 98 0 0 14 9 3 1 1 2865 2 1 0 0 6 5 4 0 2 4 1 1 0 0 0 0 0 3 4 5 6 2205 2199 9 2 2 2 69
4 13 4 5 2 1 0 3 0 1 4 22139 4 3 2 1 0 0 0 0 1 14 0 0 37 1 0 1 0 1 257 0 0 0 0 7 6 5 4 2 0 0 1 172 19 18 15 7 0 0 0 0 4 116 0 0 0 0 4 0 96 54 3 8 2 0 0 2 2858 16 15 14 5 3 1 3 1 1 1 0 0 0 0 1 1 5 2410 2404 2363 1 1 1 5 1 1 1
5 14 5 6 3 2 1 0 5 8 22145 5 4 3 2 1 0 0 0 0 0 1 15 1 3 40 0 1 2 3 264 1 0 0 0 0 4 3 2 1 0 0 1 199 1 0 0 0 1 1 1 0 131 8 6 4 2 1 0 3 8 31 53 2 7 1 0 0 2837 2 1 0 0 0 0 0 0 0 0 0 0 0 1 1 10 2430 0 33 146 0 0 0 0 4 0 0
6 15 6 7 4 3 0 2 0 22174 18 5 4 3 2 1 0 1 0 1 1 0 18 19 21 45 0 1 2 3 270 4 3 1 1 5 4 3 2 1 0 0 1 202 2 1 1 0 4 0 3 135 2 1 0 0 0 5 4 0 2 7 30 52 1 6 0 0 40 2794 0 0 0 0 0 0 0 0 0 0 1 1 0 15 2463 1 17 0 31 145 3 2 1 0 3 2
40 32 15 0 5 0 5 3 22176 0 0 5 4 3 2 1 0 0 2 1 2 3 0 0 0 23 46 1 2 278 27 26 25 24 21 14 4 3 2 1 0 0 1 2 209 2 0 6 0 5 260 123 122 120 2 0 6 1 0 2 1 1 6 29 51 0 5 0 0 37 2792 2774 2773 2771 2766 1 1 1 0 1 2 2 2545 2527 56 29 0 16 30 0 139 124 120 94 89 72
1 0 0 1 6 1 10 0 22197 18 5 4 3 2 1 0 0 0 1 3 2 8 0 0 0 1 26 47 2 313 2 1 0 0 1 0 3 2 1 0 0 0 0 0 213 1 0 7 276 268 3 2 1 0 116 21 13 10 7 5 3 0 0 5 28 50 0 3 1 34 1 13 1 0 1 2761 2724 1 0 2 2606 2567 18 3 5 55 28 25 15 29 6 6 2 24 3 15
22252 22251 22249 22246 22238 22234 22220 22216 15 0 10 9 4 3 2 1 0 0 1 2 4 12 2 0 0 1 2 30 79 315 0 0 1 2 1 0 0 0 0 1 1 0 0 1 525 307 303 292 7 5 2 1 0 0 1 91 1 0 1 0 0 2 1 0 4 27 49 2 0 33 0 8 1 0 0 29 3 2719 2658 2638 19 31 1 13 2 4 54 1 24 14 28 5 5 1 23 2
22486 22485 22482 3 0 0 1 1 1 13 0 3 2 1 0 1 0 1 0 2 3 21 3 1 0 0 1 2 399 0 1 0 5 5 2 1 1 1 0 2 2 1 0 533 3 1 1 1 6 0 4 3 2 0 0 11 76 1 0 0 56 55 53 49 16 3 26 48 1 1 30 5 1 0 25 2 2 3 54 15 10 18 30 0 12 1 3 53 0 23 13 27 4 4 0 22
1 0 1 22477 1 0 0 0 0 1 9 3 2 1 0 2 1 2 1 0 7 26 0 0 0 0 1 2 401 0 3 6 6 0 0 0 2 2 791 787 779 2 760 221 9 0 0 0 0 5 4 3 2 0 2 4 2 73 60 59 1 0 0 2 31 15 2 25 47 0 0 29 4 0 24 1 1 2 45 7 14 9 17 29 0 10 0 2 52 11 10 12 26 3 3 12
1 0 0 0 22475 0 2 1 0 0 4 3 2 1 0 3 2 3 2 1 8 28 1 1 0 0 0 1 408 4 0 7 7 1 2 811 810 798 2 1 3 772 5 2 210 8 7 6 5 4 3 2 1 1 1 2 0 1 11 9 4 3 2 1 1 30 14 1 24 46 2 1 28 3 23 0 0 1 36 7 6 13 8 16 28 8 0 1 39 11 10 9 11 25 2 2
2 1 0 0 0 22472 22441 0 5 4 3 2 1 0 0 4 3 4 3 2 9 29 4 1 1 0 0 1 416 0 0 9 1058 1047 817 0 4 2 1 0 2 4 3 0 1 209 204 197 6 5 4 3 1 0 0 0 1 0 0 0 3 2 1 0 0 0 29 13 0 23 42 0 0 27 2 22 21 0 25 9 6 5 12 7 15 27 7 0 1 36 10 9 8 10 24 1
9 0 3 6 25 0 0 22438 1 0 2 1 0 1 5 4 0 9 3 0 0 40 5 4 1 0 0 0 0 418 11 1061 0 225 1 1 1 1 1 0 1 1 1 2 0 2 0 5 189 2 1 0 0 0 0 0 57 56 55 54 53 10 9 8 7 6 5 28 12 11 10 40 11 10 26 1 0 20 12 11 8 5 4 11 6 14 26 6 0 25 9 9 8 7 9 23
5 1 2 0 11 5 0 22429 0 0 7 3 2 6 5 1 0 17 2 0 0 2 47 12 4 2 0 0 1 420 1080 2 0 222 1 0 0 0 0 0 0 0 0 0 0 0 0 0 3 185 1 0 0 1 1 79 20 3 2 1 0 41 32 30 13 12 2 4 27 11 10 9 27 13 9 25 16 12 19 11 10 7 4 3 10 5 13 25 5 14 9 8 8 7 6 8
4 0 1 4 10 4 0 22 22403 10 0 18 17 9 2 0 19 0 0 0 0 4 64 2 1 0 0 0 3 1508 2 2 1 0 220 0 0 0 0 0 0 0 0 0 0 0 1 0 0 1 182 4 2 87 84 3 1 15 12 9 2 1 7 0 15 8 8 1 3 26 10 9 8 12 12 8 7 2 11 18 10 9 6 3 2 9 4 12 24 4 13 8 7 7 6 5
3 0 1 1 4 3 0 20 2 22388 22386 23 3 2 1 20 3 1 0 0 1 70 7 5 2 0 0 2 1518 0 2 1 1 0 0 218 3 1 1 1 1 1 0 2 1 7 4 3 2 1 0 176 95 6 5 3 0 0 1 1 5 0 0 6 3 5 7 7 0 2 25 9 8 7 11 11 7 6 1 10 17 9 8 5 2 1 8 3 11 23 3 12 7 6 6 5
2 0 0 3 2 3 13 18 1 0 0 22360 23 22 21 4 0 1 0 1 73 11 2 0 1 0 0 1 1523 1 0 1 0 0 0 2 208 111 108 105 102 99 97 93 90 81 75 2 1 0 0 0 78 1 0 0 2 1 0 0 0 3 2 1 1 2 4 6 6 1 18 5 8 7 6 10 10 6 5 0 9 16 8 7 4 1 0 7 2 10 22 2 11 6 5 5
1 0 2 1 2 2 5 3 0 0 0 22335 108 107 106 100 98 97 94 90 15 1 0 1 0 0 0 1 1529 2 1 0 0 0 0 0 2 92 73 9 8 7 6 5 1 0 4 71 1 0 0 0 75 74 73 72 71 70 57 56 55 54 49 11 0 0 1 3 5 5 0 17 4 7 6 5 9 9 5 4 8 7 7 7 6 3 0 6 1 2 6 21 1 10 5 4
0 0 0 1 1 4 0 1 2 9 11 22212 2 1 0 0 0 0 0 1 0 0 0 0 0 0 0 1 1532 1 0 0 1 1 0 0 0 1 15 62 55 54 49 0 2 1 0 3 68 1 49 47 46 44 40 39 38 7 11 3 2 1 3 36 10 1 0 0 2 4 4 12 3 3 6 5 4 8 8 4 3 7 6 6 6 5 2 5 0 1 5 5 14 0 9 4
0 0 0 0 0 2 0 1 1 4 0 22208 5 4 3 1 1 1 4 1 0 0 1 1 1 1 0 3 1536 2 1 2 2 0 0 0 0 0 1 12 5 2 3 47 4 3 2 1 2 65 14 12 10 0 2 1 0 29 6 6 1 0 0 2 35 7 3 2 1 1 3 3 11 2 2 5 4 3 7 7 3 2 6 5 5 5 4 1 4 0 4 4 7 5 1 6
2 0 0 0 0 0 0 0 1 3 11 15 22185 4 3 2 2 5 0 0 0 1 4 2 0 2 0 5 1542 4 3 3 3 1 0 4 1 0 0 4 6 1 1 2 41 2 1 0 0 1 0 0 0 9 8 7 6 5 28 5 3 2 1 0 1 34 2 1 0 0 0 2 2 10 1 1 4 3 2 6 6 2 1 5 4 4 4 3 0 3 3 3 6 4 0 2
3 1 1 1 0 2 0 0 2 4 1 2 0 22178 11 10 6 4 2 0 1 7 3 1 3 0 0 0 1560 10 9 4 0 0 6 11 10 5 4 1 3 5 0 0 1 37 15 14 13 12 11 10 9 8 7 6 5 4 4 27 4 3 2 1 0 0 33 29 25 17 14 1 1 1 9 0 0 3 2 1 5 5 1 0 4 3 3 3 2 2 2 2 5 1 1 1
93 79 74 73 57 26 0 1 3 0 1 13 14 25 22139 6 5 0 0 0 0 2 12 2 1667 1 0 0 1566 3 2 1 1 24 16 3 1 3 1 1 0 2 4 2 0 0 20 19 18 16 14 12 10 8 7 6 5 4 3 3 26 13 12 11 10 6 2 2 2 6 1 11 0 0 0 8 7 3 2 1 0 4 4 0 3 2 2 2 1 1 1 1 2 1 0 0
2 3 1 3 7 26 25 0 2 0 12 1 2 9 22131 2 1 1 1 0 0 1 1690 1670 0 1659 1657 1601 32 31 30 29 26 0 0 0 0 0 0 0 0 0 0 0 0 0 2 1 0 0 0 0 0 0 6 5 4 3 3 2 2 11 8 5 1 2 2 1 1 1 5 0 10 9 8 5 2 2 2 1 0 3 1 1 2 1 1 1 0 0 0 0 0 0 0 0
1 2 0 2 6 25 23 0 1 11 0 1 4 5 41 22085 0 2 2 1 3 1691 1 0 0 0 2 50 35 21 7 6 5 4 2 0 0 0 0 0 1 0 0 0 9 7 3 2 1 0 0 0 0 13 5 4 3 2 2 2 1 1 1 1 2 0 1 1 0 0 0 4 3 2 1 1 1 1 1 1 0 2 0 0 0 0 0 0 0 0 0 0 0 0 0 0
0 1 1 1 3 24 21 0 0 10 0 1 2 29 40 11 22071 22008 21998 2 1699 2 0 1 0 0 0 13 9 2 12 11 7 6 5 3 1 1 1 2 0 0 2 15 4 3 2 1 0 1 3 1 14 4 3 2 1 0 1 1 1 0 0 0 0 1 0 0 0 0 0 0 2 1 0 0 0 0 0 0 0 0 0 0 0 0 0 0 0 1 1 1 1 0 2 1
