tests/fixtures/watershed_abstraction/mdobre-scarce-belch/dem/topaz/UPAREA.ARC
ncols   274
nrows   267
xllcorner  568331
yllcorner 5029449
cellsize   30.00
nodata_value    -1.0
[rows 0 to 71 of 267, columns 96 to 191 of 274]
2 6 8 13 16 17 23 25 30 33 36 39 43 44 0 0 0 0 0 0 0 0 0 0 0 0 0 0 0 0 0 0 0 0 0 0 0 0 0 0 0 0 0 0 0 0 0 0 0 0 0 0 1313 0 4 413 2 69 1112 2 3 4 5 6 5 55 3 114 2 7 0 0 1 11 45 0 0 1 0 1 19 1380 0 246 219 60 59 44 17 14 6 4 2 0 0 361
2 0 3 1 1 4 0 3 1 1 1 2 2 3 53 1 1 0 1 1 1 2 0 1 1 1 1 1 1 1 1 1 1 1 1 1 1 1 1 1 1 1 1 1 1 1 1 1 1 1 1 136 1174 1 0 412 1 68 1111 1 2 3 4 5 4 54 2 113 1 5 0 0 0 10 7 35 0 0 6 12 16 1378 1371 0 24 157 1 11 25 1 6 0 0 0 1 2
1 2 0 0 1 1 2 0 0 0 1 1 0 1 56 4 1 0 2 2 2 3 3 0 2 2 2 2 2 2 2 2 2 0 4 2 2 5 2 2 2 2 2 2 2 2 2 5 2 2 132 0 1173 0 411 0 67 1 1108 0 1 2 3 4 3 2 50 1 112 0 3 1 0 9 6 32 28 3 5 4 2 5 1370 5 23 154 1 0 10 24 0 5 4 1 0 1
0 1 0 0 0 1 2 3 0 0 0 0 2 6 7 72 1 3 0 3 3 8 0 1 3 3 3 3 3 3 3 0 3 4 5 3 0 0 9 3 3 3 3 3 3 3 0 0 7 128 0 1172 0 410 0 66 0 19 1083 3 0 1 2 3 2 1 43 5 0 111 3 2 1 8 5 2 23 2 4 3 1 4 1363 1 4 22 153 0 7 1 23 10 2 1 0 0
2 0 2 1 0 0 1 2 7 1 0 0 2 1 4 78 0 4 1 4 13 0 1 2 4 4 4 4 4 4 4 1 4 5 0 6 4 1 1 10 4 4 4 4 4 4 4 1 116 0 1170 0 408 0 64 0 18 0 1077 3 2 0 1 2 1 0 42 0 3 0 105 1 0 7 4 1 22 1 3 2 0 3 1360 0 0 3 21 152 6 0 6 4 6 1 0 0
2 3 1 5 0 0 1 3 5 15 18 1 0 1 1 33 118 124 2 5 14 1 2 3 5 5 5 5 5 5 5 7 0 8 0 0 8 17 21 30 44 54 62 68 5 5 11 113 0 1168 0 406 0 62 0 15 0 223 19 832 2 1 0 1 0 11 24 4 0 1 102 3 0 6 3 0 21 0 2 1 0 1 1358 2 0 2 5 14 151 5 3 1 3 5 0 2
2 3 4 2 7 0 0 0 0 1 2 22 0 0 28 1 3 0 129 6 15 2 3 4 6 6 6 6 6 6 14 0 12 1 0 0 2 0 5 1 3 1 0 1 71 78 95 0 1166 0 404 0 59 0 7 5 220 1 15 2 831 1 0 0 2 7 23 0 2 0 94 2 2 5 1 0 18 1 1 0 0 1 1352 0 0 1 4 3 9 150 4 2 0 2 4 1
3 4 0 5 11 1 0 0 0 0 1 2 26 27 0 0 1 0 4 142 16 3 0 9 7 7 14 7 7 15 1 17 3 2 0 0 0 4 0 2 0 0 1 2 3 15 0 1164 0 401 0 55 1 2 3 4 219 0 1 12 1 830 0 1 0 5 21 0 1 0 1 91 1 1 4 0 13 3 0 0 0 0 1346 2 1 0 3 2 3 4 149 3 1 0 1 3
4 5 0 1 18 2 1 1 0 0 1 3 5 7 8 0 0 1 0 0 144 21 1 0 18 23 8 8 16 2 25 6 5 0 0 0 2 0 1 0 0 1 2 3 10 0 1162 0 399 0 49 4 0 1 2 3 4 213 0 1 9 0 829 0 3 0 3 16 12 1 0 57 32 0 0 3 5 6 2 1 0 0 2 1341 0 0 2 1 1 0 3 148 2 1 0 0
5 6 0 1 21 3 0 4 1 0 0 0 0 2 3 9 0 1 2 3 0 145 24 1 115 71 61 51 33 29 2 1 0 3 0 0 0 4 0 1 0 0 1 5 1152 1160 0 396 0 24 16 5 3 0 1 2 3 192 19 0 1 6 4 823 0 1 2 2 4 4 0 1 54 31 26 16 2 4 5 1 0 0 0 1339 0 0 0 0 0 0 2 9 137 3 2 1
6 7 1 0 24 4 0 6 2 1 0 0 1 0 1 4 10 11 12 17 0 1 171 172 53 52 49 16 14 4 3 2 1 0 1 0 2 0 6 1 2 1 2 1151 1 4 5 388 1 21 0 14 4 2 0 1 2 191 10 7 0 5 3 5 816 0 1 1 2 0 3 0 3 49 3 8 15 1 3 2 1 0 0 1334 2 0 52 51 43 0 1 3 4 132 123 2
7 8 2 0 26 6 0 0 10 2 1 0 0 0 1 4 5 0 1 2 19 2 437 91 13 10 1 31 0 8 3 2 1 0 0 0 0 1 2 10 13 17 1150 0 3 3 0 387 0 1 18 0 12 3 1 0 1 190 9 3 2 4 2 4 815 2 1 0 0 1 0 2 1 0 48 2 7 14 0 2 1 0 0 0 1330 56 2 1 6 41 32 0 2 3 7 119
8 9 3 1 27 8 0 0 12 3 2 1 0 1 2 3 5 6 7 8 23 449 5 2 76 1 9 0 30 0 3 2 1 0 0 0 1 0 1 2 1118 1127 3 2 1 0 12 361 11 0 1 15 0 10 2 0 0 189 8 2 1 3 1 3 811 1 0 0 0 1 0 0 0 0 2 44 1 6 13 8 3 2 0 0 1 1269 0 0 0 5 7 31 0 1 2 6
9 10 4 2 28 10 0 0 14 4 3 2 0 1 2 0 5 12 13 9 476 1 1 1 1 75 0 8 0 28 3 2 1 0 0 1 0 3 4 1114 3 3 2 1 0 10 0 360 0 9 0 1 12 0 8 1 0 188 7 1 0 2 0 2 4 803 0 1 15 12 10 2 1 0 1 39 3 0 5 3 3 1 0 0 1 326 940 1 0 4 1 4 29 16 0 1
10 11 5 3 29 11 1 1 15 5 4 3 0 1 0 3 4 5 14 488 0 0 0 0 0 0 73 0 5 0 23 1 0 0 1 0 3 4 1106 1 2 2 1 0 8 0 68 2 287 0 7 0 1 9 0 6 1 187 5 0 0 1 1 0 2 35 765 19 2 1 0 6 1 0 0 38 1 0 1 2 2 0 0 0 0 321 0 936 0 0 3 0 3 11 15 0
0 12 6 4 30 12 2 2 16 6 5 0 4 1 2 1 2 6 504 0 0 0 0 0 0 1 0 69 0 2 1 20 9 6 0 0 2 77 1022 0 1 1 0 6 0 29 37 1 2 283 0 5 0 5 2 3 0 1 184 4 1 0 0 1 6 27 5 736 1 0 0 0 2 1 0 1 35 0 0 0 0 1 0 0 0 318 0 0 933 1 0 2 1 0 10 13
0 13 7 5 31 13 3 3 17 0 7 6 1 5 5 0 3 512 0 3 0 34 32 29 0 0 0 0 66 39 0 0 9 0 2 0 71 1 1 1019 0 0 4 0 1 26 36 0 1 3 278 0 3 4 1 1 0 0 179 3 1 0 0 5 0 25 4 1 731 60 59 58 55 2 1 0 0 34 33 30 10 2 1 0 0 0 315 0 1 926 2 1 1 0 1 7
1 14 8 6 32 14 4 4 0 18 1 8 7 2 12 5 513 0 6 0 36 0 0 1 23 0 0 1 18 6 37 1 2 5 1 2 67 0 0 1018 0 2 0 0 19 5 3 31 0 2 275 1 2 1 1 0 0 168 2 6 2 0 1 2 1 22 3 0 665 3 2 0 1 51 20 15 14 11 1 1 18 6 5 3 1 0 295 17 0 920 1 0 0 0 0 6
15 9 8 0 33 15 5 5 0 1 19 2 9 8 16 520 1 7 0 55 17 1 0 0 0 20 0 4 15 5 34 0 1 4 0 1 66 0 1009 6 0 1 11 14 3 4 2 17 12 1 274 0 0 0 0 0 0 166 1 2 2 1 0 1 0 21 2 2 1 659 0 0 0 1 27 3 1 1 8 0 0 17 7 1 0 0 294 15 0 1 917 1 0 0 9 2
10 9 0 0 34 16 6 0 6 1 2 20 3 19 17 523 10 1 56 1 0 14 11 3 4 14 2 3 5 4 27 5 0 3 0 64 0 0 1007 4 1 0 10 1 2 3 1 16 11 0 1 271 3 2 1 0 1 1 161 0 1 1 0 0 1 18 1 1 0 2 654 0 7 6 0 26 0 0 0 7 5 5 2 4 0 1 291 10 3 0 2 911 908 14 3 8
10 1 0 1 35 17 0 7 1 7 2 24 4 20 18 648 123 60 2 3 2 1 6 2 3 13 1 2 4 3 25 0 4 2 56 6 0 2 1005 1 0 0 9 0 1 2 0 15 8 1 0 222 43 6 3 1 0 0 158 1 0 0 0 0 5 11 0 0 1 0 192 458 2 1 5 0 25 24 5 0 0 4 4 1 3 0 290 8 0 2 1 1 2 888 1 2
0 2 1 2 36 0 18 1 8 2 8 28 709 703 681 12 2 50 32 10 1 0 5 1 2 12 0 1 3 2 1 22 3 1 55 5 0 1 8 992 24 23 17 8 0 1 8 5 7 0 1 219 32 2 1 0 0 1 12 142 9 6 0 0 3 9 0 0 1 4 186 60 385 0 0 3 2 1 17 3 2 1 3 3 0 2 289 4 2 1 0 0 1 884 0 0
0 3 2 3 37 0 1 21 0 9 22 760 20 19 12 5 2 1 16 16 9 0 4 0 1 9 1 0 2 1 0 21 2 0 54 4 0 3 1 963 2 1 4 16 7 0 7 4 6 0 215 2 29 1 1 0 0 1 9 123 7 1 4 0 2 7 0 0 1 185 2 1 54 383 363 355 1 0 0 16 8 0 0 2 2 1 288 2 0 1 0 0 1 3 877 0
0 0 7 0 4 38 1 2 23 0 798 13 7 5 8 2 4 1 0 15 15 8 3 3 0 6 1 0 1 0 11 8 1 0 52 3 2 0 1 940 19 1 0 3 15 6 6 3 5 8 205 1 1 26 0 0 0 3 4 117 4 6 0 2 1 1 4 0 1 182 1 0 53 2 15 6 352 344 3 1 6 6 2 1 1 0 0 286 1 0 0 0 0 1 17 857
0 0 1 8 1 5 41 3 0 832 7 4 6 4 5 1 1 3 0 14 10 3 3 2 2 0 4 0 0 10 1 5 0 9 41 2 1 0 0 939 4 11 0 2 14 5 5 2 4 7 204 0 0 10 14 0 2 1 1 95 20 3 5 1 0 0 3 0 116 41 22 0 52 1 14 5 1 4 339 0 0 5 2 1 0 0 1 270 12 11 10 0 0 2 5 7
0 1 0 2 11 18 0 882 835 0 6 3 3 1 3 4 0 0 2 9 3 9 2 2 1 1 0 2 9 0 2 1 8 18 21 1 0 0 1 935 2 0 10 1 13 4 4 1 3 6 200 2 0 8 3 8 1 0 0 94 7 11 2 4 0 0 1 112 2 34 5 21 51 0 13 4 0 1 1 338 1 1 2 1 0 0 7 157 103 1 0 8 0 0 4 1
1 0 2 4 0 0 914 10 9 4 2 2 2 2 0 2 3 2 1 4 3 2 8 1 1 0 0 1 8 1 0 7 4 12 18 1 0 0 10 920 2 1 9 0 12 3 3 0 2 5 199 1 3 3 2 2 4 0 0 92 5 0 10 1 3 0 43 67 1 33 4 20 3 46 5 6 3 0 0 334 0 0 0 1 0 6 0 20 134 100 1 0 7 5 3 0
0 2 1 10 924 922 3 2 1 1 3 1 1 1 1 0 0 0 0 0 3 2 1 7 0 0 0 0 6 0 6 3 8 2 15 1 0 0 7 912 6 1 0 8 11 2 1 0 1 4 198 0 2 2 1 1 2 0 2 6 81 4 9 0 2 37 4 66 0 32 3 19 2 45 4 5 1 0 0 1 330 8 5 3 0 5 13 5 12 120 97 91 0 2 1 2
0 0 3 2771 0 1 0 0 0 0 0 2 0 0 0 0 0 8 7 6 2 2 1 0 6 2 1 0 4 5 2 3 3 1 5 8 0 0 5 911 0 5 0 7 7 2 1 0 0 3 195 1 1 1 0 0 1 1 2 2 80 2 0 8 1 36 3 3 61 31 2 18 1 0 43 3 4 0 0 9 2 307 1 0 2 4 12 4 11 119 2 1 90 1 0 1
0 2 2778 0 1833 1826 1823 61 0 40 39 0 1 0 0 28 27 11 5 2 2 1 1 0 0 1 0 0 3 4 1 2 2 0 4 6 0 4 24 882 1 0 4 6 3 2 1 0 0 1 111 82 0 0 0 0 0 1 1 2 69 6 1 7 0 35 2 2 60 30 1 15 1 0 32 9 2 3 5 2 1 305 0 0 1 3 11 3 10 118 1 0 1 87 0 0
721 2783 0 0 5 1 0 1759 59 13 0 37 36 35 33 3 4 2 1 1 1 1 0 0 0 2 1 0 2 3 0 1 1 0 2 5 3 23 0 4 875 3 2 3 5 2 1 0 0 1 85 22 81 3 2 1 0 0 1 55 5 6 5 0 6 34 1 1 59 29 0 4 9 0 31 8 1 2 4 1 0 301 2 1 0 2 10 2 9 107 9 0 0 82 3 0
3525 0 4 3 2 1 0 0 1757 3 11 10 9 6 2 2 1 1 1 0 0 0 0 0 4 7 6 5 2 1 2 0 0 1 4 2 3 18 2 0 868 1 0 1 2 4 1 0 0 81 2 17 3 76 1 0 0 0 1 52 3 0 5 4 5 33 0 0 58 2 25 3 2 5 30 7 0 1 3 0 1 148 149 7 0 1 9 1 8 104 1 8 0 1 78 1
0 17 11 3 2 1 0 1 1753 0 2 1 0 1 2 1 1 0 0 0 0 0 0 0 18 3 2 1 1 1 0 1 0 3 1 2 2 14 1 0 861 4 3 2 0 1 3 0 5 74 1 16 2 2 70 7 1 0 44 6 1 0 4 3 4 10 21 46 10 1 24 2 1 4 13 15 6 0 2 0 0 146 138 1 6 0 8 0 7 8 94 0 7 0 66 10
16 10 2 6 2 1 0 0 1747 4 3 2 1 0 0 1 0 0 0 0 0 2 2 19 6 2 1 0 0 0 0 0 2 0 1 1 2 10 0 3 838 17 1 0 1 0 0 2 4 73 0 15 1 1 51 9 4 0 43 3 1 0 3 2 3 9 20 45 9 0 1 21 1 0 3 12 14 5 1 0 92 52 127 9 0 5 6 0 6 7 92 0 2 3 6 58
4 2 3 1 5 1 0 0 1703 41 35 23 9 7 1 0 0 1 0 1 0 7 20 7 0 2 1 0 0 0 0 0 0 0 0 1 7 1 2 0 837 14 1 0 2 1 0 1 3 71 0 14 0 0 50 4 3 3 39 2 2 0 2 1 2 8 19 42 1 8 0 1 18 0 2 11 13 4 0 90 17 33 125 0 8 4 0 4 5 6 90 0 1 2 5 54
4 3 1 2 0 4 0 0 1698 2 4 10 12 0 4 3 2 0 1 2 0 45 13 4 2 1 0 1 1 1 0 0 0 0 0 6 0 1 1 4 835 11 10 9 5 4 1 0 2 64 5 5 7 0 48 1 1 2 2 38 1 1 1 0 1 7 18 14 26 0 7 0 16 0 1 10 12 3 89 13 2 32 66 57 7 2 0 3 4 5 66 22 0 1 4 53
16 3 2 0 1 2 0 1685 4 6 1 3 9 11 6 2 1 0 2 3 48 0 0 0 0 0 2 2 2 1 1 1 2 0 1 3 0 0 1 2 3 822 3 2 1 0 1 0 1 58 4 4 4 6 3 43 0 0 1 1 37 0 0 0 0 6 17 9 3 25 3 2 13 1 0 9 11 2 88 12 1 31 65 56 5 0 1 2 3 4 60 4 21 0 3 52
4 15 2 1 0 1 0 1678 4 3 5 0 2 8 3 2 1 0 3 53 0 0 0 1 2 0 3 3 5 2 6 3 1 0 0 1 0 0 1 2 2 817 6 5 4 3 1 0 0 56 0 3 3 3 5 2 42 1 0 0 0 36 2 1 0 5 3 12 8 2 24 2 1 12 0 8 10 1 87 11 0 30 52 11 55 4 0 1 2 3 26 32 3 20 2 46
3 12 1 1 0 0 1 1671 3 3 2 4 1 1 7 2 1 4 0 54 2 1 0 2 9 4 4 6 3 12 4 3 0 0 0 0 0 0 1 1 3 798 3 2 1 0 0 0 0 5 48 0 2 2 2 4 1 39 12 11 10 9 32 1 0 4 1 0 11 7 1 23 1 0 11 7 9 0 86 9 0 29 37 13 10 54 3 0 1 2 25 27 3 2 19 1
2 4 6 0 0 0 1663 1 4 2 2 1 1 0 0 6 5 1 0 55 5 1 3 10 0 0 12 4 13 2 1 0 1 1 1 0 0 0 0 2 0 1 794 2 1 0 0 0 0 1 2 46 1 1 1 1 3 0 25 13 10 8 8 29 14 13 3 0 8 1 6 0 22 0 10 6 8 0 84 3 4 28 5 30 12 9 53 2 0 1 24 22 3 2 1 18
1 3 2 2 0 1 1660 2 0 3 1 1 0 0 0 0 2 0 1 56 27 20 13 1 0 1 42 23 8 4 3 2 2 2 3 1 0 0 0 0 0 1 3 784 0 1 1 1 1 0 0 1 43 0 0 0 0 2 2 7 1 0 7 7 13 6 12 2 5 1 0 5 20 0 9 5 7 8 74 2 3 27 4 28 0 11 8 52 1 0 23 13 7 2 1 0
0 2 1 1 0 1 1654 0 1 1 0 0 0 0 1 1 4 0 2 85 113 111 109 2 0 54 8 7 6 5 4 3 3 9 4 3 1 0 1 0 0 0 1 782 5 2 2 6 3 2 1 0 0 42 41 40 30 1 1 1 6 0 6 6 5 5 1 9 1 4 0 4 4 14 8 4 6 7 73 1 2 26 3 13 13 4 5 7 51 0 22 12 3 2 1 0
1 0 0 0 0 1646 1 3 1 0 0 0 0 1 2 7 0 4 209 122 7 0 0 105 104 24 23 22 21 20 19 18 13 2 1 0 1 2 1 0 0 0 1 1 771 12 8 0 0 0 29 28 27 26 9 8 8 27 0 0 0 5 5 5 4 4 0 3 4 0 3 3 3 13 7 3 5 6 72 0 1 25 2 12 12 3 4 6 5 44 17 3 11 2 1 0
0 1 2 3 5 1635 2 0 0 0 0 1 1 3 11 0 220 213 2 1 0 6 5 4 2 23 20 17 6 5 4 3 2 1 0 2 3 2 3 2 0 0 0 1 9 745 0 1 1 30 4 3 2 1 15 0 7 7 26 19 12 6 4 4 4 3 3 0 1 3 2 2 2 12 6 2 4 5 58 12 0 24 1 11 11 2 3 5 4 26 16 16 2 10 1 0
0 1 2 11 1632 0 0 1 0 0 0 1 6 16 902 898 674 671 668 4 3 2 1 0 0 1 1 1 9 7 3 2 1 0 3 4 14 10 5 4 3 2 0 6 1 7 735 642 638 47 35 2 1 0 0 13 1 6 6 5 5 4 5 3 3 3 2 2 0 2 1 1 1 11 5 1 3 4 36 20 11 23 0 10 10 1 2 4 3 19 5 15 15 1 9 0
1 2 7 2 1614 1 0 2 1 0 0 0 1 929 1 1 1 1 1 662 661 660 3 2 1 0 0 0 0 0 2 1 0 40 35 29 11 10 9 8 7 2 1 5 0 6 37 51 0 558 5 31 22 14 13 6 10 0 5 5 4 4 3 4 2 2 2 1 1 1 0 0 0 10 4 0 2 3 35 19 10 10 11 9 9 0 1 3 2 14 3 4 14 14 0 8
1 3 1 0 2 1609 3 0 1 1 0 0 0 933 0 0 0 0 0 0 0 0 655 7 6 5 4 3 2 1 0 45 44 2 1 0 1 0 4 3 2 3 1 0 4 5 6 29 50 0 557 4 7 6 5 5 5 9 4 4 4 3 3 2 3 1 1 1 0 0 0 0 4 4 2 0 1 2 34 7 10 9 9 10 8 8 0 2 1 13 2 3 8 4 13 7
0 0 0 1 0 0 1602 5 2 1 0 0 936 1 0 0 0 0 0 0 7 4 2 646 1 0 55 54 53 52 51 4 3 2 1 0 0 9 3 2 1 1 2 0 3 4 5 26 1 48 40 556 3 6 0 4 4 4 3 3 3 3 2 2 1 2 0 0 0 0 0 0 1 1 1 1 0 1 26 6 6 9 8 8 9 7 7 1 0 12 1 2 7 3 12 6
0 0 1 2 0 0 1594 1134 0 2 1 1 939 2 1 158 157 154 108 105 96 2 0 1 643 635 0 0 0 0 341 340 119 1 0 1 14 3 2 1 0 0 0 1 2 3 4 25 0 1 4 39 555 2 4 3 3 3 3 2 2 2 2 1 1 0 1 0 0 0 2 1 0 0 0 0 0 0 19 5 5 5 8 7 7 8 6 6 0 11 0 1 6 2 11 4
0 0 1 5 1 0 457 0 1132 1131 1126 1113 170 166 165 5 4 0 44 37 1 92 1 0 2 3 577 350 348 346 3 1 219 116 115 112 96 95 93 86 65 58 49 0 1 2 3 9 14 0 3 36 1 554 1 0 2 2 2 2 1 1 1 1 0 0 0 0 0 2 6 0 0 0 0 7 6 5 5 12 4 4 4 7 6 6 7 5 5 4 5 0 5 1 4 5
1 0 1 2 11 343 110 2 1 0 0 9 2 1 0 1 0 2 3 1 34 0 91 0 1 2 4 219 5 4 1 0 0 218 3 2 1 0 0 5 19 5 7 48 0 1 2 8 12 0 2 35 0 5 547 1 0 1 1 1 1 0 0 0 0 1 0 1 1 3 9 1 0 2 35 26 20 14 4 4 11 3 3 3 6 5 5 6 4 4 3 4 4 0 3 4
2 0 1 3 4 330 106 102 82 54 0 0 4 3 2 0 4 3 1 2 0 33 4 85 0 1 3 3 208 0 1 0 0 2 209 41 40 30 7 6 4 18 4 6 47 0 1 7 8 2 1 33 0 4 5 538 1 0 0 0 0 0 0 0 2 1 2 2 0 4 12 1 61 57 20 14 4 4 13 3 3 10 2 2 2 5 4 4 5 3 3 2 3 3 2 1
2 0 0 1 2 321 2 0 17 26 52 51 50 48 43 23 5 2 2 0 1 32 3 80 3 0 2 2 204 1 0 0 0 0 7 158 35 8 21 4 5 3 17 3 5 46 0 6 7 1 0 31 0 3 4 521 13 3 2 1 0 1 1 3 2 3 3 1 0 18 0 69 6 5 4 4 13 3 3 12 2 2 9 1 1 1 4 3 3 4 2 2 1 2 2 1
1 0 0 0 1 49 268 1 15 0 25 2 1 0 3 17 11 1 1 1 0 31 2 1 77 2 1 1 199 3 2 1 0 0 5 116 4 34 7 15 3 4 2 16 2 4 45 5 4 1 0 29 0 2 3 31 488 8 7 6 5 2 4 8 4 4 2 1 19 110 108 37 36 31 3 3 3 12 2 2 11 1 1 8 0 0 0 3 2 2 3 1 1 0 1 1
0 0 0 1 39 8 265 1 0 14 21 8 3 0 2 3 12 10 0 0 0 30 1 0 76 1 0 0 1 196 2 1 0 0 3 100 14 3 33 6 14 2 3 1 15 1 3 44 4 3 0 27 0 1 2 30 111 375 362 348 340 338 322 184 183 177 173 170 149 37 36 24 18 3 26 2 2 2 11 1 1 10 0 0 7 6 5 2 2 1 1 2 0 0 0 0
0 0 0 1 36 7 262 1 0 13 11 4 3 2 1 1 0 11 9 1 0 29 0 56 16 1 0 0 1 166 23 18 2 0 2 85 13 13 2 32 5 13 1 2 0 14 0 2 43 3 2 0 25 0 1 29 98 11 11 12 6 0 9 127 111 108 104 60 59 42 27 10 4 17 2 25 1 1 1 10 0 0 9 8 7 4 1 1 1 1 0 0 1 0 0 0
0 0 1 2 30 6 1 259 0 12 1 3 3 2 1 0 0 8 1 6 0 28 0 54 13 1 0 0 1 152 10 3 14 0 1 48 35 12 12 1 31 4 12 0 1 12 0 1 22 19 2 1 23 0 0 28 83 13 10 10 11 5 0 7 14 1 2 42 15 5 7 26 9 3 16 1 24 0 0 0 9 8 7 4 1 1 1 0 0 0 0 0 0 0 0 1
0 0 4 10 18 5 0 135 122 4 6 0 2 2 1 0 5 1 0 1 2 27 10 42 5 6 0 0 45 105 5 3 2 13 0 1 45 34 11 11 0 30 3 11 0 9 1 0 21 6 11 1 0 22 17 9 71 10 12 9 9 10 4 1 4 13 0 1 41 14 4 6 25 8 2 15 0 23 22 21 20 17 14 1 1 0 0 0 0 0 1 1 1 0 0 1
0 1 2 1 2 14 4 134 121 1 1 5 1 1 1 0 2 1 0 0 1 26 9 41 4 1 3 2 41 104 1 2 2 1 12 0 42 1 33 10 10 10 18 2 10 6 1 0 20 5 8 1 0 21 16 8 60 9 9 11 8 8 9 3 0 3 12 0 33 6 13 3 5 24 7 1 14 12 6 5 2 1 1 13 0 0 4 3 1 2 0 2 2 1 1 0
2 0 1 0 1 13 3 133 1 118 0 0 2 0 0 0 0 0 0 0 1 23 8 40 3 0 2 1 40 33 69 0 1 1 0 11 30 10 0 32 9 9 9 17 1 9 5 0 19 4 4 2 0 20 15 7 19 39 8 8 10 7 7 8 2 1 0 11 17 14 5 12 2 4 23 6 0 0 4 1 1 1 0 0 12 11 5 4 3 0 1 3 3 2 2 1
0 1 0 0 10 1 2 126 5 0 117 1 0 1 0 0 0 1 0 0 19 2 7 14 24 2 1 0 39 32 34 33 0 0 0 10 19 9 9 4 26 8 8 8 16 0 8 4 18 3 2 0 1 19 14 6 18 19 18 7 7 9 6 6 7 1 0 10 16 0 12 4 11 1 3 22 5 4 1 1 0 0 0 3 2 1 0 0 0 0 1 6 4 3 3 2
9 6 0 5 3 0 1 125 2 1 0 113 1 0 1 4 2 3 2 1 18 1 6 11 1 23 1 0 38 31 22 10 31 20 9 9 9 8 8 8 3 25 7 7 7 15 7 7 3 17 2 1 0 18 13 5 17 16 1 17 6 6 8 5 5 6 0 1 7 15 4 6 3 10 0 2 21 1 1 0 0 7 6 1 0 0 0 1 1 1 2 0 12 8 0 0
0 1 5 2 1 2 0 122 1 1 0 50 59 58 55 49 48 23 4 0 17 0 5 7 2 0 22 0 37 30 10 10 9 9 9 8 8 8 7 7 7 2 24 6 6 6 6 6 6 2 16 1 0 17 12 4 16 7 7 0 16 5 5 7 4 4 5 0 6 10 3 3 5 2 9 6 1 18 0 0 12 3 1 0 0 1 1 2 2 2 3 1 13 9 1 69
2 0 4 1 0 0 0 120 0 0 0 1 47 25 23 0 14 4 17 3 2 13 4 5 0 1 20 0 36 13 15 9 9 8 8 8 7 7 7 6 6 6 1 23 5 5 5 5 5 5 1 15 0 16 11 3 7 7 6 6 6 8 4 4 6 3 3 4 1 3 9 2 2 4 1 1 5 0 17 16 1 0 0 0 1 2 2 3 3 3 4 2 14 10 2 72
71 1 1 1 0 0 2 53 62 1 0 0 17 2 0 21 4 13 3 16 2 1 12 3 4 0 10 8 35 5 6 14 8 8 7 7 7 6 6 6 5 5 5 0 22 4 4 4 4 4 4 0 14 7 7 10 2 6 6 5 5 5 7 3 3 5 2 2 3 0 2 8 1 1 3 0 0 4 2 0 0 0 0 1 2 3 3 4 4 4 5 3 15 11 3 73
69 0 0 0 0 0 1 47 2 59 18 8 8 7 1 0 14 3 12 2 15 1 0 11 2 3 9 7 28 5 4 5 13 7 7 6 6 6 5 5 5 4 4 4 4 16 3 3 3 3 3 3 6 6 6 6 9 1 5 5 4 4 4 6 2 2 4 1 1 2 1 1 5 0 0 2 1 0 0 0 0 1 1 2 3 4 4 5 5 5 6 0 20 1943 1926 1850
1 66 2 1 0 0 1 44 1 0 38 8 7 7 6 0 7 5 2 11 1 14 0 10 1 2 8 6 22 4 4 3 4 12 6 6 5 5 5 4 4 4 3 3 3 3 15 2 2 2 2 2 2 5 5 5 5 8 0 4 4 3 3 3 5 1 1 3 0 0 1 0 0 4 3 2 1 0 2 1 0 2 0 5 0 9 5 6 6 6 7 1 1969 2 0 0
0 59 2 1 0 0 1 36 4 0 2 34 7 6 6 5 2 3 4 1 10 0 13 9 0 1 7 5 10 10 3 3 2 3 11 5 5 4 4 4 3 3 3 2 2 2 2 14 1 1 1 1 1 1 4 4 4 4 7 3 3 3 2 2 2 4 0 0 2 1 0 0 4 3 2 1 0 5 1 0 0 1 4 0 6 11 6 7 7 7 1983 1972 0 0 0 27
0 0 57 1 0 0 1 33 0 2 1 22 10 6 5 5 4 1 2 3 0 9 12 6 1 0 6 4 9 6 2 2 2 1 2 10 4 4 3 3 3 2 2 2 1 1 1 1 13 0 0 0 0 0 0 3 3 3 3 2 2 2 2 1 1 1 3 2 1 0 0 5 0 0 1 0 6 1 0 0 1 0 2 5 8 19 0 8 0 2002 1 0 0 137 136 107
0 0 50 2 1 0 0 1 30 1 0 19 1 9 5 4 4 3 0 1 2 8 11 3 1 0 5 3 8 3 1 1 1 1 0 1 9 3 3 2 2 2 1 1 1 0 0 0 0 12 11 10 9 8 7 3 2 2 2 2 1 1 1 1 0 0 0 0 0 0 7 1 1 15 12 11 3 0 0 1 2 1 0 3 15 20 1 0 2013 246 236 203 198 53 17 16
40 0 1 47 33 22 14 0 23 5 0 9 8 0 8 4 3 3 2 0 1 7 7 2 2 0 4 2 5 1 2 0 0 0 0 0 5 2 2 2 1 1 1 0 0 0 0 0 0 14 13 12 9 6 2 2 2 1 1 1 1 0 0 0 0 0 0 2 0 1 34 23 20 2 1 0 0 0 1 2 3 0 2 1 20 21 2 1 2265 2 8 31 3 5 34 11
38 0 0 7 4 9 6 13 2 19 4 1 6 7 3 3 3 2 2 1 0 6 2 3 1 1 1 1 1 4 0 1 0 0 5 2 2 1 1 1 1 0 0 0 0 0 1 2 25 9 7 1 1 1 2 1 1 1 0 0 0 0 0 0 0 1 45 40 38 35 2 1 0 0 0 0 1 1 2 3 4 0 1 5 21 22 2589 2579 237 0 1 7 30 2 4 21
