tests/fixtures/watershed_abstraction/mdobre-scarce-belch/dem/topaz/UPAREA.ARC
ncols   274
nrows   267
xllcorner  568331
yllcorner 5029449
cellsize   30.00
nodata_value    -1.0
[rows 144 to 215 of 267, columns 0 to 95 of 274]
0 0 0 2 0 22 19 0 7 1 0 1 25 3 9 10 61 5 1 21989 1705 4 2 0 0 0 0 1 9 8 1 0 2 1 0 0 5 2 3 1 1 3 16 0 0 61 60 57 46 33 28 27 11 5 4 3 2 1 0 0 0 0 0 0 0 2 1 0 0 2 1 3 0 0 0 0 0 0 0 0 0 0 0 1 1 1 1 1 1 2 2 2 2 1 3 2
0 0 1 0 9 11 17 0 6 0 0 24 2 2 1 9 60 4 0 1 20280 4 3 1 3 1 0 0 6 1 7 5 3 1 0 6 0 0 152 145 144 136 109 105 101 37 0 1 9 9 8 7 6 5 4 3 2 1 0 0 0 1 1 1 3 1 0 0 1 5 4 1 1 1 1 1 1 1 0 1 1 1 1 2 2 2 2 2 2 3 3 3 3 2 0 7
0 3 4 7 3 6 3 12 4 0 23 1 1 0 2 5 59 3 0 1 2 20271 5 4 0 5 3 0 0 4 0 0 0 0 0 173 165 162 3 0 4 2 1 1 1 0 35 0 0 8 7 6 5 4 3 2 1 0 1 1 2 2 2 4 3 0 1 0 8 5 2 2 2 2 2 2 0 2 1 2 2 2 2 3 3 3 3 3 3 4 4 4 4 3 1 8
0 0 1 2 2 2 2 5 5 3 22 0 0 1 1 2 58 2 0 1 5 20264 2 1 6 0 0 1 0 0 2 1 0 177 175 0 0 1 1 1 1 1 1 0 0 0 0 32 31 30 29 11 10 9 8 7 6 5 2 3 3 3 5 4 0 2 0 1 15 3 3 0 3 6 0 3 1 3 2 3 3 3 3 4 4 4 4 4 4 5 5 5 5 4 2 0
0 0 1 1 1 1 1 2 4 2 18 2 0 0 1 51 5 1 0 2 4 12 20241 9 1 0 0 0 0 0 0 184 183 4 3 2 1 0 0 0 0 0 0 0 0 0 4 3 2 1 0 16 15 14 13 12 11 10 9 4 4 12 5 1 0 3 1 2 16 8 0 1 4 7 1 4 2 4 3 4 4 4 4 5 5 5 5 5 5 6 6 6 6 5 3 1
0 1 0 0 0 0 0 0 3 1 16 0 1 0 50 2 1 0 1 3 2 3 8 20221 1 1 1 0 1 2 185 0 0 0 3 2 1 0 0 0 0 0 0 85 83 72 66 65 64 63 62 61 58 54 4 3 2 1 0 5 13 0 2 0 1 4 2 3 17 10 2 0 5 8 2 5 3 5 4 5 5 5 5 6 6 6 6 6 6 7 7 7 7 6 4 2
1 0 2 0 0 0 0 0 1 0 9 5 1 0 49 1 0 0 2 1 2 3 3 137 20080 20077 1 0 2 3 186 2 1 4 0 1 0 1 102 101 96 94 91 3 0 8 7 6 5 4 3 2 1 2 48 24 23 22 21 14 1 3 0 0 3 68 61 36 35 5 1 6 0 9 3 6 4 6 5 6 6 6 6 7 7 7 7 7 15 0 8 0 8 15 5 3
2 1 0 3 2 1 1 1 0 0 8 2 1 0 47 0 0 1 0 1 2 2 135 0 1 8 20061 1 19866 19855 19667 19665 7 1 2 0 2 103 0 0 1 0 0 0 1 0 0 0 6 5 3 0 1 0 1 22 18 12 11 10 7 2 0 5 71 1 0 16 14 11 9 1 0 10 4 7 5 7 6 7 7 7 7 8 8 8 8 8 16 1 9 1 0 25 6 4
0 5 0 5 5 169 166 162 117 0 4 2 1 0 1 44 1 0 0 1 1 2 131 0 1 5 11 20046 5 2 0 0 19652 19645 1 3 104 1 1 0 0 0 0 0 0 1 30 21 12 0 0 1 0 0 0 1 0 4 3 2 1 0 6 73 0 0 0 0 0 0 0 1 0 11 5 8 6 8 7 16 16 8 9 9 0 0 18 9 17 2 10 2 1 33 63 57
0 1 7 211 187 8 5 0 43 115 3 2 1 0 0 40 0 0 0 0 1 2 127 0 4 4 5 100 71 4 1 0 0 3 19637 19596 105 4 1 0 1 1 1 1 3 31 0 6 0 10 9 2 1 0 0 0 0 0 0 0 8 7 74 0 1 0 0 0 0 0 0 3 0 12 15 7 9 0 0 0 65 30 10 1 0 1 0 29 18 3 11 3 36 64 0 0
1 225 214 0 10 7 1 4 0 41 114 1 0 0 0 30 7 1 0 0 1 1 124 3 3 4 0 98 2 67 3 0 0 1 1 37 19485 19451 19443 19436 19430 19369 19364 4 32 1 0 0 5 3 1 5 3 1 1 0 1 1 1 9 0 0 75 1 2 1 2 0 2 1 0 4 1 13 16 8 11 1 0 67 0 0 2 0 1 0 2 31 19 4 12 41 65 1 0 0
376 4 1 0 1 7 6 0 3 40 111 1 0 0 0 1 26 4 1 0 0 93 29 2 2 3 0 96 1 62 3 2 0 0 1 34 32 1 3 3 57 1 0 19353 2 5 3 1 0 0 0 0 0 0 3 2 2 2 10 1 1 0 76 2 3 2 4 3 2 1 5 2 0 14 17 9 12 2 1 69 1 3 0 1 2 0 4 32 20 5 13 108 0 2 1 0
142 1 1 0 0 6 3 1 2 39 108 1 0 1 0 0 14 10 1 0 4 87 28 1 1 2 93 1 0 59 1 2 1 0 16 16 31 0 2 2 56 0 1 0 19313 2 1 0 0 1 0 0 0 0 0 7 6 11 2 2 0 1 77 3 4 3 9 3 0 8 3 1 0 15 18 10 13 3 2 70 2 4 1 2 3 1 5 33 21 6 14 109 1 0 5 1
70 68 0 0 0 4 2 0 1 38 50 54 49 46 43 0 3 9 9 0 3 86 27 0 0 1 89 2 0 52 5 0 1 0 15 15 30 0 0 1 55 0 3 5 19303 1 0 1 2 0 1 0 1 1 1 8 7 15 0 3 1 2 82 5 0 14 4 1 9 0 4 3 0 16 19 11 14 4 3 71 8 0 2 3 4 2 6 34 22 0 22 110 2 0 7 2
59 9 67 66 0 2 1 0 20 16 41 7 3 0 2 38 2 8 3 4 2 85 10 15 0 15 30 41 1 0 50 4 1 0 14 14 28 0 0 50 3 2 0 1 10 19283 2 3 1 2 0 1 2 2 2 9 8 16 1 4 2 3 83 7 15 5 2 0 10 1 5 5 17 0 20 27 0 5 4 81 1 0 3 4 0 8 7 35 0 23 24 111 3 1 8 3
57 0 8 3 65 1 0 0 18 15 40 6 1 0 1 37 1 7 2 3 1 84 9 14 14 15 13 14 25 0 27 21 1 0 13 13 13 13 47 1 2 1 0 2 4 7 19271 10 3 0 1 2 3 3 3 10 9 19 0 5 3 4 92 0 22 3 1 0 11 2 6 6 18 1 21 29 0 6 5 82 2 1 4 5 1 9 8 36 1 0 49 112 4 2 9 4
53 2 3 2 62 1 0 2 14 14 39 3 1 0 0 36 0 6 1 2 0 83 8 13 13 14 12 13 12 11 26 4 15 0 12 12 12 12 46 0 1 0 1 3 2 3 9 19249 19197 19161 2 3 4 4 4 11 10 20 1 10 5 0 94 0 23 4 2 1 12 3 7 7 19 2 22 30 1 7 6 83 3 2 5 6 2 10 9 37 2 1 50 113 17031 17025 17021 16811
52 1 2 1 4 56 0 1 13 13 38 1 0 0 26 7 0 5 0 1 42 39 7 12 12 13 11 12 11 10 25 3 2 11 11 11 11 11 43 1 0 0 2 1 2 3 4 50 34 4 19151 19132 19111 19106 19098 19074 19026 18993 18982 104 103 95 1 24 5 3 0 2 13 4 8 8 20 3 23 31 2 8 7 84 4 3 6 7 3 11 10 17394 17355 17245 17181 17054 15 2 0 198
51 0 1 0 3 44 10 0 12 12 18 18 0 12 12 3 2 4 0 41 21 16 6 11 11 12 10 11 10 9 24 2 1 10 10 10 10 10 10 31 0 1 0 1 2 3 49 11 21 3 13 14 3 1 5 35 10 9 14 18848 18823 29 28 0 10 1 0 0 17 5 9 9 21 4 24 32 3 9 8 85 5 4 7 8 17429 17424 17398 1 105 5 3 11 5 11 0 197
48 1 0 0 1 43 8 0 11 11 11 5 17 11 11 2 1 3 40 10 9 15 5 10 10 11 9 10 9 8 23 1 0 9 9 9 9 9 9 9 20 0 0 1 2 3 44 10 20 2 12 13 2 0 4 34 9 8 13 13 9 18792 18771 16 4 1 0 1 18462 18437 18139 18123 0 5 18033 18007 17970 17937 17926 17598 6 17482 17476 17456 11 1 0 0 104 4 2 10 4 0 9 196
26 20 0 0 38 3 2 4 10 10 10 4 16 10 10 1 0 2 39 9 8 14 4 9 9 10 8 9 8 7 14 7 0 8 8 8 8 8 8 8 18 0 0 1 2 32 10 9 19 1 11 12 1 0 2 33 8 7 12 12 8 11 7 18753 18741 18470 18469 18465 1 296 4 21 18067 18064 5 2 16 10 1 315 17504 13 1 13 5 4 0 3 99 3 1 2 6 3 8 190
25 3 15 6 30 2 1 3 9 9 9 3 15 9 9 0 1 27 10 8 7 13 3 8 8 9 7 8 7 6 6 6 6 7 7 7 7 7 7 7 16 0 0 1 2 28 9 8 18 0 10 11 0 1 2 29 7 6 11 11 7 10 6 10 4 264 260 3 0 295 3 20 1 17 4 1 15 9 0 314 6 6 5 0 12 4 3 2 98 2 0 1 5 2 7 185
24 2 14 5 29 1 0 2 8 8 8 2 14 8 8 0 8 17 9 7 6 12 2 7 7 8 6 7 6 5 5 5 5 6 6 6 6 6 6 6 7 7 0 1 2 24 8 7 17 0 8 10 0 1 7 20 6 5 10 10 6 9 5 9 3 2 255 1 0 294 2 19 0 16 3 0 14 3 4 313 4 0 5 4 11 3 2 1 3 93 1 0 4 1 6 113
23 1 13 4 25 2 0 1 7 7 7 1 13 7 7 7 7 8 8 6 5 11 1 6 6 7 5 6 5 4 4 4 4 5 5 5 5 5 5 5 6 6 0 1 16 6 7 6 15 0 7 9 0 6 12 6 5 4 9 9 5 8 4 8 2 1 242 11 0 293 1 1 16 0 14 2 13 2 3 312 1 1 4 3 10 2 1 0 2 85 6 0 3 0 5 112
22 0 12 3 10 13 1 0 6 6 6 0 12 6 6 6 6 7 7 5 4 10 0 5 5 6 4 5 4 3 3 3 3 4 4 4 4 4 4 4 5 5 0 1 13 5 6 5 5 8 6 8 5 6 4 5 4 3 8 8 4 7 3 7 1 0 187 53 10 292 0 0 9 5 13 1 12 1 2 311 0 0 3 2 5 3 1 0 1 2 81 5 1 0 4 111
19 1 11 2 9 7 4 0 5 5 5 5 5 5 5 5 5 6 6 4 3 4 4 4 4 5 3 4 3 2 2 2 2 3 3 3 3 3 3 3 4 4 0 7 4 4 5 4 4 7 5 7 4 5 3 4 3 2 7 7 3 6 2 6 0 1 184 52 9 290 0 0 7 4 12 0 11 0 1 1 308 0 1 1 2 1 2 0 0 1 80 1 2 0 3 104
18 0 10 1 8 5 0 3 4 4 4 4 4 4 4 4 4 5 5 3 2 3 3 3 3 4 2 3 2 1 1 1 1 2 2 2 2 2 2 2 3 3 3 2 3 3 4 3 3 6 4 6 3 4 2 3 2 1 6 6 2 5 1 5 0 171 11 51 8 288 0 0 5 3 6 4 7 2 0 0 2 304 0 0 0 0 0 1 0 0 3 75 0 1 2 99
6 10 4 4 0 7 4 2 3 3 3 3 3 3 3 3 3 4 4 2 1 2 2 2 2 3 1 2 1 0 0 0 0 1 1 1 1 1 1 1 2 2 2 1 2 2 3 2 2 5 3 5 2 3 1 2 1 0 5 5 1 4 0 4 170 6 3 50 7 17 269 1 2 2 2 2 3 6 1 0 0 1 301 1 0 0 0 2 1 0 2 1 72 0 1 98
5 4 4 3 3 6 3 1 2 2 2 2 2 2 2 2 2 3 3 1 0 1 1 1 1 2 0 0 0 0 0 0 0 0 0 0 0 0 0 0 1 1 1 0 1 1 2 1 1 4 2 4 1 2 0 1 0 1 2 4 0 3 3 3 165 5 2 49 6 16 268 0 1 1 1 1 2 3 1 0 0 1 1 294 158 156 154 47 21 2 1 0 65 5 0 97
4 3 3 2 2 5 2 0 1 1 1 1 1 1 1 1 1 2 1 0 0 0 0 0 0 0 0 0 0 0 2 1 0 0 0 0 0 0 0 0 0 0 0 0 0 0 0 0 0 3 1 3 0 0 0 0 0 1 1 1 2 2 2 88 75 4 1 48 5 4 10 267 0 0 0 0 1 1 0 0 0 0 0 126 6 0 86 15 24 17 1 0 14 49 4 96
3 2 2 1 1 2 1 1 0 0 0 0 0 0 0 0 0 0 0 0 0 0 0 0 0 0 0 0 1 2 3 3 0 1 2 0 1 2 3 1 0 0 0 0 0 0 0 0 0 0 0 0 2 1 0 0 0 0 0 1 1 1 10 76 74 3 0 47 4 3 6 2 266 0 0 0 0 0 0 1 2 88 121 3 1 2 85 3 10 23 16 0 13 33 14 3
2 1 1 0 0 0 0 0 0 0 0 0 0 0 0 0 0 0 0 0 1 2 0 1 1 1 1 1 0 2 7 4 1 2 3 3 3 4 2 1 0 0 1 1 1 2 1 1 0 0 0 0 6 5 4 2 1 0 0 0 0 9 75 1 71 2 45 0 3 2 5 1 184 79 74 1 0 0 1 44 84 19 11 2 0 1 59 24 2 9 22 15 12 18 13 13
0 0 0 0 0 0 0 0 0 1 0 1 1 1 2 1 1 1 1 1 2 3 1 2 2 2 2 0 2 1 11 5 2 7 4 4 5 5 1 0 0 0 1 2 2 5 4 1 1 1 14 12 4 3 2 0 0 0 2 3 8 74 0 25 44 1 44 0 1 1 4 0 183 3 56 12 0 0 41 38 7 10 1 8 1 0 55 2 23 1 8 21 14 11 17 12
0 0 0 0 2 1 0 1 1 2 1 0 4 2 3 2 2 2 2 2 3 4 2 3 3 3 3 1 0 3 14 6 23 11 5 6 8 1 0 0 1 0 1 2 6 11 2 33 30 27 11 10 6 3 1 0 0 1 2 3 71 1 24 19 23 0 43 0 0 1 1 19 162 2 55 4 5 4 34 37 6 7 1 0 7 0 14 39 1 22 0 7 20 13 10 16
1 1 2 3 2 0 1 0 4 3 2 1 5 3 4 3 3 3 3 3 9 3 0 4 4 8 0 2 0 1 19 41 9 8 7 12 2 1 0 1 2 1 0 2 22 108 55 18 15 11 7 3 2 1 0 0 1 2 3 50 19 0 23 18 22 4 3 33 0 0 18 161 1 3 50 3 4 3 33 36 5 3 2 0 1 4 13 25 12 0 21 6 19 12 9 3
2 2 7 3 1 0 0 2 6 4 3 2 6 4 9 0 4 4 4 14 4 1 0 5 5 10 3 0 1 2 62 0 0 0 13 2 1 0 2 0 3 0 2 4 143 8 48 1 1 2 2 2 2 1 0 0 0 1 28 16 7 10 22 17 21 3 2 15 16 17 160 0 2 1 47 2 3 2 32 15 19 4 2 1 0 3 12 12 11 11 20 5 18 11 8 2
3 3 12 2 0 1 0 1 10 5 4 3 7 5 10 1 5 5 20 11 5 2 0 6 17 4 0 1 2 3 766 701 699 697 5 1 0 3 0 1 4 1 3 152 2 1 7 47 0 0 1 1 1 1 0 0 1 25 9 5 6 9 21 16 20 2 1 14 15 16 159 1 0 0 45 1 2 1 31 14 13 4 3 1 0 2 11 11 10 10 19 4 17 10 7 1
4 17 3 0 1 0 2 1 13 6 5 4 1441 1432 1239 1227 1224 1214 12 0 0 0 0 7 18 5 996 994 824 816 48 45 35 0 676 673 659 1 2 0 5 164 161 2 0 1 0 6 46 1 0 0 0 0 0 0 22 6 1 4 5 8 20 15 19 1 0 13 14 15 145 12 0 29 14 0 1 0 30 3 9 12 3 2 0 1 10 10 9 9 18 3 16 1 7 6
23 4 0 1 2 1 0 5 14 1474 1466 1454 10 7 185 2 1 2 1173 1141 2 0 1049 1047 1011 1002 3 152 10 2 1 0 7 33 1 3 8 652 642 547 537 358 356 0 0 0 0 0 4 43 40 2 1 0 0 0 19 5 0 3 4 7 19 14 0 17 0 12 13 14 142 1 11 28 9 3 0 2 20 5 2 8 11 2 1 0 9 9 8 8 17 2 7 7 0 6
29 0 1 2 3 2 1 21 1504 28 7 0 1 6 164 16 0 1 30 3 1131 1128 34 14 7 1 0 2 151 9 1 0 6 32 0 2 7 8 87 1 2 12 0 355 324 2 1 0 1 1 1 36 20 19 17 15 1 0 4 2 3 6 18 0 12 7 8 11 12 13 18 122 0 10 27 8 2 1 16 2 4 1 7 10 1 0 8 8 7 7 16 1 0 5 6 5
30 1 2 3 4 3 1546 1521 15 3 19 6 0 5 129 33 15 0 29 2 1 39 2 18 13 6 0 1 150 3 4 0 5 30 0 1 6 7 75 10 0 1 11 12 16 319 281 1 0 0 0 0 14 4 2 16 14 0 3 1 2 5 4 12 11 6 7 10 11 12 17 65 55 9 17 8 7 1 0 15 1 3 0 6 9 0 7 7 6 6 13 1 0 4 5 4
2112 2 1699 1695 1683 1659 17 7 6 3 2 18 5 4 124 3 32 14 28 1 0 2 35 1 17 12 5 0 1 147 2 3 4 13 15 0 5 6 57 16 9 0 10 11 15 33 2 278 254 101 69 53 51 8 0 1 15 13 2 0 1 4 3 11 10 5 6 9 10 11 16 64 54 8 8 7 7 6 0 7 6 0 2 5 1 6 6 6 5 5 5 6 0 3 4 3
371 1705 0 1 18 85 7 8 6 5 2 1 17 4 3 123 2 31 13 27 0 1 20 13 0 16 11 4 0 146 1 2 3 12 10 3 4 5 6 49 15 8 9 10 14 32 1 3 18 151 30 14 0 50 7 0 14 7 4 1 0 3 2 10 9 4 5 8 9 10 15 63 34 18 7 7 6 6 5 5 0 5 1 4 0 5 5 5 4 4 4 4 0 2 3 2
370 1 1 0 17 65 18 6 7 5 4 1 0 16 3 2 122 1 30 12 26 0 19 2 9 15 7 2 3 145 0 1 2 11 9 2 3 4 5 48 14 7 8 9 13 31 0 2 17 123 26 29 13 42 6 6 6 6 6 3 0 2 1 9 8 3 4 7 8 9 14 62 25 7 17 6 6 5 5 4 4 0 3 0 3 4 4 4 3 3 3 1 1 1 2 1
369 0 0 0 16 17 46 17 5 6 4 3 0 15 2 1 35 85 0 29 11 25 18 1 8 14 5 0 1 2 144 0 1 10 8 1 2 3 4 47 13 6 7 8 12 29 0 1 16 122 25 14 13 12 41 5 5 5 5 5 2 1 0 8 7 2 3 6 7 8 13 61 14 9 6 16 5 5 4 4 3 3 0 1 2 3 3 3 2 2 2 0 0 0 0 0
319 47 43 38 14 15 16 45 16 4 5 3 2 14 1 0 34 83 0 28 10 24 17 0 7 7 5 4 0 1 4 138 0 9 7 0 1 2 3 46 12 5 6 7 11 25 2 0 15 121 12 11 13 12 11 40 4 4 4 4 4 1 0 7 6 1 2 5 6 7 12 38 21 13 8 5 15 4 4 3 3 2 2 0 1 2 2 2 1 1 0 0 0 0 0 0
308 9 2 3 22 13 14 15 44 15 3 4 2 1 13 0 33 36 45 27 9 23 8 7 6 5 0 4 3 0 3 131 5 4 3 6 0 1 2 45 11 4 5 6 10 7 16 1 14 101 18 11 10 12 11 10 39 3 3 3 3 3 0 6 5 0 1 4 5 6 11 37 13 6 12 7 4 14 3 3 2 2 1 1 0 1 1 1 0 0 0 0 0 1 2 1
242 64 8 1 2 21 12 13 14 43 14 2 3 1 0 12 32 34 0 44 26 8 22 7 6 5 4 3 0 1 2 43 86 4 3 2 5 0 1 44 10 3 4 5 9 6 15 0 13 83 16 17 10 9 11 10 9 38 2 2 2 2 2 5 2 1 0 3 4 5 10 36 12 5 5 5 6 3 13 2 2 1 1 0 0 0 0 0 0 0 0 1 1 1 5 2
233 7 63 7 0 1 20 11 12 13 42 13 1 2 0 11 31 32 0 16 26 25 7 21 6 5 4 3 2 0 1 32 9 85 3 2 1 4 0 43 9 2 3 4 8 5 6 7 12 12 69 15 16 9 8 10 9 8 37 1 1 1 1 1 4 1 0 2 3 4 9 11 23 11 4 4 4 5 2 12 1 1 0 0 0 0 0 0 1 1 1 1 2 2 8 39
225 6 6 62 6 0 12 6 10 11 12 41 12 0 1 10 14 15 31 15 16 8 24 6 20 5 4 3 2 1 0 31 8 75 8 2 1 0 3 42 8 1 2 3 7 4 5 6 11 11 64 3 14 15 8 7 9 8 7 36 0 0 0 0 0 3 0 1 2 3 8 10 13 8 10 3 3 3 4 1 11 0 0 3 1 0 0 2 3 2 2 2 2 6 56 6
217 6 5 5 61 5 5 5 5 9 10 11 40 11 0 9 13 14 30 14 8 6 7 23 5 19 4 3 2 1 0 30 7 74 3 3 1 0 2 41 7 0 1 2 6 3 4 5 10 10 10 52 2 13 14 7 6 8 7 6 35 9 8 7 6 3 2 0 1 2 7 9 12 7 6 2 2 2 2 3 0 10 8 2 1 0 0 0 0 4 3 3 3 71 6 5
212 3 5 4 4 60 4 4 4 4 8 9 10 39 10 8 12 13 15 13 13 7 5 6 22 4 18 3 2 1 0 29 6 55 17 2 2 0 1 25 14 6 0 1 5 2 3 4 9 9 9 9 41 1 12 13 6 5 7 6 5 24 18 12 1 1 2 1 0 1 6 8 11 6 2 2 1 1 1 1 2 0 0 0 0 0 1 1 1 1 5 4 4 84 4 3
207 3 2 4 3 3 59 3 3 3 3 7 8 9 38 9 7 11 12 14 12 12 6 4 5 21 3 17 2 1 0 28 5 44 9 16 1 1 0 8 15 13 5 0 4 1 2 3 8 8 8 8 16 23 0 11 12 5 4 6 5 4 4 4 9 0 0 1 0 0 5 7 10 4 0 1 1 0 0 0 0 0 0 0 0 1 1 2 2 2 2 6 95 5 4 3
203 2 2 1 3 2 2 58 2 2 2 2 6 7 8 37 8 6 10 11 13 11 11 5 3 4 20 2 16 1 0 27 4 29 13 8 15 0 0 7 14 2 9 4 3 0 1 2 7 7 7 7 7 7 22 2 7 11 4 3 5 4 3 3 3 8 2 1 0 0 3 6 6 2 3 1 0 0 0 0 0 0 1 0 1 1 2 2 3 3 3 3 109 0 2 1
200 1 1 1 0 2 1 1 57 1 1 1 1 5 6 7 36 7 5 9 10 12 10 10 4 2 3 19 1 15 0 26 3 12 15 12 7 14 0 6 6 6 1 8 3 2 0 1 6 6 6 6 6 6 6 14 1 6 10 3 2 4 3 2 2 2 4 1 0 2 0 4 3 1 1 0 0 0 1 1 1 1 2 1 0 2 2 3 3 4 4 4 115 3 2 1
199 0 0 0 0 0 0 0 0 56 0 0 0 0 4 5 6 35 6 4 8 9 11 9 9 3 1 2 18 0 14 10 14 2 11 14 11 6 12 10 5 5 5 0 7 2 1 0 5 5 5 5 5 5 5 4 8 0 5 9 2 1 3 2 1 1 1 1 0 1 0 2 1 0 0 0 0 1 2 2 2 2 3 2 1 0 3 3 4 4 5 10 120 7 3 2
32 164 153 94 93 92 69 3 2 1 55 23 22 21 2 3 4 5 34 5 3 7 8 10 8 8 2 0 1 17 9 3 9 13 1 10 13 10 5 0 9 4 4 4 0 5 1 0 4 4 4 4 4 4 4 3 3 3 4 5 2 1 0 2 1 0 0 0 0 0 0 0 0 0 0 0 1 2 3 3 3 3 4 3 2 1 0 4 4 5 11 11 129 2 1 0
30 0 9 57 21 16 21 64 52 15 0 30 15 10 17 1 2 3 4 33 4 2 6 7 9 7 7 1 0 16 8 2 1 6 12 0 9 12 9 4 4 3 3 3 3 2 1 0 3 3 3 3 3 3 3 2 2 2 3 2 1 1 0 0 0 0 0 0 0 0 0 0 0 1 1 1 2 3 4 4 4 4 5 4 3 2 1 0 10 6 12 150 7 3 2 1
28 0 8 22 11 3 15 20 10 35 14 5 7 3 9 16 0 1 2 3 32 3 1 5 6 8 6 6 0 15 7 1 0 5 5 5 8 6 4 8 3 3 2 2 2 2 1 0 2 2 2 2 2 2 2 1 1 1 2 0 0 0 0 0 0 0 1 1 1 1 1 1 1 2 2 2 3 4 5 5 5 5 6 0 5 7 2 1 11 7 173 8 5 3 1 0
25 1 7 21 10 2 14 19 9 34 7 5 4 6 2 8 15 0 1 2 29 1 2 0 4 5 7 5 5 14 4 1 0 4 4 4 7 1 3 3 7 2 2 1 1 1 1 0 1 1 1 1 1 1 1 0 0 0 0 0 0 0 0 1 1 1 2 2 2 2 2 2 2 3 3 3 4 5 6 6 6 6 7 0 1 6 11 2 12 185 2 1 1 0 0 0
24 0 6 20 9 1 13 18 8 1 31 6 4 3 5 1 7 14 0 1 20 7 0 1 3 4 6 4 4 9 3 3 0 3 3 3 6 0 2 2 3 2 1 1 0 0 0 0 0 0 0 0 0 0 0 0 0 0 0 0 1 1 1 2 2 2 3 3 3 3 3 3 3 4 4 4 5 6 7 7 7 7 8 1 2 7 12 206 189 2 1 0 0 0 0 1
18 4 5 19 8 0 12 17 7 0 28 1 5 3 2 4 0 6 13 0 19 4 1 0 2 3 5 3 3 8 1 0 2 2 2 2 4 0 1 1 2 0 0 0 0 0 0 0 0 0 0 0 0 0 0 0 1 2 1 1 2 2 2 3 3 3 4 4 4 4 4 4 4 5 5 5 6 7 8 8 8 8 9 0 2 24 213 4 3 2 1 0 0 0 1 11
17 3 4 17 0 7 11 8 7 6 11 15 0 4 2 1 3 5 5 6 4 13 3 0 1 2 4 2 2 5 1 0 1 1 1 1 2 0 0 0 0 0 0 0 0 1 1 1 1 1 1 1 1 1 1 1 2 3 2 2 3 3 3 4 4 4 5 5 5 5 5 5 5 6 6 6 7 17 0 9 9 9 10 0 29 214 0 0 0 3 2 1 0 1 14 2
16 2 3 9 6 6 10 2 4 6 5 10 14 3 1 0 2 4 4 5 3 3 8 2 0 1 3 1 1 2 1 0 0 0 0 0 0 0 0 0 0 0 1 1 1 2 2 2 2 2 2 2 2 2 2 2 3 4 3 3 4 4 4 5 5 5 6 6 6 6 6 6 6 7 7 15 18 1 0 10 10 10 11 0 246 1 0 12 11 3 1 0 1 2 18 1
15 1 2 8 5 5 9 1 3 5 4 4 4 13 2 0 1 3 3 4 2 2 2 4 1 0 2 0 0 0 0 0 0 0 0 0 0 0 1 1 1 1 2 2 2 3 3 3 3 3 3 3 3 3 3 3 4 5 4 4 5 5 5 6 6 6 7 7 7 7 7 7 7 8 24 19 2 0 1 11 11 11 12 1 267 17 15 0 1 0 0 0 2 3 21 0
14 0 1 7 4 4 8 0 2 4 3 3 3 4 7 1 0 2 2 3 1 1 1 2 0 0 0 0 0 0 0 0 1 1 1 1 1 1 2 2 2 2 3 3 3 4 4 4 4 4 4 4 4 4 4 4 5 6 5 5 6 6 6 7 7 7 8 8 8 8 8 8 8 34 20 3 1 0 2 12 12 12 13 270 2 1 0 0 0 0 0 1 3 26 1 0
11 1 0 6 3 3 6 0 1 3 2 2 2 3 3 2 0 1 1 2 0 0 0 0 0 0 0 0 1 0 2 1 2 2 2 2 2 2 3 3 3 3 4 4 4 10 0 5 5 5 5 5 5 5 5 5 6 7 6 6 7 7 7 8 8 8 9 9 18 9 0 9 44 21 0 4 2 1 3 13 13 13 285 6 2 1 0 0 1 1 1 2 4 29 1 0
7 2 0 5 2 2 2 2 0 2 1 1 1 2 1 0 1 0 0 0 0 0 0 0 0 1 1 1 0 2 4 2 3 3 3 3 3 3 4 4 4 4 5 5 5 11 1 6 6 6 6 6 6 6 6 6 7 8 7 7 16 8 27 9 0 0 9 20 29 0 0 11 45 22 1 5 3 2 4 14 14 300 10 2 1 0 0 1 2 2 2 3 35 0 3 0
4 1 1 2 1 1 1 1 1 1 0 0 0 0 0 0 0 0 0 0 0 0 2 1 1 2 2 2 0 4 5 3 4 4 4 4 4 4 5 5 5 5 6 6 6 12 2 7 7 14 7 7 7 0 7 7 8 18 8 0 0 54 0 0 0 1 1 31 30 1 1 12 46 23 8 4 0 3 5 15 316 13 1 0 0 1 0 2 3 3 3 4 36 1 4 1
2 0 0 0 1 0 0 0 0 0 0 0 0 0 0 0 0 1 1 1 0 1 4 2 0 5 3 3 1 5 6 4 5 5 5 5 5 5 6 6 6 6 7 7 33 12 8 8 15 28 19 10 1 0 8 17 20 0 0 0 1 57 0 0 1 1 2 34 31 2 2 60 24 9 5 0 1 4 6 333 27 6 5 4 2 1 0 3 4 4 4 5 37 2 5 2
0 0 0 0 0 0 0 0 0 0 0 1 1 1 1 1 1 2 2 2 1 0 2 8 1 6 4 4 2 6 7 5 6 6 6 86 96 106 114 7 24 16 0 110 67 66 65 51 34 4 3 2 1 9 18 21 0 0 0 1 1 60 1 0 1 4 3 35 32 3 64 25 10 0 0 7 2 5 341 28 0 5 4 3 2 1 0 4 5 5 5 6 38 3 6 3
0 1 1 1 0 0 1 1 1 1 1 2 2 2 2 2 2 3 3 3 2 3 5 12 0 9 5 0 7 22 33 44 55 66 69 2 2 2 0 150 0 118 117 4 2 1 0 3 2 1 0 0 10 0 19 22 1 0 1 1 4 61 2 0 3 5 4 69 4 65 26 11 0 1 0 9 3 2247 1898 2 0 0 0 0 2 1 0 5 6 12 0 7 39 4 1033 1021
