tests/fixtures/watershed_abstraction/mdobre-scarce-belch/dem/topaz/UPAREA.ARC
ncols   274
nrows   267
xllcorner  568331
yllcorner 5029449
cellsize   30.00
nodata_value    -1.0
[rows 144 to 215 of 267, columns 96 to 191 of 274]
3 4 4 4 4 5 5 5 5 5 5 6 74 5 3 4 9 2 5 10 2 3 4 5 5 5 5 5 5 6 6 2 9 8 8 9 9 9 9 10 10 3 1 2 0 53 13 12 9 10 19 14 6817 6791 6766 6742 6715 6704 6687 6666 6651 6642 24 18 6 6 7 5 5 6 6 7 8 9 9 14 0 1 18 175 0 0 1 0 1 0 39 38 20 19 18 17 16 15 14 13
4 5 5 5 5 6 6 6 6 6 6 7 75 6 4 5 10 3 6 11 3 4 5 6 6 6 6 6 6 7 7 3 10 9 9 10 10 10 10 11 11 4 2 3 0 55 14 13 10 6880 6868 6824 1 6 5 6 6 6 9 5 4 6 23 11 5 5 5 6 4 4 5 5 6 7 8 8 13 0 11 5 174 169 165 29 26 25 24 23 22 21 20 19 18 17 13 8
0 11 6 6 6 7 7 7 7 7 7 8 76 7 5 6 15 0 7 12 4 5 6 7 7 7 7 7 7 8 8 4 11 10 10 11 11 11 11 12 12 0 8 4 1 6995 6938 6906 6893 0 7 3 0 5 4 5 5 5 8 4 3 5 20 1 10 4 4 4 5 3 3 4 4 5 6 7 7 12 2 7 4 3 2 134 132 121 112 90 82 74 66 2 1 0 2 3
10 12 7 7 7 8 0 16 8 8 8 9 77 8 13 16 1 8 0 13 5 6 7 8 8 8 8 8 8 9 9 5 12 11 11 12 12 12 12 13 13 1 9 5 7000 1 1 0 5 4 1 4 2 4 3 4 4 4 7 3 2 4 14 4 0 9 3 3 3 4 2 2 3 3 4 5 6 6 11 1 6 3 2 1 0 9 7 20 6 6 6 62 5 1 0 1
11 13 8 8 8 9 1 17 0 19 9 10 102 23 17 2 0 10 0 0 20 7 17 9 9 0 9 9 0 9 10 10 6 25 0 12 26 13 27 0 14 2 16 7020 18 12 0 0 4 3 0 3 1 3 2 3 3 3 6 2 1 3 3 9 3 0 7 2 2 2 3 1 1 2 2 3 4 5 5 10 0 5 2 1 0 3 4 6 19 5 5 5 55 2 1 0
12 14 9 9 9 10 2 18 0 0 30 0 114 18 3 0 1 11 1 1 21 26 21 10 1 10 0 10 0 1 10 11 18 0 26 14 7162 7120 7089 7088 7070 7063 7044 9 4 4 11 10 3 3 2 2 0 2 1 2 2 2 5 1 0 2 2 5 2 2 2 3 1 1 1 2 0 0 1 1 2 3 4 4 9 4 4 1 0 2 3 5 4 13 4 4 4 54 51 47
13 15 10 10 10 11 22 0 1 1 31 0 116 23 1 0 2 12 2 2 49 22 0 2 11 0 1 11 0 1 2 11 12 19 48 7178 0 0 0 0 2 0 1 10 3 3 3 2 2 2 2 1 1 1 0 1 1 1 2 1 0 1 1 2 1 1 1 1 2 0 0 0 1 0 0 0 0 1 2 3 3 3 3 3 0 1 2 4 3 5 6 3 3 3 1 2
55 40 23 0 11 12 24 0 2 0 2 150 24 0 2 0 1 16 3 53 23 0 1 3 12 1 2 12 0 1 2 3 12 13 14881 7652 7648 7646 7636 3 0 1 0 1 7 2 2 2 1 1 1 1 0 0 0 0 0 0 0 0 0 0 0 0 0 0 0 0 0 1 0 0 0 1 0 0 0 0 0 1 2 2 2 2 2 0 1 3 2 1 2 5 2 2 2 0
0 0 0 0 0 12 13 26 3 0 1 179 1 0 3 0 3 21 54 24 0 1 2 4 13 2 3 13 1 0 2 3 17 14896 6 2 1 0 8 7631 1 0 0 0 1 4 1 1 1 0 0 0 0 0 0 0 0 0 0 0 0 0 0 0 0 0 0 0 0 0 1 1 2 1 1 1 1 0 0 0 0 1 1 1 1 1 0 2 1 0 1 1 2 1 1 1
0 2 0 0 1 1 13 41 4 0 1 184 0 1 4 0 5 77 0 25 1 2 3 5 14 3 4 14 0 3 3 4 14935 19 8 2 1 0 7 1 7628 0 0 0 0 1 1 0 0 0 0 0 1 1 0 1 1 1 1 2 1 1 1 1 1 1 1 1 1 2 2 3 2 2 2 2 1 1 1 0 0 0 0 0 0 0 0 0 0 0 0 0 0 0 0 0
2 4 0 1 0 2 16 42 5 1 0 187 1 2 5 1 84 0 1 26 2 3 4 6 15 4 5 15 1 14982 14977 14971 20 3 2 7 1 0 6 0 3 7622 1 3 2 1 0 0 0 0 2 2 2 0 1 2 2 2 2 3 2 4 2 2 2 2 2 2 3 3 4 3 3 3 3 2 2 2 1 1 1 0 0 0 0 0 0 0 0 0 0 0 0 0 0 0
4 6 0 2 1 0 20 43 6 2 1 188 2 3 6 2 85 1 2 27 3 4 5 7 16 5 6 15035 15018 9 0 8 11 3 2 1 6 0 5 0 1 7618 7 2 1 0 0 0 1 1 3 3 3 1 2 3 3 3 3 4 8 3 3 3 3 3 3 4 4 5 4 4 4 4 3 3 3 2 2 2 1 1 1 1 1 0 1 2 1 1 1 1 1 1 1 1
5 7 1 3 2 0 1 65 7 3 2 189 3 4 7 3 15962 15869 3 15730 15701 15690 15678 15669 15664 15642 15620 11 11 10 8 7 6 3 2 1 0 5 4 0 5 6 7596 1 0 0 0 1 2 2 9 4 4 6596 6593 6503 6496 6486 6438 6431 6418 6396 6383 13 4 4 5 5 0 11 5 0 10 4 4 4 3 3 3 2 2 2 2 0 2 1 2 3 4 2 2 2 2 2 0 2
6 8 2 4 3 1 2 66 16339 16330 16322 16313 16041 15991 15990 15975 7 5 15862 124 0 1 2 3 3 7 559 11 10 10 9 7 6 5 2 1 0 4 3 4 0 4 7590 2 1 0 1 2 6644 6637 6622 6621 6611 1 85 1 0 42 5 6 11 7 8 6355 6341 6 6 1 0 18 0 1 16 5 5 4 4 4 3 3 3 0 3 1 3 2 3 4 5 6 0 6 3 0 1 3
7 9 3 5 4 2 70 16346 4 3 2 4 76 43 1 3 6 4 5 118 4 0 1 2 2 6 556 1 10 9 9 8 6 5 4 1 0 3 2 3 2 0 32 7556 7522 7512 7511 7485 1 2 0 3 11 0 15 68 0 41 4 5 10 6 7 8 3 6328 2 0 1 20 2 17 6 6 5 5 5 4 4 4 1 0 4 2 4 3 4 5 6 8 7 4 1 0 2 4
8 10 16759 16754 16747 16737 16442 4 0 2 1 3 75 42 0 2 5 3 4 63 53 3 0 1 1 5 2 552 0 9 8 8 7 5 4 3 0 2 1 2 1 0 30 20 11 7 19 833 3 0 1 2 4 5 13 0 67 40 3 4 9 5 6 7 2 5 6311 6281 6269 6253 6206 7 7 6 6 6 5 5 5 2 1 0 5 3 5 4 5 6 7 17 5 2 0 1 3 5
16799 16771 2 1 3 207 11 89 3 1 0 2 74 40 0 1 4 2 3 62 9 42 2 0 0 4 1 533 17 8 8 7 7 6 4 3 2 1 0 1 0 2 26 19 10 6 18 826 5 2 0 1 3 4 11 0 66 39 2 3 8 4 5 6 1 4 28 9 12 18 5 6176 6158 7 7 6 6 6 3 2 1 0 6 4 6 5 6 7 8 24 0 4 0 2 4 6
5 6 7 0 2 206 5 4 88 2 0 1 73 11 27 0 3 1 2 61 8 35 5 1 0 2 0 66 465 7 7 7 6 6 5 3 2 1 0 0 1 2 22 18 9 5 17 7 817 4 1 0 2 3 9 0 65 38 1 2 7 3 4 5 0 3 27 8 11 17 4 11 4 6134 6109 7 7 4 3 2 0 1 7 5 7 6 7 8 9 25 6 1 3 0 5 7
4 5 5 0 1 24 180 4 3 87 1 0 69 2 10 26 2 0 1 60 7 3 30 4 0 1 0 64 395 68 6 6 6 5 5 4 2 1 0 0 1 6 14 17 8 4 16 6 812 3 3 0 1 2 3 4 64 37 0 1 6 2 3 4 0 1 26 7 10 16 3 10 3 0 14 6093 10 4 3 0 1 2 8 6 8 7 8 9 36 7 2 4 1 0 6 8
3 4 2 1 0 23 137 41 3 2 86 0 65 2 1 9 25 1 0 59 6 2 29 1 1 0 8 54 356 37 67 5 5 5 4 4 3 1 0 0 5 0 12 16 7 3 15 5 2 808 2 2 0 1 2 3 63 27 8 0 5 1 2 3 0 1 23 6 9 15 2 9 2 0 12 0 6072 6026 1 0 2 3 9 7 9 17 0 10 45 3 5 2 0 1 7 9
4 2 3 1 0 22 105 30 40 2 1 85 64 0 0 0 8 24 0 58 5 1 27 0 0 0 7 53 355 6 29 66 4 4 4 3 3 2 0 2 1 2 8 15 6 2 14 4 1 797 9 1 1 0 1 2 62 17 8 7 4 0 1 2 0 8 13 5 8 14 1 8 1 10 0 4 21 17 6019 3 0 4 5904 5893 5883 5848 5816 5803 46 10 3 1 0 2 8 10
3 3 1 2 0 21 104 25 3 39 1 0 84 63 5 2 1 7 23 22 57 4 0 26 8 0 6 52 354 5 14 13 65 3 3 3 2 2 1 1 0 1 7 14 5 1 13 3 0 3 792 8 0 0 0 1 61 11 4 7 6 3 0 1 2 4 12 4 7 13 0 7 0 9 3 20 15 0 1 6011 5958 5921 12 0 10 12 11 11 5744 5732 5709 5678 1 3 9 11
70 2 2 0 1 20 103 22 1 2 38 0 77 5 56 1 0 0 6 2 21 56 3 16 2 3 5 51 347 5 4 13 12 64 2 2 2 1 1 0 0 0 6 13 4 0 12 1 0 2 14 776 7 2 1 0 60 6 3 3 6 5 2 0 1 3 11 3 6 12 5 0 8 1 0 19 14 0 32 18 29 1 0 11 9 11 10 10 10 10 13 11 5673 5663 5638 5615
39 29 1 1 0 19 93 8 21 0 1 37 75 0 4 55 51 48 2 1 20 55 2 15 1 2 4 50 331 14 4 3 12 11 63 1 1 1 0 0 0 0 5 4 7 3 8 2 0 1 8 4 775 3 0 0 59 2 2 2 2 5 4 1 0 2 10 2 5 11 4 5 1 0 18 1 11 31 10 6 16 11 0 10 8 10 9 9 9 9 12 10 8 9 9 1
1 36 28 0 0 17 0 92 7 20 14 0 36 74 3 2 1 47 1 0 19 54 1 14 0 1 3 49 321 8 13 3 2 11 10 62 0 0 0 17 15 13 5 4 3 6 2 7 1 0 7 3 1 772 1 0 56 1 1 1 1 1 4 3 0 1 9 1 4 10 3 4 0 17 0 8 1 30 9 5 15 9 0 9 7 9 8 8 8 8 11 9 7 8 8 0
5 0 35 27 11 0 16 91 4 1 4 13 35 73 2 1 0 44 1 0 18 53 0 11 1 0 2 48 309 10 7 12 2 1 10 9 61 60 45 24 13 6 6 4 3 2 5 1 6 0 6 2 0 758 12 1 18 36 0 0 0 0 0 3 2 0 8 0 3 9 2 3 0 15 7 0 17 11 8 4 8 5 8 8 6 8 7 7 7 7 10 8 6 7 7 0
3 4 34 14 3 5 15 90 3 0 3 12 34 3 68 1 0 2 40 0 17 23 28 4 5 0 1 44 2 308 9 6 11 1 0 9 8 0 13 1 9 5 5 5 3 2 1 4 0 5 5 1 0 756 7 1 0 17 35 4 3 2 1 0 2 1 0 6 2 8 1 2 4 9 6 0 15 10 7 3 7 4 7 7 5 7 6 6 6 6 9 7 5 6 6 7
2 3 33 13 2 4 14 89 1 0 2 11 33 1 0 67 0 1 32 6 16 8 13 27 3 4 0 1 41 1 307 8 5 10 0 8 4 1 7 4 0 8 4 4 4 2 1 0 3 4 4 0 1 753 1 4 0 4 11 29 24 21 14 9 4 1 0 5 1 7 0 1 3 8 5 0 13 9 6 2 6 3 6 6 4 6 5 5 5 5 8 6 4 5 5 6
1 2 32 12 1 3 13 61 26 0 1 10 28 3 0 50 15 0 21 9 5 15 7 12 26 2 3 0 38 1 0 306 7 4 9 3 3 3 0 6 3 3 3 3 3 3 1 0 2 3 3 0 1 749 0 0 3 3 6 3 3 1 5 3 3 3 0 4 0 2 3 0 2 7 4 5 6 8 5 1 5 2 5 5 3 5 4 4 4 4 7 5 3 4 4 5
0 1 31 11 0 2 12 51 8 25 0 9 22 4 2 0 48 14 10 9 8 4 14 6 11 25 1 2 35 1 0 22 282 6 3 8 2 2 2 2 2 2 2 2 2 2 2 0 1 2 2 0 1 742 3 2 2 2 2 2 2 2 0 4 2 2 2 1 1 1 1 0 1 6 3 4 5 7 4 0 4 1 4 4 2 4 3 3 3 3 6 4 2 3 3 4
95 0 30 9 0 1 11 41 8 7 24 8 13 7 3 1 37 9 13 9 8 7 3 13 5 10 24 0 1 34 0 21 269 11 5 2 7 1 1 1 1 1 1 1 1 1 1 1 0 1 1 0 2 4 733 1 1 1 1 1 1 1 1 1 1 1 1 1 0 0 0 0 0 5 2 3 4 2 3 3 3 0 3 3 1 3 2 2 2 2 5 3 1 2 2 3
2 94 14 14 8 0 10 29 10 7 6 23 7 12 6 2 0 36 8 12 8 7 6 2 12 4 9 23 0 1 31 20 264 3 10 4 1 6 0 0 0 0 0 0 0 0 0 0 0 0 0 1 1 1 730 0 0 0 0 0 0 0 0 0 0 0 0 0 0 0 0 0 0 0 3 1 2 3 1 2 2 2 2 2 0 2 1 1 1 1 4 2 0 1 1 2
12 1 93 13 13 7 6 2 28 9 6 5 22 6 11 5 1 0 34 7 11 7 6 5 1 11 3 8 22 0 30 18 0 263 2 9 3 0 5 4 3 2 1 0 0 0 0 0 0 0 0 0 0 1 726 1 0 0 0 0 0 0 0 3 2 1 0 0 1 1 1 4 2 1 0 2 0 1 2 0 1 1 1 1 1 1 0 0 0 0 3 0 0 0 0 1
11 11 0 92 12 12 6 5 1 27 8 5 4 21 5 10 4 0 1 31 6 10 6 5 4 0 10 2 7 21 0 28 17 0 261 1 8 2 1 0 0 0 0 1 1 1 1 1 1 0 0 0 0 1 13 707 702 649 647 645 602 473 471 466 465 464 463 461 458 455 10 4 3 2 1 0 1 0 0 1 0 0 0 0 0 0 0 0 0 1 0 2 1 0 0 0
11 10 10 79 11 11 11 5 4 0 26 7 4 3 20 4 9 3 0 13 16 5 9 5 4 3 6 2 1 6 20 0 26 16 1 258 0 7 6 5 3 1 2 2 2 2 2 2 6 4 2 0 0 0 8 2 3 50 2 0 40 126 37 32 30 27 17 5 3 0 441 423 415 331 315 300 294 5 4 3 2 1 0 0 0 0 0 2 2 7 6 5 4 3 1 0
1 8 9 9 78 10 10 10 4 3 0 24 6 3 2 19 3 8 2 12 6 8 4 8 4 3 2 5 1 0 5 19 4 20 15 0 257 243 235 233 214 191 174 141 137 108 104 30 22 21 14 8 3 0 6 1 2 44 1 0 10 28 87 3 0 1 8 10 0 1 14 1 6 82 14 13 4 287 5 4 3 2 1 1 149 147 145 141 137 128 127 7 6 5 4 3
0 7 8 8 66 10 9 9 9 3 2 8 14 5 2 1 18 2 7 1 11 5 7 3 7 3 2 1 4 0 4 18 3 9 9 14 6 5 6 0 17 21 12 28 23 24 2 69 64 8 5 4 3 2 5 0 1 30 12 0 9 27 16 69 2 0 4 2 9 0 13 0 5 67 13 13 12 3 280 193 192 191 190 187 36 35 32 30 29 16 2 118 93 71 8 7
0 6 7 7 55 9 9 8 8 8 2 1 7 13 4 1 0 17 1 6 0 10 4 6 2 6 2 1 0 3 3 17 2 8 8 13 5 3 0 5 7 8 20 11 3 22 20 1 3 54 7 4 3 2 1 4 0 5 23 11 8 26 15 64 3 1 3 1 4 3 11 0 4 3 62 12 12 11 2 85 81 79 42 30 21 4 1 0 5 5 12 1 23 20 61 37
5 5 6 6 10 43 8 8 7 7 7 1 0 6 12 3 0 6 9 0 5 4 4 3 5 1 5 1 0 2 2 16 1 7 7 12 3 0 2 4 6 7 19 10 0 1 21 19 0 2 53 6 3 2 1 0 3 4 19 2 10 7 25 14 63 2 0 2 0 3 2 10 3 2 42 18 11 11 10 1 2 0 35 10 7 15 3 0 1 2 4 11 0 22 19 22
4 4 5 5 9 8 33 7 7 6 6 6 0 5 1 9 2 0 4 8 3 0 3 3 2 4 0 4 0 1 1 15 0 6 6 1 9 2 1 3 5 6 18 7 1 0 20 0 17 1 52 2 2 2 1 0 2 3 12 5 1 9 6 24 13 62 1 0 1 0 2 1 9 2 1 41 17 10 10 9 0 1 17 16 9 6 14 2 0 1 3 4 5 21 16 1
3 3 4 4 8 7 7 24 6 6 5 5 5 4 0 4 3 1 3 4 2 2 2 2 1 1 1 2 0 0 0 6 7 5 5 0 8 1 0 2 4 5 15 1 6 0 11 7 16 0 46 4 1 1 1 0 1 2 11 2 1 0 8 5 23 12 61 35 29 23 10 1 0 8 1 0 40 16 9 9 8 0 11 4 15 8 5 13 1 0 2 3 4 11 8 15
2 2 3 3 7 6 6 11 11 5 5 4 4 4 3 3 2 0 2 3 1 1 1 1 0 0 0 0 0 0 0 2 5 6 4 4 4 2 0 1 3 4 8 5 0 5 10 0 5 15 43 1 3 0 0 0 0 1 5 4 1 0 2 4 4 22 11 24 4 4 11 9 0 1 5 0 37 1 15 8 8 7 7 2 3 14 7 4 12 0 1 2 3 4 5 7
1 1 2 2 6 5 5 10 5 4 4 4 3 3 3 2 2 1 1 1 0 0 0 0 0 0 0 0 0 2 4 0 1 4 5 3 3 3 1 0 2 3 3 3 4 4 4 4 4 4 9 42 0 2 1 0 0 0 0 3 3 0 1 3 3 3 17 10 23 3 3 10 8 0 2 1 28 7 0 14 7 7 6 6 1 2 13 6 3 11 0 1 2 3 4 6
0 0 1 1 5 4 4 4 4 4 3 3 3 2 2 2 1 1 0 0 0 0 0 0 0 0 2 1 1 11 2 1 0 0 3 4 2 2 2 0 1 2 2 2 3 3 3 3 3 3 3 4 41 37 29 21 16 15 5 2 2 2 0 2 2 2 5 10 9 22 2 2 9 7 1 0 12 14 6 6 6 6 6 5 5 0 1 12 5 2 10 0 1 2 3 5
0 0 0 0 0 4 3 3 3 3 3 2 2 2 1 1 1 0 0 0 0 1 1 1 1 0 4 2 14 7 6 5 4 3 2 2 3 1 1 1 0 1 1 1 2 2 2 2 2 2 2 3 2 2 3 6 2 6 1 1 1 1 1 1 1 1 1 2 9 8 21 1 1 8 6 0 10 0 13 5 5 5 5 5 4 4 0 8 2 4 1 9 0 1 2 4
0 2 3 2 1 0 3 2 2 2 2 2 1 1 1 0 0 0 0 1 1 2 2 2 2 0 6 18 18 9 8 7 6 3 1 1 1 2 0 0 0 0 0 0 1 1 1 1 1 1 1 2 1 1 2 5 1 1 3 0 0 0 0 0 0 0 0 0 1 8 7 20 0 0 7 5 3 5 7 4 4 4 4 4 4 3 3 3 3 1 3 0 8 0 1 3
1 12 4 3 2 1 0 2 1 1 1 1 1 0 0 0 0 0 1 2 2 3 3 3 0 4 26 26 6 5 4 3 1 1 0 0 0 0 1 0 0 0 0 0 0 0 0 0 0 0 0 0 0 0 0 1 4 0 0 2 1 0 0 0 0 3 2 1 0 0 7 6 19 12 5 6 4 2 4 6 3 3 3 3 3 3 2 2 2 2 0 2 4 2 0 2
15 12 11 10 9 6 3 1 1 0 0 0 0 0 0 0 0 1 3 3 3 4 4 4 1 5 59 4 3 2 1 0 0 0 0 0 0 0 0 1 0 1 2 0 0 0 0 0 0 0 0 0 0 0 0 0 0 3 2 1 0 3 1 30 28 23 22 21 7 6 5 6 5 5 5 4 5 3 1 3 5 2 2 2 2 2 2 1 1 1 1 1 1 1 1 1
19 5 4 3 1 1 1 0 0 0 0 0 0 0 1 1 1 2 4 4 4 5 5 5 2 66 5 4 3 2 1 0 0 0 1 1 1 1 2 0 1 2 3 2 0 1 1 1 1 2 1 1 1 0 2 2 1 0 76 75 62 57 56 24 20 16 1 0 12 9 4 4 5 4 4 4 3 4 2 0 2 4 1 1 1 1 1 1 0 0 0 0 0 0 0 0
5 4 3 1 0 0 0 0 0 1 1 0 1 1 2 2 2 3 5 5 5 6 6 6 70 486 479 8 6 3 2 1 1 2 0 4 2 3 0 3 0 3 4 3 1 2 2 2 2 5 2 2 1 90 86 82 81 80 2 0 11 9 5 1 2 2 13 3 1 1 3 3 3 4 3 3 3 2 3 1 1 1 1 0 0 0 0 0 0 0 0 0 0 0 12 11
4 3 1 0 0 0 0 0 3 2 0 1 2 2 3 3 3 4 6 6 6 7 14 71 489 1 0 469 0 1 0 2 3 0 6 3 4 1 4 0 1 4 5 6 0 3 3 3 9 3 3 2 91 0 0 0 0 0 0 0 0 0 1 2 0 1 1 8 0 0 0 2 2 2 3 2 2 2 1 2 0 0 0 0 0 0 0 0 1 1 1 1 1 19 5 4
2 1 0 0 1 0 2 0 4 3 1 2 3 3 4 4 4 5 7 7 7 8 87 500 9 8 5 2 468 465 459 451 23 21 13 8 2 5 1 2 0 5 6 8 0 4 4 14 4 4 3 92 1 1 0 2 1 1 0 0 0 1 0 0 1 0 0 0 7 6 5 4 1 1 1 2 1 1 1 0 1 0 0 1 1 1 1 2 2 2 2 2 22 1 0 0
2 0 0 2 1 3 1 0 5 4 2 3 4 4 5 5 5 6 16 8 608 598 509 7 3 1 1 1 1 1 4 3 422 416 410 405 40 33 30 26 24 17 9 1 0 5 5 20 5 4 0 93 2 2 1 5 2 1 1 1 2 26 25 24 23 22 21 20 14 5 3 1 3 0 0 0 1 0 0 0 0 1 0 4 2 2 3 3 3 3 3 23 0 0 1 1
0 0 0 5 4 2 0 1 6 5 3 4 5 5 6 6 13 680 662 648 34 30 17 1 2 0 0 0 0 0 0 3 2 4 4 3 363 359 356 354 351 348 345 340 335 326 21 6 5 0 1 94 6 2 106 105 69 66 63 60 56 28 24 20 16 12 5 2 4 7 0 0 0 2 1 0 0 0 0 0 1 2 1 8 8 4 4 4 4 4 24 1 1 2 2 2
0 0 1 6 5 3 1 2 7 6 4 5 6 6 7 21 689 7 3 3 3 2 11 14 0 1 0 4 3 2 1 0 2 1 3 3 2 2 1 0 1 1 1 1 2 1 297 287 278 274 265 163 143 134 21 9 25 21 17 13 9 5 2 2 2 2 5 1 1 3 6 5 4 3 2 1 0 0 1 1 2 3 21 9 0 5 5 5 5 25 2 2 3 0 3 3
1 0 2 7 6 4 2 3 8 7 5 6 7 7 729 698 5 2 2 2 2 2 1 10 13 12 11 5 4 3 2 1 0 1 0 2 2 1 1 0 0 0 0 0 1 0 0 0 1 1 5 5 11 4 4 10 8 2 2 2 2 2 4 1 1 1 1 4 0 0 2 1 0 0 0 1 1 0 2 2 3 27 0 1 6 6 0 12 26 3 3 0 4 5 0 4
0 1 3 8 7 5 3 4 9 8 6 7 8 742 3 2 1 1 1 1 1 1 1 0 9 8 7 6 5 4 3 2 1 0 0 1 0 0 0 0 0 0 0 0 0 0 0 0 0 0 0 4 4 10 3 3 9 7 1 1 1 1 1 3 0 0 0 0 3 2 1 0 1 1 2 2 1 0 0 3 35 0 2 0 7 7 1 40 4 4 0 6 0 6 1 5
0 2 4 9 8 6 4 5 10 9 7 8 756 3 2 1 1 0 0 0 0 0 0 0 0 16 15 14 13 12 10 8 3 2 1 0 0 0 0 0 1 2 1 0 0 0 2 2 0 5 4 3 3 3 9 2 2 8 6 0 0 0 0 0 2 1 0 0 0 0 0 2 2 3 3 0 2 1 1 4 37 0 3 1 8 8 2 41 10 1 7 1 7 2 11 4
1 3 5 10 9 7 5 6 11 10 8 766 3 2 1 0 0 0 0 0 0 0 0 0 18 9 8 7 6 5 0 0 3 2 1 0 0 0 1 2 2 5 1 0 1 1 3 14 9 2 1 0 2 2 2 8 1 1 7 5 4 3 2 1 0 0 1 1 1 1 3 3 0 4 4 1 3 2 216 208 169 167 162 93 83 73 69 26 25 11 2 8 47 43 30 29
6 0 6 11 10 8 6 7 12 11 776 8 3 2 1 0 0 1 1 1 0 1 1 1 29 4 3 2 1 0 4 3 2 1 0 0 0 1 1 5 3 8 0 1 2 2 25 5 4 3 2 1 0 1 1 1 7 0 0 6 5 4 3 2 1 2 2 2 2 4 0 4 1 5 5 242 233 227 9 7 5 2 0 65 64 63 62 61 60 59 58 48 157 156 155 154
8 0 7 12 11 9 7 8 13 12 786 5 4 3 2 1 2 2 0 2 1 2 2 32 14 8 7 6 5 4 3 2 1 0 0 1 0 1 2 2 10 10 0 2 3 31 1 0 0 0 0 2 1 0 0 0 0 6 5 4 3 2 1 0 3 0 3 3 3 5 1 5 266 255 246 1 1 1 0 0 0 0 0 0 173 172 171 169 167 165 163 161 1 0 35 34
1 0 8 13 0 12 18 9 27 787 9 2 1 0 0 3 0 3 1 3 2 6 62 28 12 6 5 4 3 2 1 0 0 0 1 0 2 1 2 3 25 1 0 3 36 1 0 1 1 1 3 2 1 0 0 0 0 4 3 2 1 0 0 0 4 1 4 4 4 288 279 270 1 1 1 0 0 0 0 0 0 0 1 174 0 1 0 0 0 0 0 0 0 36 1 0
0 0 1 23 0 1 32 38 788 37 24 3 2 1 6 1 4 0 2 4 10 67 3 2 0 4 3 2 1 0 0 1 1 0 2 0 1 3 2 7 28 1 0 41 3 0 2 2 2 4 5 1 0 1 1 1 5 0 0 0 0 1 0 1 0 7 5 10 293 3 1 1 0 0 0 0 0 0 0 1 0 2 177 1 2 0 0 0 0 0 0 64 63 24 14 13
0 1 0 2 25 2 33 872 43 2 1 19 15 14 6 5 1 0 8 11 71 2 1 0 0 0 0 0 0 1 2 2 0 1 0 3 1 2 4 40 2 1 52 9 4 3 22 18 14 8 1 0 2 2 2 6 1 1 1 1 2 0 1 0 2 9 317 299 3 1 0 0 0 0 0 0 1 1 1 2 1 181 2 3 1 1 0 1 1 2 65 0 0 0 6 5
1 2 0 1 3 942 878 3 1 1 1 0 2 1 0 2 1 0 21 75 2 1 0 0 1 1 1 1 2 3 0 4 2 0 0 1 4 2 3 49 169 166 110 107 99 92 68 67 64 5 4 3 3 3 7 2 2 9 6 3 0 1 2 0 4 331 2 1 0 0 0 0 0 1 1 1 2 2 2 3 184 3 4 8 5 2 0 105 100 96 29 27 25 24 23 22
2 3 1 2 947 1 0 0 0 0 0 0 1 0 3 0 2 23 78 1 0 0 1 2 2 2 2 3 4 1 5 3 1 0 0 1 2 5 7 222 1 0 1 1 6 5 3 1 1 57 42 41 36 31 22 18 14 3 1 0 0 1 2 4 337 3 2 0 0 0 0 1 1 2 2 2 3 3 3 189 387 379 371 358 356 274 213 106 105 103 99 95 91 23 22 21
3 4 2 3 955 4 3 2 1 0 0 2 0 4 1 3 0 103 1 0 1 2 3 3 3 3 4 5 2 6 4 2 0 1 0 1 2 3 237 1 0 0 0 0 0 5 0 0 0 0 13 11 9 5 4 3 1 0 0 0 0 1 2 8 344 1 0 0 0 1 1 2 2 3 3 3 4 4 194 391 2 2 1 2 0 80 59 1 0 0 2 2 2 66 20 19
4 5 3 966 5 4 3 2 1 0 1 4 8 2 0 5 104 2 0 2 3 4 4 4 4 24 18 11 7 5 3 1 0 0 2 1 2 3 244 2 1 1 13 12 11 0 4 3 2 1 0 0 0 2 1 0 0 0 0 0 1 1 2 357 2 1 0 0 1 2 2 3 3 4 4 4 5 597 396 3 0 1 1 0 1 10 68 56 1 0 0 0 1 1 44 20
5 6 983 11 10 3 2 1 0 0 2 14 9 8 6 105 3 1 3 4 5 5 5 5 35 9 8 7 6 7 2 0 0 1 1 3 2 3 275 22 21 18 3 2 0 9 8 7 5 3 2 1 0 0 0 0 1 0 1 0 1 2 5 362 0 0 1 0 2 3 3 4 4 674 668 652 640 35 28 20 1 0 0 0 0 9 19 47 53 50 47 1 0 0 0 22
6 994 2 1 0 5 4 2 1 3 15 12 1 0 106 4 2 10 5 6 6 13 6 36 2 1 0 0 8 0 1 0 0 1 2 2 4 7 282 5 4 3 2 0 0 2 1 0 0 0 0 0 1 1 1 0 2 1 2 0 1 2 372 0 1 2 0 1 3 4 4 705 694 13 7 4 4 5 5 6 19 12 8 0 0 7 13 4 46 1 1 44 42 26 25 24
1014 5 4 3 2 1 0 0 4 16 129 115 114 113 5 3 11 0 7 7 15 0 37 4 0 0 1 9 1 2 0 1 0 1 2 3 3 296 5 4 3 2 0 0 3 2 1 0 0 1 1 2 0 2 2 1 3 2 3 0 1 2 377 781 778 774 771 767 761 735 720 9 4 4 4 6 3 3 4 4 5 5 2 6 0 5 7 4 3 45 0 0 0 14 13 12
5 5 4 3 2 1 0 0 22 130 3 2 1 0 4 12 1 8 26 17 0 38 6 0 1 2 10 2 0 3 1 2 1 2 0 3 8 308 4 3 2 0 0 4 3 1 0 1 0 2 2 3 1 3 3 2 4 3 4 0 1 383 790 7 4 1 0 2 2 20 3 3 3 3 3 3 5 2 2 3 3 4 4 1 5 4 1 4 3 2 44 40 30 29 16 15
