tests/fixtures/watershed_abstraction/mdobre-womanly-ascot/dem/topaz/DISCHA.ARC
ncols   776
nrows   755
xllcorner  564333
yllcorner 5021478
cellsize   30.00
nodata_value    -1.0
[rows 350 to 399 of 755, columns 384 to 479 of 776]
102 42 8 145 157 170 217 265 405 357 327 472 459 302 272 242 170 42 30 60 8 150 162 210 222 235 247 260 247 260 205 162 120 132 145 145 102 102 8 60 72 72 85 85 115 145 175 477 507 495 482 470 369 357 85 11 30 302 272 242 230 217 205 145 132 102 72 60 72 30 11 30 60 72 102 115 145 157 187 217 272 115 102 60 8 42 72 102 132 265 252 240 252 265 277 290
85 11 30 175 187 200 247 295 435 387 357 502 345 332 285 212 200 72 60 90 8 180 192 240 252 265 277 290 277 290 235 192 150 162 175 175 132 132 8 90 102 102 115 127 127 157 187 549 537 489 459 429 399 127 42 8 60 332 302 272 260 247 187 175 145 115 102 90 102 60 30 11 30 60 72 102 115 145 175 205 217 230 72 30 11 72 102 132 162 235 222 210 222 235 247 120
11 8 60 205 217 230 277 325 465 417 387 532 375 362 315 242 115 102 90 120 8 210 222 270 282 295 307 320 307 320 265 222 180 192 205 205 162 162 8 120 132 132 145 157 157 170 200 230 532 502 472 442 170 85 11 30 90 362 332 302 290 230 217 187 157 145 132 145 102 72 60 30 11 30 42 72 102 132 162 192 187 200 42 11 30 60 90 120 217 205 192 180 192 205 217 90
8 8 90 235 247 260 307 355 495 447 417 562 405 392 345 272 145 132 120 150 8 240 252 300 312 325 337 350 337 350 295 252 210 222 235 205 192 192 8 150 162 162 175 187 187 200 212 242 544 514 484 212 127 42 8 60 120 392 362 332 320 260 230 200 187 175 187 145 115 102 72 60 72 11 30 60 90 120 150 162 157 11 8 30 60 90 120 217 187 175 162 150 162 175 187 60
30 8 120 265 277 290 337 385 525 477 447 592 435 422 375 302 175 162 150 180 30 11 282 295 342 355 367 380 367 380 325 282 240 252 265 235 222 222 8 180 192 192 205 217 217 230 242 587 557 527 255 170 85 42 8 90 150 422 392 362 350 290 242 230 217 230 187 157 145 115 102 115 102 115 11 30 60 90 120 115 11 30 60 60 72 102 132 187 157 145 132 120 132 145 102 30
60 8 150 295 307 320 367 415 555 507 477 622 465 452 405 332 205 192 180 210 60 72 11 325 337 385 397 410 422 410 422 367 295 307 295 265 265 42 30 210 235 222 235 247 247 260 272 599 569 297 212 127 85 42 8 120 180 452 422 392 380 320 272 260 272 230 200 187 157 145 157 145 157 145 30 11 30 42 72 11 85 115 145 175 102 115 187 157 145 115 102 90 102 60 30 11
90 30 180 325 337 350 397 445 585 537 507 652 495 482 435 362 235 222 210 240 90 102 115 11 367 380 427 440 470 500 42 72 102 115 307 307 85 72 60 240 265 252 265 277 277 290 302 629 599 327 170 127 85 72 8 150 210 482 452 422 410 350 302 315 272 242 230 200 187 200 187 200 187 175 60 30 11 30 8 42 72 102 132 162 127 145 157 127 115 102 72 60 72 30 11 157
120 60 210 355 367 380 427 475 615 567 537 682 525 512 465 392 265 252 282 270 120 132 145 157 11 8 8 8 8 8 30 60 72 102 132 127 115 102 90 270 295 282 295 307 307 320 332 659 629 357 200 127 115 102 8 180 240 512 482 452 440 380 357 315 285 272 242 230 242 230 242 230 217 102 90 60 30 11 8 30 60 72 72 85 115 115 170 115 85 72 60 30 42 11 115 145
150 90 240 385 397 410 457 505 645 597 567 712 555 507 495 422 295 282 312 300 150 162 175 187 200 42 42 42 42 42 11 30 60 90 120 157 145 132 120 300 325 312 325 337 337 350 362 689 399 242 230 157 145 42 8 210 270 542 512 482 470 410 387 327 315 285 272 285 272 285 272 260 145 132 102 72 60 8 30 11 30 30 42 72 72 85 120 132 102 42 30 11 11 72 42 11
180 120 132 282 427 440 487 535 675 627 597 742 549 537 465 337 325 312 342 330 180 192 205 217 230 72 85 72 72 85 30 42 72 102 132 187 175 162 150 330 355 342 355 380 367 380 392 719 285 272 200 187 85 72 30 11 252 282 542 555 500 440 369 357 327 315 327 315 327 315 302 187 175 145 115 102 42 8 60 30 11 8 30 30 42 60 90 90 90 60 8 11 30 11 8 30
192 222 162 175 325 470 482 530 577 657 627 772 579 507 380 367 355 342 372 360 210 222 235 247 260 102 115 102 102 115 60 72 102 115 162 217 205 192 180 360 385 372 385 410 397 410 422 327 315 242 230 127 115 72 60 30 11 295 325 355 385 412 399 369 357 369 357 369 357 345 230 217 187 157 145 85 11 102 90 60 30 30 11 8 30 30 60 60 60 30 11 30 8 42 72 60
222 235 265 205 217 367 512 525 572 620 657 802 609 422 410 397 385 372 402 390 240 252 265 277 290 132 145 132 132 145 90 102 132 145 192 247 235 222 235 222 415 402 415 440 427 440 452 357 285 272 170 157 115 102 90 60 30 11 8 30 60 72 412 399 429 399 412 399 387 272 260 230 200 187 127 11 30 132 102 72 72 60 8 42 11 8 30 30 30 11 30 30 8 30 30 30
252 265 277 307 247 260 290 320 350 380 662 832 639 452 440 427 415 402 432 420 270 282 295 307 320 162 175 162 162 175 120 132 162 175 222 277 265 277 265 277 445 432 445 470 457 470 482 327 315 212 200 157 145 132 102 90 60 8 42 11 30 60 132 532 502 472 442 345 315 302 272 242 230 170 42 8 60 145 115 115 102 42 8 72 30 30 11 8 8 8 8 8 8 8 8 8
307 295 307 320 350 290 302 332 362 392 422 705 669 482 470 457 445 432 462 450 300 312 325 337 350 192 205 192 192 205 150 162 192 205 252 307 295 307 320 307 320 462 475 500 487 500 512 357 255 242 200 187 175 145 132 120 90 8 72 85 42 72 102 132 447 417 387 357 345 315 285 272 212 85 11 102 187 205 175 145 85 42 8 102 60 60 30 30 30 42 8 30 30 42 30 30
337 325 337 350 380 320 332 345 375 405 435 465 699 512 500 487 475 462 492 480 330 342 355 367 380 222 235 222 222 235 180 192 222 235 282 337 325 337 350 362 350 362 505 530 542 555 399 297 285 242 230 217 187 175 162 132 120 8 102 115 127 85 115 145 459 429 399 387 357 327 315 255 8 11 145 230 247 217 187 127 85 72 8 132 90 90 72 60 60 11 8 60 72 72 60 42
392 355 367 380 410 350 362 375 387 417 447 477 729 542 530 517 505 492 522 510 360 372 385 397 410 252 265 252 252 265 210 222 252 265 312 367 355 367 380 392 405 392 535 560 597 442 339 327 285 272 260 230 217 205 175 162 11 30 132 145 157 115 145 157 472 442 429 399 369 357 297 11 42 187 272 290 260 230 217 157 115 102 8 162 132 120 102 90 42 8 8 42 102 102 90 72
422 435 397 410 440 380 392 405 417 429 459 489 759 572 560 547 535 522 552 540 390 402 415 427 440 282 295 282 282 295 240 252 282 295 342 397 410 397 410 422 435 577 602 590 484 382 369 327 315 302 272 260 247 217 205 11 30 60 162 175 187 145 175 187 502 472 442 412 399 339 11 85 230 315 332 302 272 260 200 187 145 132 8 175 162 150 132 85 11 30 8 42 85 145 115 102
452 465 427 440 470 482 422 452 482 512 542 502 532 802 615 602 565 595 582 432 420 457 445 457 470 312 325 312 312 325 270 282 312 325 337 385 440 452 440 452 465 645 632 527 424 412 369 357 345 315 302 290 260 247 42 30 60 90 192 205 217 175 205 217 532 484 454 442 382 11 127 272 357 375 345 315 302 242 230 217 175 11 30 205 192 175 127 11 72 60 8 11 85 127 187 132
482 495 457 470 500 512 525 465 495 525 555 252 252 252 210 210 222 222 492 462 500 487 475 487 500 342 355 342 342 355 300 312 325 355 367 380 427 482 380 362 375 387 399 429 454 447 417 387 357 345 332 302 290 85 72 60 90 120 222 235 247 205 235 247 562 497 484 424 11 170 315 399 417 387 357 345 285 272 260 217 42 30 60 235 217 170 11 115 102 90 8 8 115 127 170 230
512 525 487 500 530 542 555 495 507 537 210 210 210 222 180 180 192 192 192 192 162 150 162 162 530 372 385 372 372 385 397 342 205 217 230 277 290 320 350 332 345 357 369 399 489 459 429 399 387 375 345 332 127 115 102 132 120 150 252 290 277 235 265 277 290 527 467 11 212 357 442 459 429 399 387 327 315 302 260 85 72 60 277 260 212 42 30 145 132 120 8 8 145 157 200 212
542 555 542 530 560 572 205 192 180 180 180 180 180 192 150 150 162 162 162 162 162 120 120 132 132 120 132 132 150 150 150 162 175 187 217 247 260 290 320 302 315 327 357 387 502 472 442 429 417 387 375 170 157 145 175 162 192 295 282 320 307 265 295 307 320 557 11 255 399 484 502 472 442 429 369 357 345 302 127 115 102 320 302 255 85 72 60 175 162 42 8 8 175 187 230 242
252 265 252 247 230 217 205 162 150 150 150 150 150 162 120 120 132 132 132 132 132 90 90 102 102 90 102 102 120 120 120 132 145 157 187 217 230 260 290 272 285 315 345 375 532 484 472 459 429 417 212 200 187 175 205 192 337 325 362 350 337 295 325 337 350 587 8 442 527 544 514 484 472 412 399 387 345 170 157 145 362 345 297 127 115 102 90 205 85 42 30 8 205 217 260 272
210 210 222 217 200 187 175 132 120 120 120 120 120 132 90 90 102 102 102 102 102 60 60 72 72 60 72 72 90 90 90 102 115 127 157 187 200 230 260 242 272 302 332 387 562 514 502 472 459 255 242 230 217 205 235 380 367 355 392 380 337 367 380 392 629 42 30 472 587 557 527 514 454 442 429 387 212 200 187 405 387 339 170 157 145 132 120 127 85 72 60 8 235 247 290 302
180 180 192 187 170 157 145 102 90 90 90 90 90 102 60 60 72 72 72 72 72 30 30 42 42 30 42 42 60 60 60 72 85 115 145 157 187 217 200 230 260 290 320 375 592 544 514 502 297 285 272 260 247 235 265 410 397 385 422 410 410 422 435 672 85 72 60 502 599 569 557 497 484 472 429 255 242 230 447 429 382 212 200 187 175 162 170 127 115 102 90 8 265 277 320 332
150 150 162 157 115 127 115 72 60 60 60 60 60 72 30 30 42 42 42 42 42 11 8 8 8 8 8 8 30 30 30 42 72 102 115 145 175 157 187 217 247 277 307 362 417 574 544 339 327 315 302 290 277 265 295 440 427 465 452 452 465 477 714 127 115 102 90 532 629 599 539 527 514 472 297 285 272 489 472 424 255 242 230 217 205 192 170 157 145 132 120 8 295 307 350 145
120 120 132 102 115 72 85 72 30 30 30 30 30 42 11 8 8 8 8 8 8 30 60 30 42 30 42 42 11 8 8 30 60 72 102 132 115 145 175 205 235 265 295 350 405 587 382 369 357 345 332 320 307 295 325 470 482 495 495 507 519 756 170 157 145 132 120 562 659 582 569 557 514 339 327 315 532 514 502 297 285 272 260 247 235 212 200 187 175 162 150 8 325 392 187 157
90 90 102 60 60 72 30 42 11 8 8 8 8 8 30 30 42 42 42 30 30 42 72 102 72 85 72 72 30 30 42 11 30 60 90 72 102 132 162 192 222 252 282 312 242 424 412 399 387 375 362 350 337 325 355 500 512 537 549 562 799 212 200 187 175 162 150 592 689 612 599 557 382 369 357 574 557 544 339 327 315 302 290 277 255 242 230 217 205 192 42 8 435 422 200 170
60 60 72 30 30 42 11 8 8 30 30 30 30 30 60 60 72 72 72 60 60 72 85 115 145 115 102 72 60 60 72 30 11 8 30 60 90 120 150 180 210 187 187 200 212 242 192 429 417 405 392 380 367 397 385 555 579 592 604 841 255 242 230 217 205 192 180 622 719 642 599 424 412 399 617 604 587 382 369 357 345 332 320 297 285 272 260 247 235 85 72 8 465 242 212 212
30 30 42 11 8 8 30 30 42 11 72 60 60 60 90 90 102 102 102 90 90 102 115 145 175 145 132 102 90 90 102 60 30 42 11 30 60 90 120 115 145 145 157 170 200 162 162 150 150 150 422 410 440 427 597 622 634 622 884 871 285 272 260 247 235 222 210 652 749 642 467 454 442 429 647 634 617 412 399 387 375 362 339 327 315 302 290 277 127 115 42 30 285 255 242 242
11 8 8 30 30 30 42 72 72 85 11 115 90 90 120 120 132 132 132 120 120 132 145 175 205 175 162 132 120 120 132 90 60 72 30 11 30 85 72 102 102 115 127 157 187 132 132 120 120 120 120 150 470 639 664 677 664 652 914 901 315 302 290 302 265 252 240 682 779 672 497 484 472 459 677 664 647 442 429 417 405 382 369 357 345 332 320 170 157 85 72 60 297 285 272 272
30 30 42 42 60 60 72 85 115 115 8 42 157 120 150 150 162 162 162 150 150 162 175 205 235 205 192 162 150 150 162 120 90 102 60 8 42 30 60 72 72 85 115 145 210 102 102 90 90 90 90 120 120 132 719 707 694 956 944 931 345 332 345 332 345 282 270 712 809 702 527 514 502 489 707 694 677 472 459 447 424 412 399 387 375 362 212 200 127 115 102 90 327 315 302 302
42 72 72 85 85 102 102 115 145 145 30 11 85 200 180 192 192 192 192 180 180 192 205 235 265 235 222 192 192 180 192 150 120 102 42 30 11 8 30 60 42 72 102 150 180 72 72 60 60 60 60 90 90 102 102 132 999 986 974 961 375 387 375 387 375 387 300 852 744 569 557 544 532 519 737 724 707 502 489 467 454 442 429 417 405 255 242 170 157 145 132 120 357 345 332 332
72 85 115 115 127 127 145 145 175 175 60 8 11 127 157 187 235 235 235 235 222 222 235 265 295 265 252 222 222 210 192 162 145 85 72 42 30 11 11 8 30 60 90 120 150 42 42 30 30 30 30 60 60 72 72 102 102 1016 1004 991 1004 417 429 417 429 417 330 786 612 599 587 574 562 549 767 754 737 532 519 497 484 472 459 447 297 285 212 200 187 175 162 150 387 375 362 200
30 60 127 157 157 170 170 187 187 205 90 30 11 11 30 60 72 102 132 162 115 85 85 85 307 295 282 252 252 235 205 187 127 115 85 72 60 8 30 11 11 8 8 8 8 8 8 8 8 8 8 30 30 30 42 72 72 85 115 1021 1034 1046 1076 1106 1136 1166 459 816 642 629 617 604 592 579 797 784 767 562 549 527 514 502 489 339 327 255 242 230 217 205 192 429 417 405 242 302
11 30 60 90 120 150 212 212 230 230 120 60 8 30 11 30 60 90 42 72 42 42 42 72 102 72 295 295 277 247 230 170 157 127 115 102 90 30 60 8 30 42 42 42 42 42 30 30 30 42 42 11 8 8 30 30 42 72 85 115 145 175 205 235 265 295 325 502 672 659 647 634 622 609 827 814 797 592 579 557 544 532 382 369 297 285 272 260 247 235 472 459 447 285 345 375
127 11 30 60 90 120 150 180 255 272 102 90 30 11 72 11 8 8 8 8 8 8 8 8 30 60 90 42 290 272 212 200 170 157 145 132 72 60 90 8 60 72 85 85 85 85 60 60 60 72 72 30 30 42 11 8 30 42 72 102 132 145 127 157 187 217 247 277 230 689 677 664 652 639 857 844 827 622 609 587 574 424 412 339 327 315 302 290 277 514 502 489 327 387 417 489
157 170 11 8 30 60 90 102 132 162 192 120 132 72 11 115 11 30 60 90 120 150 180 42 11 8 8 30 60 332 242 212 200 187 175 162 102 90 120 8 90 102 115 127 115 127 127 90 90 102 102 60 60 72 30 11 11 30 60 90 102 85 115 145 175 127 157 187 217 247 277 307 682 669 887 874 857 652 639 617 604 454 382 369 357 345 332 320 557 544 532 369 429 459 447 519
187 200 212 11 11 30 60 90 120 150 180 210 162 175 115 11 157 11 8 8 8 8 192 222 85 42 42 11 72 102 375 242 230 217 205 145 132 120 150 8 120 132 145 157 170 157 170 170 120 132 132 90 115 102 60 30 11 11 30 60 42 72 102 132 85 115 145 157 187 217 247 260 212 212 212 212 887 682 659 647 634 484 412 399 387 375 362 599 587 574 412 399 459 489 477 549
217 230 242 30 11 11 30 60 90 120 150 222 252 205 145 8 42 200 42 42 42 42 11 235 115 127 72 30 42 115 145 417 260 247 187 175 162 192 180 8 150 162 175 187 200 212 200 212 150 175 132 157 145 102 72 60 8 8 11 8 30 60 90 42 72 102 115 145 157 187 217 170 170 170 170 170 170 200 689 677 664 514 442 429 417 405 642 629 617 454 442 429 489 519 507 579
247 260 272 60 30 11 42 72 102 132 162 192 265 235 175 30 42 85 242 85 85 85 85 11 277 157 102 115 72 85 157 187 290 230 217 205 235 222 11 30 180 192 205 217 230 242 255 242 217 175 200 187 145 115 102 42 8 8 30 42 11 8 8 30 60 72 102 115 145 127 127 127 127 127 127 127 157 187 217 247 694 544 472 459 447 684 672 659 497 484 472 459 519 549 537 609
277 290 302 90 60 8 72 85 115 145 175 205 235 265 205 60 72 85 127 285 127 127 127 8 307 187 132 145 102 115 127 200 230 260 247 277 265 42 8 60 210 222 235 247 260 272 285 297 217 242 230 187 157 145 85 11 30 8 60 72 30 42 42 11 30 60 72 102 85 85 85 85 85 85 85 115 145 175 205 235 265 295 502 489 726 714 702 539 527 514 502 489 549 579 652 639
307 320 332 120 90 8 102 115 145 175 205 235 265 295 235 90 102 115 157 170 327 157 157 8 337 217 162 175 132 145 157 170 260 290 277 307 85 42 8 90 240 252 265 277 290 302 315 260 285 272 230 200 187 127 42 8 60 8 90 102 60 72 72 85 11 30 60 42 42 42 42 42 42 42 72 102 132 162 192 222 252 282 312 769 756 744 582 569 557 544 532 519 579 694 682 669
337 350 362 150 120 8 132 145 175 205 235 265 295 325 265 120 132 145 187 200 212 369 187 8 367 247 192 205 162 175 187 200 290 320 307 127 85 42 8 42 132 282 295 307 320 332 345 327 315 272 242 230 170 85 42 8 90 8 120 132 90 102 102 115 30 11 8 8 8 8 8 8 8 30 60 90 120 150 180 210 240 270 300 330 786 624 612 599 587 574 562 549 609 724 712 699
367 380 392 180 150 8 162 175 205 235 265 295 325 355 295 150 162 175 217 230 242 255 412 8 397 277 222 235 192 205 217 230 320 350 337 127 85 42 8 42 72 175 325 337 350 362 369 357 315 285 272 212 127 85 42 8 120 8 150 162 120 132 132 145 60 8 42 72 102 132 162 192 222 252 282 312 342 162 192 222 252 282 312 342 372 654 642 629 617 604 592 579 767 754 742 729
397 410 422 210 180 8 192 205 235 265 295 325 355 385 325 180 192 205 247 260 272 285 442 30 42 440 320 265 222 235 247 260 350 380 367 127 85 42 8 42 85 115 217 367 380 412 399 357 327 315 255 170 127 85 72 8 150 8 180 192 205 175 187 102 90 30 11 85 115 145 175 205 235 265 295 325 355 385 205 235 265 295 325 355 385 415 672 659 647 634 622 609 797 784 772 514
427 440 452 240 210 8 222 235 265 277 307 355 385 415 355 210 222 235 277 290 302 315 472 60 72 85 482 295 252 265 277 290 380 410 397 157 85 42 30 11 85 115 157 260 410 442 399 369 357 297 212 170 127 115 42 8 180 8 210 222 235 205 217 132 72 60 8 11 30 60 187 217 247 277 307 337 367 397 427 247 277 307 337 367 397 427 457 689 677 664 652 639 827 814 557 544
457 470 482 270 240 8 252 265 277 307 320 385 415 445 385 240 252 265 307 320 332 345 502 90 102 115 127 525 282 295 307 320 410 440 427 187 115 72 60 30 11 30 60 90 120 452 412 399 339 255 212 170 157 85 42 30 210 8 240 252 265 235 162 132 102 42 8 8 30 60 115 230 260 290 320 350 380 410 440 290 302 320 350 255 255 440 470 500 530 694 682 869 857 599 587 574
487 500 512 300 270 8 42 295 307 320 350 362 445 475 282 270 282 295 337 350 362 375 532 120 132 145 157 170 567 325 337 350 440 470 457 217 145 102 90 60 72 11 72 102 132 162 442 382 297 255 212 200 127 85 72 60 240 8 270 282 295 205 175 145 85 11 30 8 42 72 102 157 187 115 145 175 187 217 247 260 290 320 212 212 242 272 255 255 285 315 345 899 642 629 617 604
512 530 542 330 300 8 42 85 337 350 362 392 405 505 312 300 312 325 367 380 392 405 562 150 162 175 187 200 597 355 367 380 470 500 487 247 175 132 120 90 102 115 11 115 145 175 205 339 297 255 242 170 127 115 102 90 270 8 325 277 247 217 187 127 11 72 42 30 11 85 115 145 72 102 115 145 175 205 217 247 277 170 170 200 230 212 212 242 272 285 315 345 672 659 647 634
85 85 115 360 330 30 11 85 127 380 392 405 435 535 342 330 342 355 397 410 422 435 592 180 192 205 217 230 627 385 397 410 500 530 517 277 205 162 150 120 132 145 8 42 157 187 217 339 297 285 212 170 157 145 132 120 11 367 320 290 260 230 170 11 115 85 72 60 30 11 8 30 60 72 102 115 145 175 205 235 127 127 157 187 170 170 200 230 242 272 302 255 285 315 677 664
