tests/fixtures/watershed_abstraction/mdobre-womanly-ascot/dem/topaz/DISCHA.ARC
ncols   776
nrows   755
xllcorner  564333
yllcorner 5021478
cellsize   30.00
nodata_value    -1.0
[rows 300 to 349 of 755, columns 288 to 383 of 776]
-1 -1 -1 -1 -1 -1 -1 -1 -1 -1 -1 -1 -1 -1 -1 -1 -1 -1 -1 -1 -1 -1 -1 -1 -1 -1 -1 -1 -1 -1 -1 -1 -1 -1 -1 -1 -1 -1 -1 -1 -1 -1 -1 -1 -1 -1 -1 -1 -1 -1 -1 -1 -1 -1 -1 -1 -1 -1 -1 -1 -1 -1 -1 -1 -1 -1 -1 -1 -1 -1 -1 -1 -1 -1 -1 -1 -1 -1 -1 -1 -1 -1 -1 -1 -1 -1 -1 -1 -1 -1 -1 -1 -1 -1 -1 -1
-1 -1 -1 -1 -1 -1 -1 -1 -1 -1 -1 -1 -1 -1 -1 -1 -1 -1 -1 -1 -1 -1 -1 -1 -1 -1 -1 -1 -1 -1 -1 -1 -1 -1 -1 -1 -1 -1 -1 -1 -1 -1 -1 -1 -1 -1 -1 -1 -1 -1 -1 -1 -1 -1 -1 -1 -1 -1 -1 -1 -1 -1 -1 -1 -1 -1 -1 -1 -1 -1 -1 -1 -1 -1 -1 -1 -1 -1 -1 -1 -1 -1 -1 -1 -1 -1 -1 -1 639 -1 -1 -1 -1 -1 -1 -1
-1 -1 -1 -1 -1 -1 -1 -1 -1 -1 -1 -1 -1 -1 -1 -1 -1 -1 -1 -1 -1 -1 -1 -1 -1 -1 -1 -1 -1 -1 -1 -1 -1 -1 -1 -1 -1 -1 -1 -1 -1 -1 -1 -1 -1 -1 -1 -1 -1 -1 -1 -1 -1 -1 -1 -1 -1 -1 -1 -1 -1 -1 -1 -1 -1 -1 -1 -1 -1 -1 -1 -1 -1 -1 -1 -1 -1 -1 -1 -1 -1 -1 -1 -1 -1 -1 627 597 535 547 579 592 -1 -1 -1 -1
-1 -1 -1 -1 -1 -1 -1 -1 -1 -1 -1 -1 -1 -1 -1 -1 -1 -1 -1 -1 -1 -1 -1 -1 -1 -1 -1 -1 -1 -1 -1 -1 -1 -1 -1 -1 -1 -1 -1 -1 -1 -1 -1 -1 -1 -1 -1 -1 -1 -1 -1 -1 -1 -1 -1 -1 -1 -1 -1 -1 -1 -1 -1 -1 -1 -1 -1 -1 -1 -1 -1 -1 -1 -1 -1 -1 -1 -1 -1 -1 -1 -1 -1 -1 -1 585 555 492 505 547 560 537 549 537 592 562
-1 -1 -1 -1 -1 -1 -1 -1 -1 -1 -1 -1 -1 -1 -1 -1 -1 -1 -1 -1 -1 -1 -1 -1 -1 -1 -1 -1 -1 -1 -1 -1 -1 -1 -1 -1 -1 -1 -1 -1 -1 -1 -1 -1 -1 -1 -1 -1 -1 -1 -1 -1 -1 -1 -1 -1 -1 -1 -1 -1 -1 -1 -1 -1 -1 -1 -1 -1 -1 -1 -1 -1 -1 -1 -1 -1 -1 -1 -1 -1 -1 -1 -1 -1 542 512 450 462 505 517 530 507 495 507 495 507
-1 -1 -1 -1 -1 -1 -1 -1 -1 -1 -1 -1 -1 -1 -1 -1 -1 -1 -1 -1 -1 -1 -1 -1 -1 -1 -1 -1 -1 -1 -1 -1 -1 -1 -1 -1 -1 -1 -1 -1 -1 -1 -1 -1 -1 -1 -1 -1 -1 -1 -1 -1 -1 -1 -1 -1 -1 -1 -1 -1 -1 -1 -1 -1 -1 -1 -1 -1 -1 -1 -1 -1 -1 -1 -1 -1 -1 -1 -1 -1 -1 -1 -1 500 470 482 420 462 475 487 500 427 465 452 465 477
-1 -1 -1 -1 -1 -1 -1 -1 -1 -1 -1 -1 -1 -1 -1 -1 -1 -1 -1 -1 -1 -1 -1 -1 -1 -1 -1 -1 -1 -1 -1 -1 -1 -1 -1 -1 -1 -1 -1 -1 -1 -1 -1 -1 -1 -1 -1 -1 -1 -1 -1 -1 -1 -1 -1 -1 -1 -1 -1 -1 -1 -1 -1 -1 -1 -1 -1 -1 -1 -1 -1 -1 -1 -1 355 342 330 342 355 -1 -1 470 457 427 440 360 390 432 445 457 470 397 410 422 435 447
-1 -1 -1 -1 -1 -1 -1 -1 -1 -1 -1 -1 -1 -1 -1 -1 -1 -1 -1 -1 -1 -1 -1 -1 -1 -1 -1 -1 -1 -1 -1 -1 -1 -1 -1 -1 -1 -1 -1 -1 -1 -1 -1 -1 -1 -1 -1 -1 -1 -1 -1 -1 -1 -1 -1 -1 -1 -1 -1 -1 -1 -1 -1 -1 -1 -1 -1 -1 -1 -1 -1 -1 375 337 325 312 300 312 325 355 427 415 385 397 367 330 360 402 415 427 440 367 380 392 405 435
-1 -1 -1 -1 -1 -1 -1 -1 -1 -1 -1 -1 -1 -1 -1 -1 -1 -1 -1 -1 -1 -1 -1 -1 -1 -1 -1 -1 -1 -1 -1 -1 -1 -1 -1 -1 -1 -1 -1 -1 -1 -1 -1 -1 -1 -1 -1 -1 -1 -1 -1 -1 -1 -1 -1 -1 -1 -1 -1 -1 -1 -1 -1 -1 -1 -1 -1 -1 -1 357 345 332 345 325 295 282 270 282 312 307 397 385 355 325 337 300 330 372 385 397 410 337 350 362 375 465
-1 -1 -1 -1 -1 -1 -1 -1 -1 -1 -1 -1 -1 -1 -1 -1 -1 -1 -1 -1 -1 -1 -1 -1 -1 -1 -1 -1 -1 -1 -1 -1 -1 -1 -1 -1 -1 -1 -1 -1 -1 -1 -1 -1 -1 -1 -1 -1 -1 -1 -1 -1 -1 -1 -1 -1 -1 -1 -1 -1 -1 -1 -1 -1 -1 -1 -1 -1 -1 327 315 302 315 302 282 252 240 270 265 445 367 355 325 295 282 270 300 342 355 367 380 307 320 332 422 375
-1 -1 -1 -1 -1 -1 -1 -1 -1 -1 -1 -1 -1 -1 -1 -1 -1 -1 -1 -1 -1 -1 -1 -1 -1 -1 -1 -1 -1 -1 -1 -1 -1 -1 -1 -1 -1 -1 -1 -1 -1 -1 -1 -1 -1 -1 -1 -1 -1 -1 -1 -1 -1 -1 -1 -1 -1 -1 -1 -1 -1 -1 -1 -1 -1 -1 -1 -1 345 315 285 272 260 272 235 222 210 222 402 415 337 325 295 265 252 240 270 312 325 337 350 277 290 380 435 345
-1 -1 -1 -1 -1 -1 -1 -1 -1 -1 -1 -1 -1 -1 -1 -1 -1 -1 -1 -1 -1 -1 -1 -1 -1 -1 -1 -1 -1 -1 -1 -1 -1 -1 -1 -1 -1 -1 -1 -1 -1 175 145 -1 -1 -1 -1 -1 -1 -1 -1 -1 -1 -1 -1 -1 -1 -1 -1 -1 -1 -1 -1 -1 -1 -1 -1 387 375 297 255 242 230 217 205 192 180 360 372 385 342 295 265 235 222 210 240 282 295 307 320 247 260 350 405 315
-1 -1 -1 -1 -1 -1 -1 -1 -1 -1 -1 -1 -1 -1 -1 -1 -1 -1 -1 -1 -1 -1 -1 -1 -1 -1 -1 -1 -1 -1 -1 -1 -1 -1 -1 -1 -1 -1 235 222 175 145 115 102 90 102 -1 -1 -1 -1 -1 -1 -1 -1 -1 -1 -1 -1 -1 -1 -1 -1 -1 -1 -1 -1 429 417 327 297 255 212 200 187 175 162 150 330 342 355 312 265 235 205 192 180 210 252 265 277 290 217 230 320 375 285
-1 -1 -1 -1 -1 -1 -1 -1 -1 -1 -1 -1 -1 -1 -1 -1 -1 -1 -1 -1 -1 -1 -1 -1 -1 -1 -1 -1 -1 -1 -1 -1 -1 -1 -1 -1 -1 235 205 192 145 115 85 72 60 72 102 -1 -1 -1 -1 -1 -1 -1 -1 -1 -1 -1 -1 -1 -1 -1 -1 -1 -1 472 459 417 387 357 255 212 170 157 145 132 120 300 312 325 282 235 205 175 162 150 180 222 235 247 260 187 200 290 345 255
-1 -1 -1 -1 -1 -1 -1 -1 -1 -1 -1 -1 -1 -1 -1 -1 -1 -1 -1 -1 -1 -1 -1 -1 -1 -1 -1 -1 -1 -1 -1 -1 -1 -1 -1 -1 252 222 192 162 132 102 72 42 30 42 72 102 -1 -1 -1 -1 -1 -1 -1 -1 -1 -1 -1 -1 -1 -1 -1 360 397 415 427 502 375 345 315 212 170 127 115 102 90 270 282 295 252 205 175 145 132 120 150 192 205 217 230 157 170 260 315 302
-1 -1 -1 -1 -1 -1 -1 -1 -1 -1 -1 -1 -1 -1 -1 -1 -1 -1 -1 -1 -1 -1 -1 -1 -1 -1 -1 -1 -1 -1 -1 -1 -1 265 252 265 290 235 205 175 145 115 102 30 8 30 60 90 132 180 -1 -1 -1 422 410 360 -1 -1 -1 -1 -1 342 342 330 330 355 372 385 459 315 285 272 170 127 85 72 60 240 252 265 222 175 145 115 102 90 120 162 175 187 115 127 217 350 285 272
-1 -1 -1 -1 -1 -1 -1 -1 -1 -1 -1 -1 -1 -1 -1 -1 -1 -1 -1 -1 -1 -1 -1 -1 -1 -1 -1 -1 -1 -1 -1 -1 -1 235 222 210 222 247 217 187 157 145 175 30 11 30 60 72 102 150 380 367 380 367 355 330 330 330 330 342 300 300 300 300 300 325 312 330 342 417 447 242 230 127 85 42 30 210 222 235 192 145 115 85 72 60 90 132 145 72 85 175 187 320 270 242
-1 -1 -1 -1 -1 -1 -1 -1 -1 -1 -1 -1 -1 -1 -1 -1 -1 -1 -1 -1 -1 -1 -1 -1 -1 -1 -1 -1 -1 -1 -1 -1 -1 205 192 180 192 205 230 217 187 175 205 60 30 11 30 60 90 120 350 337 325 312 312 300 300 300 300 312 270 270 270 270 270 282 282 300 312 325 375 405 200 187 85 42 8 180 192 205 162 132 102 72 42 30 60 102 30 42 132 145 277 290 240 260
-1 -1 -1 -1 -1 -1 -1 -1 -1 -1 -1 -1 -1 -1 -1 -1 -1 -1 -1 -1 -1 -1 -1 -1 -1 -1 -1 -1 -1 -1 -1 -1 -1 175 162 150 162 175 187 230 217 205 235 90 60 30 11 30 42 72 320 307 295 282 282 270 270 270 270 282 240 240 240 240 240 252 252 270 282 295 307 332 362 157 145 42 8 150 162 175 150 120 90 60 30 11 30 72 8 90 102 235 247 260 210 217
-1 -1 -1 -1 -1 -1 -1 -1 -1 -1 -1 -1 -1 -1 -1 -1 -1 -1 -1 -1 -1 -1 -1 -1 -1 -1 -1 -1 -1 -1 -1 -1 -1 162 132 120 132 145 157 187 217 260 382 369 357 60 30 11 30 60 265 277 265 252 252 240 240 240 240 252 210 210 210 210 210 222 222 240 252 265 277 290 290 320 115 102 8 120 132 145 325 150 120 90 60 30 11 42 8 60 192 205 217 230 180 180
-1 -1 -1 -1 -1 -1 -1 -1 -1 -1 -1 -1 -1 -1 -1 -1 -1 -1 -1 -1 -1 -1 -1 -1 -1 -1 -1 -1 -1 -1 -1 -1 -1 150 120 90 102 115 145 175 205 260 369 339 327 72 60 30 11 30 60 222 235 222 222 210 210 210 210 222 180 180 180 180 180 192 192 210 222 235 247 260 260 290 295 72 8 90 102 282 295 272 150 120 90 60 30 11 11 30 162 175 187 200 150 150
-1 -1 -1 -1 -1 -1 -1 -1 -1 -1 -1 -1 -1 -1 -1 -1 -1 -1 -1 -1 -1 -1 -1 -1 -1 -1 -1 -1 -1 -1 -1 -1 -1 120 90 60 72 102 132 162 192 387 357 327 297 255 242 170 85 11 30 90 180 192 192 180 180 180 180 192 150 150 150 150 150 162 162 180 192 205 217 230 230 260 265 42 8 60 240 252 265 260 230 200 170 90 60 30 11 8 132 145 157 120 120 120
-1 -1 -1 -1 -1 -1 -1 -1 -1 -1 -1 -1 -1 -1 -1 -1 -1 -1 -1 -1 -1 -1 -1 -1 -1 -1 -1 -1 -1 -1 -1 -1 -1 90 60 30 60 132 145 175 205 399 369 339 327 255 212 200 127 42 8 60 150 162 162 150 150 150 150 162 120 120 120 120 120 132 132 150 162 175 187 200 200 230 235 85 11 30 210 222 235 247 217 187 157 127 115 102 42 8 102 115 127 90 90 90
-1 -1 -1 -1 -1 -1 -1 -1 -1 -1 -1 -1 -1 -1 -1 -1 -1 -1 -1 -1 -1 -1 -1 -1 -1 -1 -1 -1 -1 -1 -1 -1 -1 60 30 8 30 162 175 205 235 357 327 327 297 285 212 170 127 85 11 30 120 132 132 120 120 120 120 132 90 90 90 90 90 102 102 120 132 145 157 157 162 175 192 192 42 8 180 192 205 235 205 175 145 115 85 72 60 8 72 85 72 60 60 60
-1 -1 -1 -1 -1 -1 -1 -1 -1 -1 -1 -1 -1 -1 -1 -1 -1 -1 -1 -1 -1 -1 -1 -1 -1 -1 -1 -1 -1 -1 -1 -1 -1 72 30 11 30 72 85 424 454 327 315 285 285 255 242 170 127 85 42 8 90 90 90 90 90 90 90 102 60 60 60 60 60 72 72 90 102 115 115 120 132 145 162 150 150 8 150 162 150 157 175 145 115 102 72 42 30 11 42 30 30 30 30 30
-1 -1 -1 -1 -1 -1 -1 -1 -1 -1 -1 -1 -1 -1 -1 -1 -1 -1 -1 -1 -1 -1 -1 -1 -1 -1 -1 -1 -1 -1 -1 -1 -1 -1 72 42 8 42 382 357 327 315 285 272 242 242 212 200 127 85 42 8 60 60 60 60 60 60 60 72 30 30 30 30 30 30 42 60 72 72 90 90 102 102 132 120 120 8 120 120 120 120 115 102 102 72 60 30 11 8 8 8 8 8 8 8
-1 -1 -1 -1 -1 -1 -1 -1 -1 -1 -1 -1 -1 -1 -1 -1 -1 -1 -1 -1 -1 -1 -1 -1 -1 -1 -1 -1 -1 -1 -1 -1 -1 -1 60 30 11 339 327 327 315 285 272 242 230 200 200 170 157 85 42 8 30 30 30 30 30 30 30 42 11 8 8 8 8 8 30 30 30 30 60 60 72 72 102 90 90 8 90 90 90 90 85 72 60 60 30 11 30 60 42 42 11 8 30 30
-1 -1 -1 -1 -1 -1 -1 -1 -1 -1 -1 -1 -1 -1 -1 -1 -1 -1 -1 -1 -1 -1 -1 -1 -1 -1 -1 -1 -1 -1 -1 -1 -1 -1 417 387 357 11 297 285 285 272 242 230 200 187 157 157 127 115 42 8 11 8 8 8 8 8 8 8 30 30 30 30 30 30 11 8 8 8 30 30 30 42 72 60 60 8 60 60 60 60 72 42 30 30 11 30 60 72 72 72 30 30 11 72
-1 -1 -1 -1 -1 -1 -1 -1 -1 -1 -1 -1 -1 -1 -1 -1 -1 -1 -1 -1 -1 -1 -1 -1 -1 -1 -1 -1 -1 -1 -1 -1 -1 -1 345 345 315 315 11 255 242 242 230 200 187 157 145 115 115 85 72 8 42 30 30 30 30 30 30 30 60 60 60 60 60 60 30 30 42 42 11 8 8 30 30 30 30 8 30 30 30 30 30 30 11 8 30 60 72 102 102 102 60 60 72 11
-1 -1 -1 -1 -1 -1 -1 -1 -1 -1 -1 -1 -1 -1 -1 -1 -1 -1 -1 -1 -1 -1 -1 -1 -1 -1 -1 -1 -1 -1 -1 -1 -1 357 315 302 302 272 272 11 212 200 200 187 157 145 115 102 72 72 42 8 30 60 72 60 60 60 60 60 90 90 90 90 102 72 60 60 72 72 30 30 30 11 8 8 8 8 11 8 8 8 8 8 30 30 60 72 102 132 132 132 90 90 102 30
-1 -1 -1 -1 -1 -1 -1 -1 -1 -1 -1 -1 -1 -1 -1 -1 -1 -1 -1 -1 -1 -1 -1 -1 -1 -1 -1 -1 -1 -1 -1 -1 -1 302 315 272 260 260 230 230 11 170 157 157 145 115 102 72 60 30 30 11 30 60 102 115 90 102 90 90 120 120 120 120 132 102 90 90 102 102 60 60 60 30 30 42 42 11 30 30 8 30 30 30 42 72 90 102 132 162 162 162 120 120 132 60
-1 -1 -1 -1 -1 -1 -1 -1 -1 -1 -1 -1 -1 -1 -1 -1 -1 -1 -1 -1 -1 -1 -1 -1 -1 -1 -1 -1 -1 -1 -1 345 272 260 260 272 230 217 217 187 187 11 127 115 115 102 72 60 30 11 8 8 30 72 102 145 157 132 120 120 150 150 150 150 162 132 120 120 132 132 90 90 90 60 60 72 72 30 60 60 8 60 60 60 72 85 120 132 162 192 192 192 150 150 162 90
-1 -1 -1 -1 -1 -1 -1 -1 -1 -1 -1 -1 -1 -1 -1 -1 -1 -1 -1 -1 -1 -1 -1 -1 -1 -1 -1 -1 -1 -1 302 272 242 230 217 217 230 187 175 175 145 145 11 85 72 72 60 30 11 30 8 8 42 72 115 145 187 200 150 150 180 180 180 180 192 162 150 150 162 162 120 120 120 90 90 102 102 60 90 90 8 90 90 102 102 115 127 162 192 222 222 222 180 205 192 120
-1 -1 -1 -1 -1 -1 -1 -1 -1 -1 -1 -1 -1 -1 -1 -1 -1 -1 -1 -1 -1 -1 -1 -1 -1 -1 -1 -1 327 285 272 260 230 200 187 175 175 187 145 132 132 102 102 11 42 30 30 11 30 42 30 11 11 85 115 157 187 230 242 180 210 210 210 210 222 192 180 180 192 192 150 150 150 120 120 132 132 90 120 120 8 42 132 132 145 145 157 170 222 252 252 252 210 235 162 150
-1 -1 -1 -1 -1 -1 -1 -1 -1 -1 -1 -1 -1 -1 -1 -1 -1 -1 -1 -1 -1 -1 -1 -1 -1 -1 -1 285 297 285 242 230 217 187 157 145 132 132 145 102 90 90 60 60 8 11 8 30 42 72 85 72 11 11 127 157 200 230 272 210 240 240 240 240 252 222 210 210 222 222 180 180 180 150 150 162 162 120 150 150 8 42 85 175 175 187 187 200 212 295 282 282 240 265 192 180
-1 -1 -1 -1 -1 -1 -1 -1 -1 -1 -1 -1 -1 -1 -1 -1 -1 -1 -1 -1 -1 -1 -1 -1 -1 -1 285 255 242 255 242 200 187 175 145 115 102 90 90 102 60 60 30 30 11 30 30 42 72 85 115 127 115 11 11 170 200 242 272 315 270 270 270 270 282 252 240 240 252 252 210 210 210 180 180 192 192 150 180 180 30 11 85 127 217 217 230 230 242 255 325 312 270 295 222 210
-1 -1 -1 -1 -1 -1 -1 -1 -1 -1 -1 -1 -1 -1 -1 -1 -1 -1 -1 -1 -1 -1 -1 -1 -1 285 255 242 212 200 212 200 157 145 132 102 72 60 60 72 30 30 11 8 30 60 60 72 85 115 127 157 170 157 11 11 212 242 285 315 300 300 300 300 312 282 270 270 282 282 240 240 240 210 210 222 222 180 210 210 60 30 11 127 170 260 260 272 272 285 132 312 337 325 252 240
-1 -1 -1 -1 -1 -1 -1 -1 -1 -1 -1 -1 -1 -1 -1 -1 -1 -1 -1 -1 -1 -1 -1 -1 297 285 242 212 200 170 157 170 157 115 102 90 60 30 30 42 11 8 30 30 42 72 90 102 115 145 157 170 200 212 200 11 11 255 285 327 357 330 330 330 342 312 300 300 312 312 270 270 270 240 240 252 252 210 240 240 90 60 72 11 170 212 302 302 332 102 102 102 60 60 90 252
-1 -1 -1 -1 -1 -1 -1 -1 -1 -1 -1 -1 -1 -1 -1 -1 -1 -1 -1 -1 -1 -1 327 297 285 255 242 200 170 157 127 115 127 115 72 60 30 11 8 8 30 30 60 72 72 85 115 132 145 175 187 200 212 242 255 242 11 11 297 327 369 399 360 360 372 342 330 330 342 342 300 300 300 270 270 282 282 240 270 270 120 90 102 115 11 30 60 42 42 72 72 72 30 30 60 72
-1 -1 -1 -1 -1 -1 -1 -1 -1 -1 -1 -1 -1 -1 -1 -1 -1 -1 -1 357 327 339 327 285 255 242 212 200 157 127 115 85 72 85 72 30 11 30 30 30 60 72 72 102 115 115 127 162 175 205 217 230 242 255 285 297 285 11 11 339 369 412 442 402 402 115 360 360 372 372 330 330 330 300 300 312 312 312 300 300 150 120 132 145 157 11 8 8 30 42 42 42 11 8 30 60
-1 -1 -1 -1 -1 -1 -1 -1 -1 -1 -1 -1 -1 -1 -1 -1 -1 339 327 327 315 285 297 285 242 212 200 170 157 115 85 72 42 30 42 11 30 60 72 72 72 102 115 115 145 157 157 192 205 217 247 260 272 285 315 327 339 30 42 11 382 412 454 72 72 85 115 145 175 205 360 372 342 330 330 342 355 342 330 330 180 150 162 175 187 30 42 42 11 8 8 8 30 30 11 30
-1 -1 -1 -1 -1 -1 -1 -1 -1 -1 -1 -1 -1 -1 -1 369 339 327 297 285 285 272 242 255 242 200 170 157 127 115 72 42 30 11 8 30 42 72 102 115 115 132 145 157 157 187 200 200 235 247 260 290 302 315 345 357 369 60 72 85 11 30 60 42 42 72 102 132 162 192 222 385 372 372 385 397 385 372 372 360 210 180 192 205 217 60 72 72 30 30 30 8 42 60 8 42
-1 -1 -1 -1 -1 -1 -1 -1 -1 -1 -1 -1 -1 382 369 339 327 297 285 255 242 242 230 200 212 200 157 127 115 85 72 30 8 30 30 42 72 85 115 145 157 157 175 187 200 200 230 242 265 277 290 320 332 345 375 387 399 90 102 115 127 11 8 8 30 60 90 120 150 205 235 265 415 427 440 427 415 415 402 390 240 210 222 235 247 90 102 102 60 60 60 8 72 85 8 42
-1 -1 -1 -1 -1 -1 -1 -1 -1 -1 372 360 402 369 339 327 297 285 255 242 212 200 200 187 157 170 157 115 85 72 42 30 11 30 72 72 85 115 127 157 187 200 200 217 230 242 242 272 295 307 320 350 362 375 405 417 429 120 132 145 157 170 11 42 11 72 102 132 162 192 132 162 470 482 470 457 457 445 432 420 270 240 252 265 277 120 132 132 90 90 90 8 102 115 8 42
-1 -1 -1 -1 -1 405 392 380 367 355 342 330 372 339 327 297 285 255 242 212 200 170 157 157 145 115 127 115 72 42 30 11 30 42 72 115 115 127 157 170 200 230 242 247 260 272 285 302 325 337 350 380 392 405 417 447 162 175 187 200 212 200 8 42 85 11 8 30 60 90 120 150 180 512 500 487 487 475 462 450 300 270 282 295 307 150 162 162 132 132 11 30 132 145 8 11
-1 519 489 477 387 375 362 350 337 325 312 300 342 327 297 285 255 242 212 200 170 157 127 115 115 102 72 85 72 30 11 30 60 72 85 115 157 157 170 200 212 242 272 285 290 302 315 327 345 367 380 392 422 265 235 205 217 230 242 255 242 230 30 11 85 127 157 11 8 8 8 30 210 222 555 542 517 505 492 480 330 300 312 325 337 180 205 175 175 42 30 60 162 175 30 11
502 489 459 447 357 345 332 320 307 295 282 270 312 312 285 255 242 212 200 170 157 127 115 85 72 72 60 30 42 11 30 42 72 102 115 127 157 200 200 212 242 255 285 315 327 332 345 357 369 387 410 397 367 295 265 235 265 285 297 285 272 72 60 8 42 72 102 200 230 260 290 11 72 252 265 597 585 535 522 372 342 330 342 380 367 210 217 217 85 72 60 90 192 205 60 30
472 459 429 417 327 315 302 290 277 265 252 240 282 282 270 242 212 200 170 157 127 115 85 72 42 30 30 11 8 30 42 72 85 115 145 157 170 200 242 242 255 285 297 327 357 369 375 387 482 470 440 367 337 307 277 265 277 72 327 315 115 102 11 30 72 85 115 145 242 272 302 332 11 30 60 307 337 175 205 385 372 385 372 410 397 260 260 127 115 102 90 120 222 235 90 60
495 429 399 387 297 285 272 260 247 235 222 210 270 240 240 240 200 170 157 127 115 85 72 42 30 11 8 30 30 42 72 85 115 127 157 187 200 212 242 285 285 297 327 339 369 399 555 525 470 440 410 380 350 320 307 42 30 42 30 42 145 11 8 60 102 115 127 157 187 285 315 345 375 11 72 102 132 162 192 222 402 415 452 440 302 302 170 157 145 132 120 150 252 265 120 90
465 399 369 357 297 255 242 230 217 205 192 180 240 210 210 210 210 157 127 115 85 72 42 30 11 8 30 42 72 72 85 115 127 157 170 200 230 242 255 285 327 327 339 369 442 472 502 512 482 452 422 410 380 350 337 30 8 8 8 8 11 11 30 90 132 145 157 170 200 230 327 357 387 417 11 115 145 175 205 235 265 495 482 345 345 212 200 187 175 162 150 180 282 295 150 102
