tests/fixtures/watershed_abstraction/mdobre-womanly-ascot/dem/topaz/DISCHA.ARC
ncols   776
nrows   755
xllcorner  564333
yllcorner 5021478
cellsize   30.00
nodata_value    -1.0
[rows 300 to 349 of 755, columns 480 to 575 of 776]
-1 -1 -1 -1 -1 -1 -1 -1 -1 -1 -1 -1 -1 -1 -1 -1 -1 -1 -1 -1 -1 -1 -1 -1 -1 -1 -1 -1 -1 -1 -1 -1 -1 -1 -1 -1 -1 -1 -1 -1 -1 -1 -1 -1 -1 -1 -1 -1 -1 -1 -1 -1 -1 -1 -1 -1 -1 -1 -1 -1 -1 -1 -1 -1 -1 -1 -1 -1 -1 -1 -1 -1 -1 -1 -1 -1 -1 -1 -1 -1 -1 -1 -1 -1 -1 -1 -1 -1 -1 -1 -1 -1 -1 -1 -1 -1
-1 -1 -1 -1 -1 -1 -1 -1 -1 -1 -1 -1 -1 -1 -1 -1 -1 -1 -1 -1 -1 -1 -1 -1 -1 -1 -1 -1 -1 -1 -1 -1 -1 -1 -1 -1 -1 -1 -1 -1 -1 -1 -1 -1 -1 -1 -1 -1 -1 -1 -1 -1 -1 -1 -1 -1 -1 -1 -1 -1 -1 -1 -1 -1 -1 -1 -1 -1 -1 -1 -1 -1 -1 -1 -1 -1 -1 -1 -1 -1 -1 -1 -1 -1 -1 -1 -1 -1 -1 -1 -1 -1 -1 -1 -1 -1
-1 -1 -1 -1 -1 -1 -1 -1 -1 -1 -1 -1 -1 -1 -1 -1 -1 -1 -1 -1 -1 -1 -1 -1 -1 -1 -1 -1 -1 -1 -1 -1 -1 -1 -1 -1 -1 -1 -1 -1 -1 -1 -1 -1 -1 -1 -1 -1 -1 -1 -1 -1 -1 -1 -1 -1 -1 -1 -1 -1 -1 -1 -1 -1 -1 -1 -1 -1 -1 -1 -1 -1 -1 -1 -1 -1 -1 -1 -1 -1 -1 -1 -1 -1 -1 -1 -1 -1 -1 -1 -1 -1 -1 -1 -1 -1
-1 -1 -1 -1 -1 -1 -1 -1 -1 -1 -1 -1 -1 -1 -1 -1 -1 -1 -1 -1 -1 -1 -1 -1 -1 -1 -1 -1 -1 -1 -1 -1 -1 -1 -1 -1 -1 -1 -1 -1 -1 -1 -1 -1 -1 -1 -1 -1 -1 -1 -1 -1 -1 -1 -1 -1 -1 -1 -1 -1 -1 -1 -1 -1 -1 -1 -1 -1 -1 -1 -1 -1 -1 -1 -1 -1 -1 -1 -1 -1 -1 -1 -1 -1 -1 -1 -1 -1 -1 -1 -1 -1 -1 -1 -1 -1
-1 -1 -1 -1 -1 -1 -1 -1 -1 -1 -1 -1 -1 -1 -1 -1 -1 -1 -1 -1 -1 -1 -1 -1 -1 -1 -1 -1 -1 -1 -1 -1 -1 -1 -1 -1 -1 -1 -1 -1 -1 -1 -1 -1 -1 -1 -1 -1 -1 -1 -1 -1 -1 -1 -1 -1 -1 -1 -1 -1 -1 -1 -1 -1 -1 -1 -1 -1 -1 -1 -1 -1 -1 -1 -1 -1 -1 -1 -1 -1 -1 -1 -1 -1 -1 -1 -1 -1 -1 -1 -1 -1 -1 -1 -1 -1
-1 -1 -1 -1 -1 -1 -1 -1 -1 -1 -1 -1 -1 -1 -1 -1 -1 -1 -1 -1 -1 -1 -1 -1 -1 -1 -1 -1 -1 -1 -1 -1 -1 -1 -1 -1 -1 -1 -1 -1 -1 -1 -1 -1 -1 -1 -1 -1 -1 -1 -1 -1 -1 -1 -1 -1 -1 -1 -1 -1 -1 -1 -1 -1 -1 -1 -1 -1 -1 -1 -1 -1 -1 -1 -1 -1 -1 -1 -1 -1 -1 -1 -1 -1 -1 -1 -1 -1 -1 -1 -1 -1 -1 -1 -1 -1
-1 -1 -1 -1 -1 -1 -1 -1 -1 -1 -1 -1 -1 -1 -1 -1 -1 -1 -1 -1 -1 -1 -1 -1 -1 -1 -1 -1 -1 -1 -1 -1 -1 -1 -1 -1 -1 -1 -1 -1 -1 -1 -1 -1 -1 -1 -1 -1 -1 -1 -1 -1 -1 -1 -1 -1 -1 -1 -1 -1 -1 -1 -1 -1 -1 -1 -1 -1 -1 -1 -1 -1 -1 -1 -1 -1 -1 -1 -1 -1 -1 -1 -1 -1 -1 -1 -1 -1 -1 -1 -1 -1 -1 -1 -1 -1
-1 -1 -1 -1 -1 -1 -1 -1 -1 -1 -1 -1 -1 -1 -1 -1 -1 -1 -1 -1 -1 -1 -1 -1 -1 -1 -1 -1 -1 -1 -1 -1 -1 -1 -1 -1 -1 -1 -1 -1 -1 -1 -1 -1 -1 -1 -1 -1 -1 -1 -1 -1 -1 -1 -1 -1 -1 -1 -1 -1 -1 -1 -1 -1 -1 -1 -1 -1 -1 -1 -1 -1 -1 -1 -1 -1 -1 -1 -1 -1 -1 -1 -1 -1 -1 -1 -1 -1 -1 -1 -1 -1 -1 -1 -1 -1
-1 -1 -1 -1 -1 -1 -1 -1 -1 -1 -1 -1 -1 -1 -1 -1 -1 -1 -1 -1 -1 -1 -1 -1 -1 -1 -1 -1 -1 -1 -1 -1 -1 -1 -1 -1 -1 -1 -1 -1 -1 -1 -1 -1 -1 -1 -1 -1 -1 -1 -1 -1 -1 -1 -1 -1 -1 -1 -1 -1 -1 -1 -1 -1 -1 -1 -1 -1 -1 -1 -1 -1 -1 -1 -1 -1 -1 -1 -1 -1 -1 -1 -1 -1 -1 -1 -1 -1 -1 -1 -1 -1 -1 -1 -1 -1
-1 -1 -1 -1 -1 -1 -1 -1 -1 -1 -1 -1 -1 -1 -1 -1 -1 -1 -1 -1 -1 -1 -1 -1 -1 -1 -1 -1 -1 -1 -1 -1 -1 -1 -1 -1 -1 -1 -1 -1 -1 -1 -1 -1 -1 -1 -1 -1 -1 -1 -1 -1 -1 -1 -1 -1 -1 -1 -1 -1 -1 -1 -1 -1 -1 -1 -1 -1 -1 -1 -1 -1 -1 -1 -1 -1 -1 -1 -1 -1 -1 -1 -1 -1 -1 -1 -1 -1 -1 -1 -1 -1 -1 -1 -1 -1
-1 -1 -1 -1 -1 -1 -1 -1 -1 -1 -1 -1 -1 -1 -1 -1 -1 -1 -1 -1 -1 -1 -1 -1 -1 -1 -1 -1 -1 -1 -1 -1 -1 -1 991 1034 1046 834 -1 -1 -1 -1 489 502 514 -1 -1 -1 -1 -1 -1 -1 -1 -1 -1 -1 -1 -1 -1 -1 -1 -1 -1 -1 -1 -1 -1 -1 -1 -1 -1 -1 -1 -1 -1 -1 -1 -1 -1 -1 -1 -1 -1 -1 -1 -1 -1 -1 -1 -1 -1 -1 -1 -1 -1 -1
-1 -1 -1 -1 -1 -1 -1 -1 -1 -1 -1 -1 -1 -1 -1 -1 -1 -1 -1 -1 -1 -1 -1 -1 -1 -1 -1 -1 -1 -1 -1 -1 -1 949 991 1004 792 804 537 507 435 447 459 472 484 497 -1 -1 -1 -1 -1 -1 -1 -1 -1 -1 -1 -1 -1 -1 -1 -1 -1 -1 -1 -1 -1 -1 -1 -1 -1 -1 -1 -1 -1 -1 -1 -1 -1 -1 -1 -1 -1 -1 -1 -1 -1 -1 -1 -1 -1 -1 -1 -1 -1 -1
-1 -1 -1 -1 -1 -1 -1 -1 -1 -1 -1 -1 -1 -1 -1 -1 -1 -1 -1 -1 -1 -1 -1 -1 -1 -1 -1 -1 -1 -1 -1 -1 906 949 961 749 762 495 465 392 405 417 429 442 454 467 721 -1 -1 -1 -1 -1 -1 -1 -1 -1 -1 -1 -1 -1 -1 -1 -1 -1 -1 -1 -1 -1 -1 -1 -1 -1 -1 -1 -1 -1 -1 -1 -1 -1 -1 -1 -1 -1 -1 -1 -1 -1 -1 -1 -1 -1 -1 -1 -1 -1
642 672 702 732 762 792 822 829 841 854 824 836 297 327 357 387 417 447 477 -1 -1 -1 -1 -1 -1 -1 -1 -1 -1 -1 -1 864 906 919 707 719 452 422 350 362 375 387 399 412 424 679 297 327 -1 -1 -1 -1 -1 -1 -1 -1 -1 -1 -1 -1 -1 -1 -1 -1 -1 -1 -1 -1 -1 -1 -1 -1 -1 -1 -1 -1 -1 -1 -1 -1 -1 -1 -1 -1 -1 -1 -1 -1 -1 -1 -1 -1 -1 -1 -1 -1
739 769 781 794 824 1053 786 799 811 781 794 255 255 285 315 345 375 405 435 519 549 -1 -1 -1 -1 -1 -1 -1 -1 -1 822 864 876 664 677 410 380 307 320 332 345 357 369 382 636 255 285 315 345 -1 -1 -1 -1 -1 -1 -1 -1 -1 -1 -1 -1 -1 -1 -1 -1 -1 -1 -1 -1 -1 -1 -1 -1 -1 -1 -1 -1 -1 -1 -1 -1 -1 -1 -1 -1 -1 -1 -1 -1 -1 -1 -1 -1 -1 -1 -1
726 739 751 999 1011 744 756 769 739 751 212 212 242 272 302 332 362 392 422 452 562 592 622 652 682 712 742 772 889 779 822 834 622 634 367 337 265 277 290 302 315 327 339 594 212 242 272 302 332 362 -1 -1 -1 -1 -1 -1 -1 -1 -1 -1 -1 -1 -1 -1 -1 -1 -1 -1 -1 -1 -1 -1 -1 -1 -1 -1 -1 -1 -1 -1 -1 -1 -1 -1 -1 -1 -1 -1 -1 -1 -1 -1 -1 -1 -1 -1
696 709 956 969 702 714 726 696 709 170 170 170 200 230 260 290 320 350 435 465 495 525 555 585 615 645 675 846 737 779 792 579 592 325 295 222 235 247 260 272 285 297 552 170 200 230 260 290 320 350 380 -1 -1 -1 -1 -1 -1 -1 -1 -1 -1 -1 -1 -1 -1 -1 -1 -1 -1 -1 -1 -1 -1 -1 -1 -1 -1 -1 -1 -1 -1 -1 -1 -1 -1 -1 -1 -1 -1 -1 -1 -1 -1 -1 -1 -1
666 914 926 659 672 684 654 666 127 127 127 157 187 217 247 277 307 337 367 397 427 457 487 517 816 792 804 694 737 749 537 549 282 252 180 192 205 217 230 242 255 509 127 157 187 217 247 277 307 337 367 -1 -1 -1 -1 -1 -1 -1 -1 -1 -1 -1 -1 -1 -1 -1 -1 -1 -1 -1 -1 -1 -1 -1 -1 -1 -1 -1 -1 -1 -1 -1 -1 -1 -1 -1 -1 -1 -1 -1 -1 -1 -1 -1 -1 -1
871 884 617 629 642 612 624 85 85 85 115 145 175 205 235 265 295 325 355 385 415 717 762 774 749 762 652 694 707 495 507 240 210 180 150 162 175 187 200 212 467 85 115 145 175 205 235 265 295 325 355 385 -1 -1 -1 -1 -1 -1 -1 -1 -1 -1 -1 -1 -1 -1 -1 -1 -1 -1 -1 -1 -1 -1 -1 -1 -1 -1 -1 -1 -1 -1 -1 -1 -1 -1 -1 -1 -1 -1 -1 -1 -1 -1 -1 -1
841 574 587 599 569 582 42 42 42 72 102 132 162 192 222 252 282 312 342 372 675 719 732 707 719 609 652 664 452 465 240 210 180 150 120 132 145 157 170 424 42 72 102 132 162 192 222 252 282 312 342 372 -1 -1 -1 -1 -1 -1 -1 -1 -1 -1 -1 -1 -1 -1 -1 -1 -1 -1 -1 -1 -1 -1 -1 -1 -1 -1 -1 -1 -1 -1 -1 -1 -1 -1 -1 -1 -1 -1 -1 -1 -1 -1 -1 -1
532 544 557 527 539 11 8 8 30 60 90 120 150 180 210 240 270 300 330 632 677 689 664 677 567 609 622 410 422 240 210 180 150 120 90 102 115 127 382 11 30 60 90 120 150 180 210 240 270 300 330 360 390 -1 -1 -1 -1 -1 -1 -1 -1 -1 -1 -1 -1 -1 -1 -1 -1 -1 -1 -1 -1 -1 -1 -1 -1 -1 -1 -1 -1 -1 -1 -1 -1 -1 -1 -1 -1 -1 -1 -1 -1 -1 -1 -1
502 514 484 497 11 30 60 90 120 150 180 210 240 270 300 330 360 390 590 634 647 622 634 525 567 579 367 380 240 210 180 150 120 90 60 72 85 339 11 30 60 90 120 150 180 210 240 270 300 330 360 390 420 450 -1 -1 -1 -1 -1 -1 -1 -1 -1 -1 -1 -1 -1 -1 -1 -1 -1 -1 -1 -1 -1 -1 -1 -1 -1 -1 -1 -1 -1 -1 -1 -1 -1 -1 -1 -1 -1 -1 -1 -1 -1 -1
472 442 454 11 157 187 217 247 277 307 337 367 397 427 457 487 517 547 592 604 579 592 482 525 537 325 337 295 210 180 150 120 90 60 30 42 297 11 242 272 302 332 417 447 477 507 537 567 597 627 657 687 717 747 777 -1 -1 -1 -1 -1 -1 -1 -1 -1 -1 -1 -1 -1 -1 -1 -1 -1 -1 -1 -1 -1 -1 -1 -1 -1 -1 -1 -1 -1 -1 -1 -1 -1 -1 -1 -1 -1 -1 -1 -1 -1
399 412 11 115 145 175 205 235 265 295 325 355 385 415 445 475 505 549 562 537 549 440 482 495 282 295 252 265 180 150 120 90 60 30 11 255 11 200 285 315 345 375 405 435 465 302 332 362 392 422 452 482 512 542 572 -1 -1 -1 -1 -1 -1 -1 -1 -1 -1 -1 -1 -1 -1 -1 -1 -1 -1 -1 -1 -1 -1 -1 -1 -1 -1 -1 -1 -1 -1 -1 -1 -1 -1 -1 -1 -1 -1 -1 -1 -1
369 11 72 102 132 162 192 222 252 282 312 342 372 402 432 495 507 519 495 507 397 410 452 465 252 265 222 235 150 120 90 60 30 11 212 11 157 242 272 302 332 170 200 230 260 290 320 350 380 410 440 470 500 530 560 -1 -1 -1 -1 -1 -1 -1 -1 -1 -1 -1 -1 -1 -1 -1 -1 -1 -1 -1 -1 -1 -1 -1 -1 -1 -1 -1 -1 -1 -1 -1 -1 -1 -1 -1 -1 -1 -1 -1 -1 -1
11 30 60 90 120 150 180 210 240 270 300 330 360 440 452 465 477 452 465 355 367 380 422 435 222 235 192 205 120 90 60 30 11 170 11 115 200 230 260 290 127 157 187 217 247 277 307 337 367 397 427 457 487 517 547 577 -1 -1 -1 -1 -1 -1 -1 -1 -1 -1 -1 -1 -1 -1 -1 -1 -1 -1 -1 -1 -1 -1 -1 -1 -1 -1 -1 -1 -1 -1 -1 -1 -1 -1 -1 -1 -1 -1 -1 -1
297 327 357 387 417 447 477 507 537 567 797 707 397 410 422 435 410 422 312 325 337 350 392 405 192 205 162 175 90 60 30 11 127 11 72 157 187 217 247 85 115 145 175 205 235 265 295 325 355 385 415 445 475 505 535 565 595 -1 -1 -1 -1 -1 -1 -1 -1 -1 -1 -1 -1 -1 -1 -1 -1 -1 -1 -1 -1 -1 -1 -1 -1 -1 -1 -1 -1 -1 -1 -1 -1 -1 -1 -1 -1 -1 -1 -1
285 315 834 864 737 634 664 694 724 754 664 355 367 380 392 367 380 270 282 295 307 320 362 375 162 175 132 145 60 30 11 85 11 30 115 85 42 72 42 72 102 132 162 192 222 252 282 312 342 372 402 432 565 595 625 655 685 -1 -1 -1 -1 -1 -1 -1 -1 -1 -1 -1 -1 -1 -1 -1 -1 -1 -1 -1 -1 -1 -1 -1 -1 -1 -1 -1 -1 -1 -1 -1 -1 -1 -1 -1 -1 -1 -1 -1
272 792 822 694 592 604 567 579 609 622 312 325 337 350 325 337 300 240 252 265 277 290 332 345 132 145 102 115 30 11 42 11 42 72 42 11 8 8 30 60 90 120 150 180 210 240 270 300 330 360 390 522 552 345 375 405 435 465 495 -1 -1 -1 -1 -1 -1 -1 -1 -1 -1 -1 -1 -1 -1 -1 -1 -1 -1 -1 -1 -1 -1 -1 -1 -1 -1 -1 -1 -1 -1 -1 -1 -1 -1 -1 -1 -1
749 779 652 549 562 525 537 567 579 270 282 295 307 282 295 307 270 210 222 235 247 260 302 315 102 115 72 85 11 11 8 8 8 8 8 30 60 90 120 150 180 210 240 270 300 330 360 390 420 450 480 510 302 200 230 260 290 320 350 380 -1 -1 -1 -1 -1 -1 -1 -1 -1 -1 -1 -1 -1 -1 -1 -1 -1 -1 -1 -1 -1 -1 -1 -1 -1 -1 -1 -1 -1 -1 -1 -1 -1 -1 -1 -1
737 609 507 519 482 495 525 537 664 240 252 265 277 252 265 277 240 180 192 205 217 230 272 285 72 85 42 11 8 30 60 90 120 150 180 210 240 270 300 330 360 390 420 450 480 510 540 212 242 200 230 260 157 187 217 247 277 307 337 367 -1 -1 -1 -1 -1 -1 -1 -1 -1 -1 -1 -1 -1 -1 -1 -1 -1 -1 -1 -1 -1 -1 -1 -1 -1 -1 -1 -1 -1 -1 -1 -1 -1 -1 -1 -1
567 465 477 440 452 482 495 507 634 210 222 235 210 222 235 247 210 150 162 175 187 200 242 255 42 11 8 30 60 90 120 150 180 210 240 270 300 330 360 390 420 450 480 510 540 170 170 127 157 187 85 115 145 175 205 235 265 295 325 355 385 -1 -1 -1 -1 -1 -1 -1 -1 -1 -1 -1 -1 -1 -1 -1 -1 -1 -1 -1 -1 -1 -1 -1 -1 -1 -1 -1 -1 -1 -1 -1 -1 -1 -1 -1
422 435 397 410 422 452 465 477 604 180 192 205 180 192 205 217 180 120 132 145 157 170 212 11 8 30 60 90 120 150 180 210 242 272 302 332 362 392 422 452 212 170 170 127 127 127 85 85 115 42 72 102 132 162 192 222 252 282 312 342 372 427 -1 -1 -1 -1 -1 -1 -1 -1 -1 -1 -1 -1 -1 -1 -1 -1 -1 -1 -1 -1 -1 -1 -1 -1 -1 -1 -1 -1 -1 -1 -1 -1 -1 -1
392 355 367 380 392 422 435 447 574 150 162 175 150 162 175 187 150 90 102 115 127 170 11 552 582 1133 1163 961 974 986 170 200 230 260 290 320 350 170 170 170 127 127 85 85 85 42 42 11 8 30 60 90 120 150 180 210 240 270 300 330 360 415 -1 -1 -1 -1 -1 -1 -1 -1 -1 -1 -1 -1 -1 -1 -1 -1 -1 -1 -1 -1 -1 -1 -1 -1 -1 -1 -1 -1 -1 -1 -1 -1 -1 -1
362 325 337 350 362 392 405 417 544 120 132 145 120 132 145 157 120 60 72 85 127 11 509 539 1091 1121 919 931 944 127 157 187 217 247 277 127 127 127 127 85 85 42 42 42 11 8 8 30 60 90 120 150 180 210 240 270 300 330 360 390 372 402 457 -1 -1 -1 -1 -1 -1 -1 -1 -1 -1 -1 -1 -1 -1 -1 -1 -1 -1 -1 -1 -1 -1 -1 -1 -1 -1 -1 -1 -1 -1 -1 -1 -1
332 295 307 320 350 362 375 387 514 90 102 115 90 102 115 127 90 30 42 85 11 467 497 1048 1078 876 889 901 85 115 145 175 205 235 85 85 85 85 42 42 11 8 8 8 30 60 90 120 150 180 210 240 270 300 330 360 390 420 450 402 432 415 445 -1 -1 -1 -1 -1 -1 -1 -1 -1 -1 -1 -1 -1 -1 -1 -1 -1 -1 -1 -1 -1 -1 -1 -1 -1 -1 -1 -1 -1 -1 -1 -1 320
277 265 277 307 320 332 345 357 484 60 72 85 60 72 85 127 60 8 42 11 424 454 1006 1036 834 846 859 42 72 102 132 162 192 42 42 42 42 11 8 8 8 8 30 60 90 120 150 180 210 240 270 300 330 360 342 372 402 432 462 492 445 475 457 487 -1 -1 -1 -1 -1 -1 -1 -1 -1 -1 -1 -1 -1 -1 -1 -1 -1 -1 -1 -1 -1 -1 -1 -1 -1 -1 -1 -1 -1 -1 302 290
247 235 265 277 290 320 315 327 454 30 42 829 30 42 85 60 30 11 11 382 412 963 993 1023 804 816 11 8 8 8 8 8 8 8 8 8 8 30 60 90 120 150 42 72 102 132 162 192 222 252 282 312 342 372 402 432 462 492 522 552 582 487 517 500 -1 -1 -1 -1 -1 -1 -1 -1 -1 -1 -1 -1 -1 -1 -1 -1 -1 -1 -1 -1 -1 -1 -1 -1 -1 -1 -1 -1 -1 285 272 260
345 205 235 247 277 272 285 412 424 11 786 514 8 42 339 30 11 11 339 369 921 951 981 744 774 11 435 465 495 472 42 42 42 72 102 132 162 192 222 252 132 162 192 85 115 145 175 205 235 265 295 325 355 385 415 685 625 637 667 590 602 355 367 380 392 405 -1 -1 -1 -1 -1 -1 -1 -1 -1 -1 -1 -1 -1 -1 -1 -1 -1 -1 -1 -1 -1 -1 -1 -1 -1 -1 285 255 242 230
332 175 205 235 230 242 369 382 11 744 472 484 11 297 854 11 11 297 327 879 909 939 702 732 11 392 422 452 429 442 454 484 85 85 115 145 175 205 235 265 295 175 205 235 127 157 187 217 247 277 307 337 367 630 642 582 595 535 547 560 312 325 337 350 362 375 387 -1 -1 -1 -1 -1 -1 -1 -1 -1 -1 -1 -1 -1 -1 -1 -1 -1 -1 -1 -1 -1 -1 -1 -1 -1 272 242 212 200
302 145 175 187 200 369 339 11 702 429 442 11 255 811 8 11 255 285 836 866 896 659 689 11 350 380 410 387 399 412 694 707 719 127 127 157 187 217 247 277 307 337 217 247 277 170 200 230 260 290 320 625 612 600 540 552 492 505 517 530 282 295 307 320 332 345 357 369 382 -1 -1 -1 -1 -1 -1 -1 -1 -1 -1 -1 -1 -1 -1 -1 -1 -1 -1 -1 -1 -1 -1 290 260 230 200 170
315 115 145 157 327 297 11 659 387 399 11 212 769 30 11 212 242 794 824 854 617 647 11 307 337 367 345 357 369 652 664 677 689 719 170 170 200 230 260 290 320 350 380 260 290 500 512 525 560 572 607 595 582 570 510 450 462 475 487 240 252 265 277 290 302 315 327 339 424 467 -1 -1 -1 -1 -1 -1 -1 -1 -1 -1 -1 -1 -1 -1 -1 -1 -1 -1 -1 -1 307 277 247 217 187 157
72 102 115 285 255 11 617 345 357 11 170 726 30 11 170 200 751 781 811 574 604 11 265 295 290 302 315 327 609 622 634 647 677 629 642 654 1124 857 590 602 615 627 535 445 457 470 482 517 530 542 577 565 552 540 480 420 432 445 457 210 222 235 247 260 272 285 297 382 424 509 350 362 -1 -1 -1 -1 -1 -1 -1 -1 -1 -1 -1 -1 -1 -1 -1 -1 -1 325 295 265 235 205 175 145
42 72 242 212 11 574 302 315 11 127 684 30 11 127 157 709 739 769 532 562 11 222 235 247 260 272 285 567 579 592 604 634 587 599 612 1081 814 547 560 572 585 492 402 415 427 440 452 487 500 512 547 535 522 510 450 390 402 415 427 180 192 205 217 230 242 255 339 382 467 307 320 332 345 357 369 -1 -1 -1 -1 -1 -1 -1 -1 -1 -1 -1 -1 -1 834 337 307 277 247 217 187 157
30 200 170 11 532 260 272 11 85 642 30 11 85 115 666 696 726 489 519 8 180 192 205 217 230 242 525 537 549 562 574 544 557 569 1039 772 505 517 530 542 450 360 372 385 397 410 445 457 470 482 495 505 492 480 420 360 372 385 397 150 162 175 187 200 212 297 339 424 552 277 290 302 315 327 339 369 399 429 1096 639 667 372 -1 -1 -1 -1 392 405 822 792 762 732 552 509 467 454
157 127 11 489 217 230 8 42 599 90 8 42 85 624 654 726 447 477 472 8 150 162 175 187 200 482 495 507 519 532 502 514 527 996 1009 742 475 487 500 450 420 330 342 355 367 380 415 427 440 452 465 475 462 450 390 330 342 355 150 120 132 145 157 170 255 297 382 509 235 247 260 272 285 297 327 357 387 1053 597 625 330 300 312 325 337 350 362 375 852 779 749 719 689 509 467 424
85 11 447 175 187 200 11 557 587 60 8 42 582 612 684 405 435 429 472 8 120 132 145 157 440 452 465 477 489 459 472 484 497 966 979 712 445 457 470 420 390 300 312 325 337 350 385 397 410 422 435 445 432 420 360 300 312 325 120 90 102 115 127 212 255 339 467 552 205 217 230 242 255 285 315 345 1011 555 582 570 300 270 282 295 307 320 332 345 839 809 779 749 659 647 467 424
11 405 132 145 157 11 514 527 539 30 11 539 569 642 362 392 387 399 442 8 90 102 115 397 410 422 435 447 417 429 442 454 924 936 669 682 415 427 440 390 360 270 282 295 307 320 355 367 380 392 669 682 402 390 330 270 282 180 90 60 72 85 170 212 297 424 509 162 175 187 200 212 242 272 302 969 512 630 552 540 270 240 252 265 277 290 302 315 800 797 767 737 707 617 604 424
362 90 102 115 11 472 484 497 30 11 497 527 599 320 350 345 357 369 412 8 60 72 355 367 380 392 405 375 387 399 412 424 894 906 639 652 385 397 410 360 330 240 252 265 277 312 325 337 350 362 639 652 1281 360 300 240 210 150 60 30 42 127 170 255 382 467 120 132 145 157 170 200 230 260 926 470 482 600 522 510 240 210 222 235 247 260 272 285 770 837 754 724 694 664 574 562
90 60 72 11 429 442 454 30 11 454 484 557 277 307 302 315 327 369 382 8 30 312 325 337 350 362 332 345 357 369 382 852 864 876 609 622 355 367 380 330 300 210 222 235 247 282 295 307 320 332 609 622 1251 330 270 210 180 120 30 11 85 127 212 339 424 120 90 102 115 127 157 187 217 884 896 440 452 570 492 480 210 180 192 205 217 230 242 727 740 672 795 694 664 634 622 532
