tests/fixtures/watershed_abstraction/mdobre-womanly-ascot/dem/topaz/DISCHA.ARC
ncols   776
nrows   755
xllcorner  564333
yllcorner 5021478
cellsize   30.00
nodata_value    -1.0
[rows 350 to 399 of 755, columns 192 to 287 of 776]
-1 -1 -1 -1 -1 -1 -1 -1 -1 -1 -1 -1 -1 -1 -1 -1 -1 -1 -1 -1 -1 -1 -1 -1 -1 -1 -1 -1 -1 -1 -1 -1 -1 -1 -1 -1 -1 -1 -1 -1 -1 -1 -1 -1 -1 -1 -1 -1 -1 -1 -1 -1 -1 -1 -1 -1 -1 -1 -1 -1 -1 -1 -1 -1 -1 -1 -1 -1 -1 -1 -1 -1 -1 -1 -1 -1 -1 -1 -1 -1 -1 -1 -1 -1 -1 -1 -1 -1 -1 547 560 547 484 472 459 447
-1 -1 -1 -1 -1 -1 -1 -1 -1 -1 -1 -1 -1 -1 -1 -1 -1 -1 -1 -1 -1 -1 -1 -1 -1 -1 -1 -1 -1 -1 -1 -1 -1 -1 -1 -1 -1 -1 -1 -1 -1 -1 -1 -1 -1 -1 -1 -1 -1 -1 -1 -1 -1 -1 -1 -1 -1 -1 -1 -1 -1 -1 -1 -1 -1 -1 -1 -1 -1 -1 -1 -1 -1 -1 -1 -1 -1 -1 -1 -1 -1 -1 -1 -1 -1 -1 -1 572 560 547 505 517 505 442 429 417
-1 -1 -1 -1 -1 -1 -1 -1 -1 -1 -1 -1 -1 -1 -1 -1 -1 -1 -1 -1 -1 -1 -1 -1 -1 -1 -1 -1 -1 -1 -1 -1 -1 -1 -1 -1 -1 -1 -1 -1 -1 -1 -1 -1 -1 -1 -1 -1 -1 -1 -1 -1 -1 -1 -1 -1 -1 -1 -1 -1 -1 -1 -1 -1 -1 -1 -1 -1 -1 -1 -1 -1 -1 -1 -1 -1 -1 -1 -1 -1 -1 -1 -1 -1 -1 487 500 500 530 517 505 462 475 462 399 387
-1 -1 -1 -1 -1 -1 -1 -1 -1 -1 -1 -1 -1 -1 -1 -1 -1 -1 -1 -1 -1 -1 -1 -1 -1 -1 -1 -1 -1 -1 -1 -1 -1 -1 -1 -1 -1 -1 -1 -1 -1 -1 -1 -1 -1 -1 -1 -1 -1 -1 -1 -1 -1 -1 -1 -1 -1 -1 -1 -1 -1 -1 -1 -1 -1 -1 -1 -1 -1 -1 -1 -1 -1 -1 -1 -1 -1 -1 -1 -1 -1 -1 -1 462 450 457 445 457 457 487 475 462 420 432 369 357
-1 -1 -1 -1 -1 -1 -1 -1 -1 -1 -1 -1 -1 -1 -1 -1 -1 -1 -1 -1 -1 -1 -1 -1 -1 -1 -1 -1 -1 -1 -1 -1 -1 -1 -1 -1 -1 -1 -1 -1 -1 -1 -1 -1 -1 -1 -1 -1 -1 -1 -1 -1 -1 -1 -1 -1 -1 -1 -1 -1 -1 -1 -1 -1 -1 -1 -1 -1 -1 -1 -1 -1 -1 -1 -1 -1 -1 -1 -1 -1 -1 445 432 432 420 415 415 402 415 415 445 432 390 402 357 327
-1 -1 -1 -1 -1 -1 -1 -1 -1 -1 -1 -1 -1 -1 -1 -1 -1 -1 -1 -1 -1 -1 -1 -1 -1 -1 -1 -1 -1 -1 -1 -1 -1 -1 -1 -1 -1 -1 -1 -1 -1 -1 -1 -1 -1 -1 -1 -1 -1 -1 -1 -1 -1 -1 -1 -1 -1 -1 277 290 -1 -1 -1 -1 -1 -1 -1 -1 -1 -1 -1 -1 -1 -1 -1 -1 -1 -1 -1 440 427 415 402 402 390 385 372 372 360 372 372 402 360 372 327 315
-1 -1 -1 -1 -1 -1 -1 -1 -1 -1 -1 -1 -1 -1 -1 -1 -1 -1 -1 -1 -1 -1 -1 -1 -1 -1 -1 -1 -1 -1 -1 -1 -1 -1 -1 -1 -1 -1 -1 -1 -1 -1 -1 -1 -1 -1 -1 -1 -1 -1 -1 -1 -1 -1 -1 175 187 235 247 260 290 320 -1 -1 -1 -1 -1 -1 -1 -1 -1 -1 -1 -1 -1 -1 -1 435 422 410 397 385 372 372 360 342 342 330 330 342 342 372 330 342 345 285
-1 -1 -1 -1 -1 -1 -1 -1 -1 -1 -1 -1 -1 -1 -1 -1 -1 -1 -1 -1 -1 -1 -1 -1 -1 -1 -1 -1 -1 -1 -1 -1 -1 -1 -1 -1 -1 -1 -1 -1 -1 -1 -1 -1 -1 -1 -1 -1 -1 -1 -1 -1 -1 102 132 145 157 205 217 247 277 307 337 -1 -1 -1 -1 -1 -1 -1 -1 -1 -1 -1 420 420 420 405 392 380 367 355 342 342 330 312 300 300 300 312 312 342 300 312 312 302
-1 -1 -1 -1 -1 -1 -1 -1 -1 -1 -1 -1 -1 -1 -1 -1 -1 -1 -1 -1 -1 -1 -1 -1 -1 -1 -1 -1 -1 -1 -1 -1 -1 -1 -1 -1 -1 -1 -1 -1 -1 -1 -1 -1 -1 -1 -1 -1 -1 -1 -1 -1 60 72 102 115 145 175 205 235 265 295 325 380 -1 -1 -1 -1 -1 -1 -1 -1 432 420 390 390 390 375 362 350 337 325 312 312 300 282 270 270 270 282 282 312 270 282 282 272
-1 -1 -1 -1 -1 -1 -1 -1 -1 -1 -1 -1 -1 -1 -1 -1 -1 -1 -1 -1 -1 -1 -1 -1 -1 -1 -1 -1 -1 -1 -1 -1 -1 -1 -1 -1 -1 -1 -1 -1 -1 -1 -1 -1 -1 -1 -1 -1 -1 -1 132 60 30 42 72 102 132 162 217 247 277 307 337 367 397 427 -1 -1 -1 -1 445 415 402 390 360 360 360 345 332 320 307 295 282 282 270 252 240 240 240 252 252 282 240 252 252 210
-1 -1 -1 -1 -1 -1 -1 -1 -1 -1 -1 -1 -1 -1 -1 -1 -1 -1 -1 -1 -1 -1 -1 -1 -1 -1 -1 -1 -1 -1 -1 -1 -1 -1 -1 -1 -1 -1 -1 -1 -1 -1 -1 -1 -1 -1 -1 -1 -1 90 102 30 11 30 60 90 120 150 180 210 240 270 300 330 410 440 470 487 457 427 415 402 372 360 330 330 330 315 302 290 277 265 252 252 240 222 210 210 210 222 222 252 210 222 222 180
-1 -1 -1 -1 -1 -1 -1 -1 -1 -1 -1 -1 -1 -1 -1 -1 -1 -1 -1 -1 -1 -1 -1 -1 -1 -1 -1 -1 -1 -1 -1 -1 -1 -1 -1 -1 -1 -1 -1 -1 -1 -1 -1 582 667 655 625 612 342 60 72 11 127 410 422 435 602 482 495 507 495 537 560 535 535 512 470 457 427 415 385 372 342 330 300 300 300 300 272 260 247 235 222 222 210 192 180 180 180 192 192 222 180 192 192 150
-1 -1 -1 -1 -1 -1 -1 -1 -1 -1 -1 -1 -1 -1 -1 -1 -1 -1 -1 -1 -1 -1 -1 -1 -1 -1 -1 -1 -1 -1 -1 -1 -1 -1 -1 -1 -1 -1 -1 -1 590 620 565 552 637 625 595 582 312 30 11 85 367 380 392 560 440 452 465 452 495 507 530 505 505 482 440 427 397 385 355 342 312 300 270 270 270 270 282 230 217 205 192 192 180 162 150 150 150 162 162 192 150 162 162 120
-1 -1 -1 -1 -1 -1 -1 -1 -1 -1 -1 -1 -1 -1 -1 -1 -1 -1 -1 -1 -1 -1 -1 -1 -1 -1 -1 -1 -1 -1 -1 -1 -1 -1 -1 -1 -1 555 542 530 560 590 535 522 607 595 565 552 282 8 42 325 337 350 362 530 410 422 410 422 465 477 500 475 475 452 410 397 367 355 325 312 282 270 240 240 240 240 252 200 187 175 162 150 150 132 120 120 120 132 132 162 120 132 132 90
-1 -1 -1 -1 -1 -1 -1 -1 -1 -1 -1 -1 -1 -1 -1 -1 -1 -1 -1 -1 -1 -1 -1 -1 -1 -1 -1 -1 -1 -1 -1 -1 -1 -1 422 410 397 525 512 500 530 560 505 492 577 565 535 522 252 8 282 295 307 320 350 500 380 367 380 392 435 447 470 445 445 422 380 367 355 325 312 282 252 240 210 210 210 210 222 235 157 145 132 120 120 102 90 90 90 102 102 132 90 102 102 60
-1 -1 -1 -1 -1 -1 -1 -1 -1 -1 -1 367 380 392 422 452 -1 -1 -1 -1 -1 -1 -1 -1 -1 385 415 595 582 540 552 540 367 380 367 380 367 380 482 470 500 530 475 462 547 535 505 492 222 8 252 265 277 290 320 470 350 337 350 362 405 417 440 415 415 392 350 337 325 295 282 252 222 210 180 180 180 180 192 180 192 115 102 90 90 72 60 60 60 72 72 102 60 72 72 30
-1 -1 -1 -1 -1 -1 -1 -1 -1 -1 325 337 350 380 392 440 637 650 662 607 325 270 282 312 325 355 385 565 552 510 522 510 337 350 337 350 337 350 452 440 470 500 445 432 517 505 475 462 192 8 222 235 247 260 290 440 320 307 320 332 375 387 410 385 385 362 320 307 295 265 252 222 192 180 150 150 150 150 162 150 162 102 72 60 60 42 30 30 30 42 42 72 30 42 42 11
-1 -1 -1 -1 -1 -1 -1 -1 -1 282 295 307 337 350 397 595 607 620 565 282 252 240 252 282 295 325 355 535 522 480 492 480 307 320 307 320 307 320 422 410 440 470 415 402 487 475 445 432 162 8 192 205 217 230 260 410 290 277 290 302 345 357 380 355 355 332 290 277 265 235 222 192 162 150 120 120 120 120 132 120 132 72 60 30 30 42 11 8 8 8 8 8 8 8 8 30
-1 -1 -1 -1 -1 -1 -1 -1 205 252 265 295 307 355 552 565 577 577 535 252 222 210 222 252 265 295 325 505 492 450 462 450 277 290 277 265 277 290 350 380 410 440 385 372 457 445 415 402 132 8 162 175 187 200 230 380 260 247 260 272 315 327 350 325 325 302 260 247 235 205 192 162 132 120 90 90 90 90 102 90 102 60 30 11 8 8 30 30 30 30 30 30 30 30 30 60
-1 -1 -1 -1 -1 -1 132 162 175 222 252 265 295 325 522 535 547 547 505 222 192 180 192 222 235 265 295 475 462 420 432 420 247 260 247 235 247 260 320 350 380 410 355 342 427 415 385 372 102 8 132 145 157 187 337 192 230 217 230 242 285 297 320 295 295 272 230 217 205 175 162 132 102 90 60 60 60 60 60 60 72 30 11 30 30 30 60 60 72 72 60 60 60 60 60 90
-1 -1 -1 -1 -1 90 102 132 145 192 222 235 265 295 492 505 517 517 475 192 162 150 162 192 205 235 265 445 432 390 402 390 217 230 217 205 217 230 290 320 350 380 325 312 300 385 355 342 72 8 102 115 145 295 150 162 175 187 200 212 255 285 290 265 265 242 200 187 175 162 132 102 90 60 30 30 30 30 30 30 42 11 30 60 72 60 90 90 102 115 90 90 90 90 90 120
-1 -1 -1 -1 -1 60 72 102 115 162 192 205 235 265 462 475 487 487 445 162 132 120 132 162 175 205 235 415 402 360 372 360 187 200 187 175 187 200 260 290 320 350 295 282 270 282 342 312 42 8 72 102 252 132 120 132 145 157 170 212 242 247 222 222 222 187 200 157 145 132 102 90 60 30 11 8 8 8 8 8 8 30 42 72 102 132 120 132 132 145 120 120 120 120 120 150
-1 -1 -1 -1 422 30 42 72 102 132 162 192 222 252 432 445 457 457 415 132 102 90 102 132 145 175 205 385 372 330 342 330 150 145 157 145 157 200 230 260 290 320 265 252 240 252 222 282 270 8 42 210 235 102 90 102 115 127 170 200 205 180 180 180 192 145 145 157 115 102 72 60 30 11 30 60 42 42 30 30 30 42 72 85 132 145 175 162 175 175 150 150 150 150 150 180
-1 -1 -1 -1 392 11 30 60 90 120 150 180 210 265 402 415 427 427 385 102 72 60 72 102 115 145 175 355 342 300 312 300 120 90 102 115 127 170 200 230 260 290 235 222 210 180 192 252 240 8 42 180 205 192 60 72 85 127 162 162 162 150 150 150 162 145 102 102 115 72 60 30 11 8 8 8 30 60 85 60 60 72 85 115 127 175 187 217 205 217 180 180 180 180 180 210
-1 -1 -1 350 11 30 60 72 120 150 180 192 222 472 372 385 397 397 355 72 42 30 60 72 102 132 312 325 312 270 282 270 90 60 72 85 127 157 187 217 230 217 205 192 180 150 162 222 210 8 42 150 150 162 30 42 85 120 120 132 132 120 120 120 132 115 102 60 60 72 30 11 30 60 42 42 11 72 102 132 90 102 115 127 157 170 217 230 235 247 260 222 175 120 120 120
277 277 307 11 325 337 350 362 375 387 399 412 429 337 342 355 355 312 325 312 30 8 30 60 90 307 282 295 282 240 252 240 60 30 42 85 247 235 222 180 180 187 175 162 150 120 120 192 180 8 132 120 120 132 8 42 90 90 90 102 102 90 90 90 102 60 72 30 30 42 11 30 60 72 102 85 30 11 30 60 175 132 145 157 170 200 212 260 145 145 132 132 90 90 90 90
235 247 11 282 295 307 320 332 345 357 369 399 399 307 312 312 270 282 270 282 30 11 145 325 265 252 252 240 252 210 222 210 30 11 42 222 217 205 192 150 150 150 145 132 120 90 90 120 150 8 102 90 90 102 8 90 60 60 60 72 72 60 60 60 72 30 42 11 8 8 30 42 72 102 115 145 60 30 11 30 60 90 120 187 200 212 90 102 102 90 102 102 60 60 60 60
205 11 205 252 265 277 290 302 315 327 357 357 265 252 282 282 240 252 240 240 8 102 282 240 240 222 210 210 222 180 192 180 8 8 205 192 150 175 162 120 120 120 115 102 90 60 60 90 120 8 72 60 60 72 8 60 30 30 30 42 42 30 30 30 42 11 8 30 30 30 42 72 85 115 145 157 90 60 8 42 72 102 132 162 90 60 60 72 72 60 72 72 30 30 30 30
8 162 175 222 235 247 260 272 285 315 315 222 210 222 252 252 210 222 210 210 8 72 252 210 210 192 180 180 192 150 162 150 8 8 175 162 120 145 132 90 90 90 90 72 60 30 30 60 90 8 42 30 30 42 11 30 11 8 8 8 8 8 8 8 8 30 30 42 60 60 72 85 115 127 157 187 102 42 30 11 30 60 90 60 60 30 30 42 42 30 42 42 11 8 8 8
8 132 145 192 205 217 230 242 272 272 180 180 180 192 222 222 180 192 180 180 8 42 222 180 180 162 150 150 162 120 132 120 8 8 132 132 90 115 102 60 60 60 60 72 30 11 8 30 60 11 8 8 8 8 8 8 8 30 30 42 42 30 30 11 42 42 72 72 85 102 102 115 127 157 170 217 85 72 60 8 42 72 102 30 30 11 8 8 8 8 8 8 30 30 8 30
8 102 115 162 175 187 200 230 230 192 150 150 150 180 180 192 150 162 150 150 8 180 192 150 150 132 120 120 132 90 102 90 8 8 102 102 60 85 72 30 30 30 30 42 11 30 60 11 8 30 60 90 30 30 30 30 8 60 60 72 72 60 60 8 42 85 85 115 115 127 145 145 157 170 200 247 115 102 42 30 11 8 8 8 8 30 60 42 42 30 30 30 60 72 8 60
8 72 85 132 145 157 187 187 150 162 120 120 120 150 150 162 120 120 120 120 8 150 162 120 120 132 90 90 102 60 60 60 8 8 72 72 30 30 42 11 8 8 8 8 30 60 90 30 8 60 90 120 60 60 60 60 30 11 102 102 102 90 90 30 11 85 127 127 157 157 170 187 187 200 230 277 145 132 72 60 30 42 42 42 8 42 72 102 72 60 60 60 72 102 8 90
8 42 72 102 115 145 145 157 120 132 90 90 90 120 120 132 90 90 90 90 8 120 132 90 90 102 60 60 72 30 30 30 11 11 42 42 11 8 8 30 42 72 11 11 8 90 120 60 8 90 120 150 162 90 90 90 60 8 42 145 132 120 120 60 8 11 30 170 170 200 200 212 230 230 260 307 175 162 102 72 60 72 72 72 8 42 85 115 102 90 90 90 102 132 8 120
8 30 60 72 102 102 115 127 90 102 60 60 60 90 90 102 60 60 60 60 8 90 102 60 60 72 30 30 42 11 8 8 8 8 8 8 30 60 90 42 72 102 8 30 42 11 132 162 8 120 150 162 192 120 120 120 90 8 72 85 187 150 150 90 30 11 11 30 212 212 242 242 255 272 272 302 205 145 115 102 90 102 102 102 30 11 85 127 132 120 120 120 132 145 8 150
42 11 30 60 90 72 85 85 60 72 30 30 30 60 60 72 30 30 30 30 8 60 72 30 30 42 11 8 8 8 30 42 42 42 11 8 60 90 120 72 85 115 30 11 72 85 11 175 8 150 162 192 205 150 150 150 120 8 102 115 127 230 180 120 11 8 42 11 72 255 255 285 285 297 315 315 187 157 145 132 120 132 132 132 60 30 11 127 170 150 150 150 162 175 8 180
72 30 11 8 30 42 42 72 30 42 11 8 8 30 30 42 11 8 8 8 8 30 42 11 8 8 30 30 30 8 60 72 72 72 30 42 11 120 150 102 115 145 60 8 42 115 127 11 30 11 192 205 235 247 180 180 150 8 132 145 157 170 272 42 8 8 42 85 11 115 297 297 327 327 339 357 200 187 175 162 150 162 162 162 90 60 8 42 170 180 180 180 192 205 8 210
102 60 30 42 11 8 30 60 11 8 30 42 42 11 8 8 30 60 90 120 11 8 8 30 30 30 42 72 60 8 90 102 102 102 115 72 8 42 162 192 145 157 90 8 42 85 157 187 11 8 222 235 247 277 290 222 180 8 162 175 187 200 212 42 8 8 72 85 127 11 157 339 339 369 369 382 230 217 205 192 180 192 192 192 120 90 30 11 85 212 210 210 222 235 8 42
132 90 60 72 30 30 11 8 30 8 60 72 72 30 30 30 60 90 120 150 30 8 30 60 72 72 72 85 90 8 120 132 132 132 145 102 30 11 85 205 235 187 42 8 72 85 127 200 230 11 11 30 60 90 320 332 265 30 42 205 217 247 277 307 8 8 102 115 127 170 11 200 382 382 412 412 260 247 235 222 210 222 222 222 150 120 60 8 42 127 255 240 252 265 30 42
162 120 90 102 60 60 30 8 60 72 11 102 102 60 60 60 90 120 150 162 42 8 60 72 102 115 115 115 120 30 11 162 162 162 175 132 60 8 42 127 265 277 72 8 102 115 127 170 242 272 11 11 30 60 132 362 375 405 72 85 247 277 307 320 8 8 132 145 157 170 212 11 242 424 424 454 454 277 265 252 240 252 252 252 180 150 90 30 11 85 115 145 282 295 60 72
192 150 120 132 90 90 60 8 11 102 8 132 132 90 90 90 120 150 180 192 72 8 90 102 132 145 145 145 150 60 30 11 205 192 205 162 90 8 42 85 170 307 102 8 132 145 157 170 212 302 8 42 11 30 60 392 405 417 102 115 277 307 337 350 8 8 42 175 187 200 212 255 11 285 467 467 497 497 115 282 270 282 282 282 210 222 120 60 72 11 127 157 187 325 90 102
222 180 150 162 120 120 42 8 8 42 8 162 162 120 132 132 150 180 192 222 102 8 120 132 162 175 175 187 187 90 60 8 42 222 235 192 120 8 72 85 127 337 132 30 11 175 187 217 212 255 345 11 30 60 90 422 435 447 132 145 307 337 367 380 8 8 42 85 217 230 242 255 297 11 327 509 42 72 102 132 162 312 325 325 325 252 150 90 102 30 11 170 200 355 120 132
252 210 180 192 150 150 42 8 8 42 8 42 162 150 162 162 180 210 222 252 132 8 150 162 192 205 217 217 230 230 90 30 11 85 265 222 150 8 42 115 127 170 200 175 8 205 217 247 260 255 297 8 60 90 120 132 465 477 162 175 337 350 397 410 8 30 11 85 127 260 272 285 297 339 11 8 30 60 90 120 175 205 355 367 367 367 295 120 132 60 30 11 30 385 150 162
282 240 210 222 180 180 11 42 30 72 8 42 192 180 192 192 210 240 252 282 162 30 11 192 222 235 247 260 260 290 120 60 8 42 127 252 180 30 11 145 157 200 212 242 8 235 247 277 290 285 327 8 42 120 150 162 175 507 192 205 367 380 392 440 30 11 72 11 127 170 302 315 327 339 369 399 42 90 102 132 162 217 247 397 410 410 410 150 162 72 42 8 42 72 427 192
312 270 240 252 210 11 85 72 60 102 30 11 222 210 222 222 235 252 282 295 192 60 30 11 235 265 277 290 290 320 350 90 30 11 85 282 210 60 8 175 187 230 242 272 8 265 277 307 320 315 357 30 11 85 180 192 205 537 222 235 247 410 422 470 60 8 42 115 11 170 212 345 357 369 399 412 72 85 132 145 175 205 260 290 440 452 452 180 192 85 42 8 42 85 115 470
342 300 270 282 42 8 115 102 90 132 60 8 252 240 252 252 265 277 312 325 337 72 42 30 11 8 8 8 30 60 90 120 60 30 11 312 240 90 8 205 217 260 272 302 8 295 307 320 350 345 387 399 30 42 127 222 235 247 579 265 277 290 452 465 90 8 42 85 8 42 212 255 387 399 412 442 454 115 162 175 187 217 247 302 332 482 482 210 222 85 72 8 42 85 145 500
372 312 325 85 42 8 145 132 120 162 90 30 11 270 282 282 295 307 342 355 367 85 72 42 8 42 72 8 60 72 102 132 162 60 30 42 270 120 8 235 247 290 302 332 30 42 337 350 380 375 417 429 60 72 85 252 265 277 290 622 307 320 332 495 507 8 42 85 30 11 85 255 297 429 442 454 484 145 157 205 217 230 260 290 345 375 512 240 127 115 102 8 42 85 175 530
355 367 127 85 11 30 175 162 150 192 120 60 72 11 30 312 325 337 372 385 72 42 30 11 30 72 85 8 90 102 115 145 175 90 60 72 85 312 8 265 277 320 332 362 60 72 85 380 410 405 417 459 472 102 115 127 295 307 320 332 664 350 362 375 537 549 11 85 127 8 42 127 297 339 472 484 497 527 187 200 247 260 272 302 332 405 542 270 157 145 132 8 30 85 127 217
410 170 127 11 72 60 205 192 180 222 150 90 102 8 11 30 60 90 145 60 30 8 11 30 60 102 115 8 42 132 145 157 187 120 90 102 115 127 8 295 307 320 362 392 90 102 115 127 422 452 447 459 502 514 145 157 170 337 350 362 375 707 392 405 417 579 30 11 127 30 11 85 170 339 382 514 527 539 569 230 242 290 302 315 345 375 572 300 187 175 42 8 30 72 127 170
200 170 11 30 102 90 235 222 265 252 180 120 132 8 30 11 72 102 132 30 11 42 30 60 90 102 145 8 42 85 175 187 200 230 120 132 145 157 170 11 337 350 362 422 120 132 145 157 170 465 495 489 502 544 175 187 200 212 380 392 405 417 749 435 447 459 60 30 42 170 8 42 127 212 382 424 557 587 617 612 642 285 332 345 187 217 247 230 217 85 42 8 42 72 72 102
30 11 30 145 132 120 265 252 295 222 210 150 162 8 60 8 102 115 145 42 30 72 60 90 102 132 145 30 11 85 205 217 230 242 272 162 175 187 200 212 11 380 392 405 465 162 175 187 200 212 507 537 532 544 587 217 230 242 255 422 435 447 459 792 477 489 502 60 72 85 212 11 85 170 255 285 315 345 85 115 85 85 115 145 175 205 235 265 295 85 42 30 11 30 60 42
