tests/fixtures/watershed_abstraction/mdobre-womanly-ascot/dem/topaz/DISOUT.ARC
ncols   776
nrows   755
xllcorner  564333
yllcorner 5021478
cellsize   30.00
nodata_value    -1.0
[rows 400 to 439 of 755, columns 445 to 533 of 776]
9687 9674 9662 9674 9662 9649 9637 9649 9662 9674 9704 9734 9764 9819 9849 9879 9909 9939 9994 10024 10054 10084 10139 10169 10199 10229 10284 10314 10344 10398 10428 10458 10488 10543 12390 12555 12542 12512 12500 12488 12475 12463 12525 12512 12500 12488 12475 12463 12450 12438 12425 12413 12425 12413 12401 12575 12722 12710 12698 12685 12807 12820 12807 12795 12782 12770 12807 12855 12842 12855 12842 12830 12842 12830 12818 12897 12885 12872 12927 12897 12885 12872 12860 12872 12885 12915 12927 12940 12970
9717 9704 9717 9704 9692 9679 9667 9679 9692 9704 9717 9747 9777 9807 9837 9867 9897 9951 9981 10011 10041 10096 10126 10156 10186 10241 10271 10301 10356 10386 10416 10446 10501 10531 10561 12585 12555 12542 12530 12518 12505 12567 12555 12542 12530 12518 12505 12493 12480 12468 12455 12443 12455 12443 12618 12765 12752 12740 12728 12850 12862 12850 12837 12825 12812 12850 12897 12885 12897 12885 12872 12885 12872 12860 12940 12927 12915 12970 12940 12927 12915 12902 12915 12927 12915 12927 12957 12987 12982
9747 9734 9747 9734 9722 9709 9697 9709 9722 9734 9747 9759 9789 9819 9849 9879 9909 9939 9969 9999 10054 10084 10114 10144 10199 10229 10259 10314 10344 10374 10404 10458 10488 10518 10548 10578 10608 12572 12560 12548 12610 12597 12585 12572 12560 12548 12535 12523 12510 12498 12485 12473 12485 12660 12807 12795 12782 12770 12892 12905 12892 12880 12867 12855 12892 12940 12927 12940 12927 12915 12927 12915 12902 12982 12970 12957 13012 12982 12970 12957 12945 12957 12970 12957 12945 12957 12970 13000 13030
9777 9764 9777 9764 9752 9739 9727 9739 9752 9764 9777 9789 9819 9831 9861 9891 9921 9951 9981 10011 10041 10071 10101 10156 10186 10216 10271 10301 10331 10361 10416 10446 10476 10506 10536 10566 10621 10651 12590 12652 12640 12627 12615 12602 12590 12578 12565 12553 12540 12528 12515 12528 12703 12850 12837 12825 12812 12935 12947 12935 12922 12910 12897 12935 12982 12970 12982 12970 12957 12970 12957 12945 13025 13012 13000 13055 13025 13012 13000 12987 13000 13012 13000 12987 13000 13012 13000 13030 13042
9807 9794 9807 9794 9782 9769 9757 9769 9782 9794 9807 9819 9849 9861 9891 9921 9951 9964 10011 10024 10054 10084 10114 10144 10174 10229 10259 10289 10319 10374 10404 10434 10464 10494 10524 10578 10608 10663 10693 12682 12670 12657 12645 12632 12620 12608 12595 12583 12570 12558 12545 12558 12733 12880 12867 12855 12842 12989 12977 12965 12952 12940 12977 13025 13012 13025 13012 13000 13012 13000 12987 13067 13055 13042 13097 13067 13055 13042 13030 13042 13055 13042 13030 13042 13055 13042 13030 13085 13072
9837 9824 9837 9824 9812 9799 9787 9799 9812 9824 9837 9849 9879 9891 9921 9951 9981 9994 10006 10054 10084 10096 10126 10156 10186 10216 10246 10276 10331 10361 10391 10421 10451 10481 10536 10566 10621 10651 10681 10736 12700 12687 12675 12662 12650 12638 12625 12613 12600 12588 12575 12588 12763 12910 12897 12885 12872 13019 13007 12995 12982 13019 13067 13055 13067 13055 13042 13055 13042 13030 13109 13097 13085 13139 13109 13097 13085 13072 13060 13097 13085 13072 13085 13097 13085 13072 13127 13115 13102
9867 9854 9867 9854 9842 9829 9817 9829 9842 9854 9867 9879 9909 9921 9951 9981 10011 10024 10036 10084 10114 10126 10156 10169 10199 10229 10259 10289 10319 10349 10379 10409 10439 10494 10524 10578 10608 10638 10693 10723 10778 12717 12705 12692 12680 12668 12655 12643 12630 12618 12605 12618 12793 12940 12927 12915 12902 13049 13037 13025 13062 13109 13097 13109 13097 13085 13097 13085 13072 13152 13139 13127 13182 13152 13139 13127 13115 13102 13139 13127 13115 13127 13139 13127 13115 13169 13157 13145 13132
9897 9884 9897 9884 9872 9859 9847 9859 9872 9884 9897 9909 9939 9951 9981 10011 10041 10054 10066 10114 10144 10156 10186 10199 10229 10241 10271 10301 10331 10361 10391 10421 10451 10481 10536 10566 10596 10651 10681 10736 10766 10796 10851 12722 12710 12698 12685 12673 12660 12648 12635 12835 12982 12970 12957 12945 13092 13079 13067 13055 13092 13139 13152 13139 13127 13139 13127 13115 13194 13182 13169 13224 13194 13182 13169 13157 13145 13182 13169 13157 13169 13182 13169 13157 13212 13199 13187 13175 13187
9927 9914 9927 9914 9902 9889 9877 9889 9902 9914 9927 9939 9969 9981 10011 10041 10071 10084 10096 10144 10174 10186 10216 10229 10259 10271 10284 10314 10344 10374 10404 10434 10464 10494 10524 10554 10608 10638 10693 10723 10753 10808 10838 10893 12740 12728 12715 12703 12690 12678 12665 13025 13012 13000 12987 12975 13122 13109 13097 13085 13122 13169 13182 13169 13182 13169 13157 13237 13224 13212 13267 13237 13224 13212 13199 13187 13224 13212 13199 13212 13224 13212 13199 13254 13242 13229 13217 13229 13217
9957 9944 9957 9944 9932 9919 9907 9919 9932 9944 9957 9969 9999 10011 10041 10071 10101 10114 10126 10174 10204 10216 10246 10259 10289 10301 10314 10326 10356 10386 10416 10464 10476 10506 10536 10566 10596 10651 10681 10711 10766 10796 10851 10881 10911 10941 12745 12733 12720 12708 12695 13055 13042 13030 13017 13005 13152 13139 13127 13115 13152 13199 13212 13224 13212 13199 13279 13267 13254 13309 13279 13267 13254 13242 13229 13267 13254 13242 13254 13267 13254 13242 13297 13284 13272 13259 13272 13259 13272
9987 9974 9987 9974 9962 9949 9937 9949 9962 9974 9987 9999 10029 10041 10071 10101 10131 10144 10156 10204 10234 10246 10276 10289 10319 10331 10344 10356 10368 10398 10428 10494 10506 10536 10548 10578 10608 10638 10668 10723 10753 10808 10838 10868 10898 10928 10958 11013 11043 12738 12725 13085 13072 13060 13047 13194 13182 13169 13157 13145 13182 13229 13242 13254 13242 13322 13309 13297 13352 13322 13309 13297 13284 13272 13309 13297 13284 13297 13309 13297 13284 13339 13327 13314 13302 13314 13302 13314 13302
10017 10004 10017 10004 9992 9979 9967 9979 9992 10004 10017 10029 10059 10071 10101 10131 10161 10174 10246 10276 10264 10276 10306 10319 10349 10361 10374 10386 10398 10411 10441 10524 10536 10566 10578 10591 10621 10651 10681 10711 10766 10796 10826 10856 10886 10916 10971 11001 11031 11061 11115 13115 13102 13090 13237 13224 13212 13199 13187 13175 13212 13259 13272 13284 13364 13352 13339 13394 13364 13352 13339 13327 13314 13352 13339 13327 13339 13352 13339 13327 13382 13369 13357 13344 13357 13387 13357 13344 13332
10047 10034 10047 10034 10022 10009 9997 10009 10022 10034 10047 10059 10089 10101 10131 10161 10191 10204 10276 10306 10319 10306 10336 10349 10379 10391 10404 10416 10428 10441 10471 10554 10566 10596 10608 10621 10633 10663 10693 10723 10753 10783 10813 10843 10873 10928 10958 10988 11018 11073 11103 11133 13132 13279 13267 13254 13242 13229 13217 13254 13302 13314 13302 13314 13394 13382 13436 13406 13394 13382 13369 13357 13394 13382 13369 13382 13394 13382 13369 13424 13412 13399 13387 13399 13429 13399 13387 13374 13362
10077 10064 10077 10064 10052 10039 10027 10039 10052 10064 10077 10089 10119 10131 10161 10191 10221 10234 10306 10336 10349 10336 10366 10379 10409 10421 10434 10446 10458 10471 10501 10584 10596 10626 10638 10651 10663 10676 10706 10736 10766 10796 10826 10856 10886 10916 10946 10976 11031 11061 11091 11121 11151 11205 13297 13284 13272 13259 13247 13284 13357 13344 13332 13344 13424 13479 13449 13436 13424 13412 13399 13436 13424 13412 13424 13436 13424 13412 13466 13454 13442 13429 13442 13472 13442 13429 13417 13404 13459
10107 10094 10107 10094 10082 10069 10057 10069 10082 10094 10107 10119 10149 10161 10191 10221 10251 10264 10336 10366 10379 10366 10396 10409 10439 10451 10464 10476 10488 10501 10531 10614 10626 10656 10668 10681 10693 10706 10736 10748 10778 10808 10838 10886 10898 10928 10958 10988 11018 11048 11078 11108 11163 11193 11223 11253 13302 13289 13327 13399 13387 13374 13362 13374 13521 13526 13496 13466 13454 13442 13514 13484 13454 13466 13479 13466 13454 13509 13496 13484 13472 13484 13514 13484 13472 13562 13532 13502 13489
10137 10124 10137 10124 10112 10099 10087 10099 10112 10124 10137 10149 10179 10191 10221 10251 10281 10294 10366 10396 10409 10396 10426 10439 10469 10481 10494 10506 10518 10531 10561 10644 10656 10686 10698 10711 10723 10736 10766 10778 10791 10838 10868 10916 10928 10958 10971 11001 11031 11061 11091 11121 11151 11181 11211 11241 11271 11325 13442 13429 13417 13404 13629 13599 13569 13574 13544 13514 13484 13556 13569 13539 13509 13521 13509 13496 13551 13539 13526 13514 13526 13556 13526 13514 13604 13574 13544 13532 13519
9979 9992 10022 10052 10064 10077 10124 10137 10167 10197 10227 10257 10287 10317 10347 10359 10407 10419 10431 10461 10491 10426 10456 10469 10499 10511 10524 10536 10548 10561 10591 10674 10686 10716 10728 10741 10753 10766 10796 10808 10821 10868 10898 10946 10958 10988 11001 11031 11043 11073 11103 11133 11163 11193 11223 11253 11283 11313 11435 13756 13447 13671 13676 13646 13616 13586 13701 13671 13641 13611 13581 13551 13564 13551 13539 13594 13581 13569 13556 13569 13599 13569 13556 13664 13634 13604 13574 13562 13652
9949 9962 9992 10022 10034 10047 10094 10107 10137 10167 10197 10227 10257 10287 10317 10329 10377 10389 10419 10449 10479 10509 10521 10534 10564 10594 10578 10566 10578 10591 10621 10704 10716 10746 10758 10771 10783 10796 10826 10838 10851 10898 10928 10976 10988 11018 11031 11061 11073 11085 11115 11145 11175 11205 11235 11265 11295 11350 11405 13744 13714 13719 13689 13659 13629 13744 13756 13726 13696 13666 13636 13606 13594 13581 13636 13624 13611 13599 13611 13641 13611 13599 13706 13676 13646 13616 13604 13694 13664
9919 9932 9962 9992 10004 10017 10064 10077 10107 10137 10167 10197 10227 10257 10287 10299 10347 10359 10389 10419 10449 10479 10491 10521 10551 10581 10611 10641 10671 10621 10651 10734 10746 10776 10788 10801 10813 10826 10856 10868 10881 10928 10958 11006 11018 11048 11061 11091 11103 11115 11145 11175 11188 11218 11248 11278 11308 11363 11393 13791 13761 13876 13846 13816 13786 13799 13769 13739 13709 13679 13649 13636 13624 13679 13666 13654 13641 13654 13684 13654 13641 13749 13719 13689 13659 13646 13736 13706 13676
9889 9902 9932 9962 9974 9987 10034 10047 10077 10107 10137 10167 10197 10227 10257 10269 10317 10329 10359 10389 10419 10449 10479 10509 10539 10569 10599 10629 10659 10689 10719 10749 10779 10834 10864 10894 10924 10954 10984 10898 10911 10958 10988 11036 11048 11078 11091 11121 11133 11145 11175 11205 11218 11248 11260 11290 11320 11350 11380 13804 13919 13931 13901 13871 13841 13811 13781 13751 13721 13691 13679 13666 13721 13709 13696 13684 13696 13726 13696 13684 13791 13761 13731 13701 13689 13779 13749 13719 13689
9859 9872 9902 9932 9944 9957 10004 10017 10047 10077 10107 10137 10167 10197 10227 10257 10287 10317 10347 10377 10407 10437 10467 10497 10527 10581 10611 10641 10671 10701 10731 10761 10791 10821 10851 10881 10911 10941 10971 11001 11031 11061 11091 11121 11121 11108 11121 11151 11163 11175 11205 11235 11248 11278 11290 11320 11350 11363 11393 11423 -1 13943 13913 13883 13853 13823 13793 13763 13733 13721 13709 13763 13751 13739 13726 13739 13769 13739 13726 13834 13804 13774 13744 13731 13821 13791 13761 13731 13719
9829 9842 9872 9902 9914 9944 9974 10004 10034 10064 10094 10124 10154 10184 10257 10269 10299 10347 10359 10389 10419 10449 10479 10509 10539 10569 10624 10654 10684 10731 10761 10791 10821 10851 10864 10894 10924 10954 10984 11014 11044 11074 11104 11134 11164 11194 11151 11181 11193 11205 11235 11265 11278 11308 11320 11350 11380 11393 -1 -1 -1 -1 13926 13896 13866 13836 13806 13776 13763 13751 13806 13793 13781 13769 13781 13811 13781 13769 13876 13846 13816 13786 13774 13864 13834 13804 13774 13761 13749
9799 9812 9842 9872 9902 9932 9962 9992 10047 10077 10107 10154 10184 10197 10287 10299 10329 10341 10389 10401 10431 10461 10491 10521 10551 10581 10636 10726 10756 10786 10799 10811 10841 10881 10894 10924 10954 10984 10996 11044 11074 11104 11134 11164 11176 11224 11236 11211 11223 11235 11248 11278 11308 11363 11393 -1 -1 -1 -1 -1 -1 -1 -1 13908 13878 13848 13818 14360 13913 13883 13853 13823 13811 13823 13853 13823 13811 13919 13889 13859 13829 13816 13906 13876 13846 13816 13804 13791 13779
9769 9799 9829 9859 9914 9944 9974 10004 10034 10089 10137 10184 10197 10227 10239 10329 10359 10371 10384 10431 10444 10474 10504 10534 10564 10594 10649 10696 10726 10756 10769 10799 10829 10859 10889 10944 10966 11014 11026 11039 11086 11116 11164 11194 11206 11254 11266 11241 11253 11265 11278 11308 11338 11393 -1 -1 -1 -1 -1 -1 -1 -1 -1 -1 -1 14408 14378 14348 14318 13956 13926 13896 13866 13896 13866 13853 13961 13931 13901 13871 13859 13949 13919 13889 13859 13846 13834 13821 13809
9799 9829 9859 9889 9944 9957 9987 10034 10064 10119 10167 10214 10227 10239 10269 10359 10389 10401 10414 10461 10474 10486 10516 10546 10576 10606 10636 10666 10696 10726 10756 10786 10816 10846 10901 10931 10986 11041 11071 11069 11081 11111 11159 11206 11301 11331 11296 11271 11283 11295 11308 11338 11368 11423 -1 -1 -1 -1 -1 -1 -1 -1 -1 -1 -1 -1 14366 14336 14306 14276 14246 14216 14186 13926 13896 14003 13973 13943 13913 13901 13991 13961 13931 13901 13889 13876 13864 13851 13839
9829 9859 9889 9919 9974 9987 10017 10064 10094 10149 10197 10244 10257 10269 10299 10389 10419 10431 10444 10491 10504 10516 10529 10559 10589 10619 10649 10679 10726 10756 10769 10799 10829 10859 10889 10944 10998 11028 11058 11088 11203 11233 11246 11258 11288 11318 11348 11378 11408 11325 11338 11368 11380 -1 -1 -1 -1 -1 -1 -1 -1 -1 -1 -1 -1 -1 -1 14323 14293 14263 14233 14203 14173 14143 14071 14016 13986 13956 13943 14033 14003 13973 13943 13931 13919 13906 13894 13881 13869
9859 9889 9919 9949 10004 10017 10047 10094 10124 10179 10227 10274 10287 10299 10311 10419 10449 10461 10474 10486 10559 10546 10559 10589 10619 10649 10679 10709 10721 10786 10799 10811 10841 10871 10901 10956 10986 11016 11046 11161 11173 11203 11216 11246 11276 11306 11336 11366 11396 11560 11590 11620 11675 -1 -1 -1 -1 -1 -1 -1 -1 -1 -1 -1 -1 -1 -1 14311 14281 14251 14221 14191 14161 14131 14101 14028 13998 13986 14076 14046 14016 13986 13973 13961 13949 13936 13924 13911 13899
9889 9962 9992 9979 10034 10047 10077 10089 10221 10269 10257 10304 10317 10329 10341 10449 10461 10491 10504 10516 10589 10576 10589 10619 10649 10679 10709 10739 10751 10816 10829 10841 10854 10884 10914 10944 10974 11004 11118 11131 11143 11173 11203 11233 11263 11293 11323 11353 11518 11548 11578 11633 11663 -1 -1 -1 -1 -1 -1 -1 -1 -1 -1 -1 -1 -1 -1 -1 14268 14238 14208 14178 14148 14118 14088 14058 14028 14118 14088 14058 14028 14016 14003 13991 13979 13966 13954 13941 13929
9842 9992 10022 10009 10064 10077 10089 10119 10311 10299 10287 10334 10347 10359 10371 10384 10491 10504 10534 10546 10576 10606 10619 10649 10679 10709 10739 10769 10859 10871 10859 10871 10884 10896 10926 10956 10986 11016 11088 11101 11131 11161 11191 11221 11251 11281 11311 11475 11505 11535 11590 11620 11650 -1 -1 -1 -1 -1 -1 -1 -1 -1 -1 -1 -1 -1 -1 -1 -1 14251 14221 14191 14161 14131 14101 14071 14161 14131 14101 14071 14058 14046 14033 14021 14009 13996 13984 13971 13959
9837 9884 10052 10039 10094 10107 10119 10131 10341 10329 10317 10364 10377 10389 10401 10414 10426 10534 10546 10576 10589 10619 10649 10679 10709 10739 10751 10901 10914 10901 10889 10901 10914 10926 10956 10968 10998 11028 11058 11088 11118 11148 11178 11208 11238 11378 11433 11463 11493 11548 11578 11608 11638 -1 -1 -1 -1 -1 -1 -1 -1 -1 -1 -1 -1 -1 -1 -1 -1 -1 14233 14203 14173 14143 14113 -1 -1 -1 -1 -1 14088 14076 14063 14051 14039 14026 14014 14001 13989
9849 9879 9927 10094 10124 10137 10149 10384 10371 10359 10347 10394 10407 10419 10431 10444 10456 10486 10516 10606 10619 10631 10661 10691 10781 10769 10986 10956 10944 10931 10944 10931 10944 10956 10986 11016 11028 11058 11088 11118 11148 11178 11208 11238 11336 11391 11421 11451 11505 11535 11565 11595 11625 -1 -1 -1 -1 -1 -1 -1 -1 -1 -1 -1 -1 -1 -1 -1 -1 -1 -1 -1 -1 -1 -1 -1 -1 -1 -1 -1 -1 -1 14093 14081 14069 14056 14044 14031 14019
9879 9909 9921 9969 10137 10167 10179 10414 10401 10389 10377 10424 10437 10449 10461 10474 10486 10516 10546 10559 10649 10661 10674 10721 10811 11028 10998 10986 10974 10986 10974 10961 10974 10986 10998 11028 11161 11131 11118 11148 11178 11208 11263 11293 11348 11378 11408 11463 11493 11523 -1 -1 -1 -1 -1 -1 -1 -1 -1 -1 -1 -1 -1 -1 -1 -1 -1 -1 -1 -1 -1 -1 -1 -1 -1 -1 -1 -1 -1 -1 -1 -1 -1 -1 14099 14086 14074 14061 14049
9891 9921 9951 9964 9994 10024 10054 10221 10431 10419 10407 10454 10467 10546 10516 10504 10516 10546 10576 10631 10661 10691 10704 10751 10841 11041 11028 11016 11004 11016 11004 10991 11004 11016 11028 11041 11173 11161 11148 11161 11191 11221 11251 11306 11336 11366 11421 11451 11481 -1 -1 -1 -1 -1 -1 -1 -1 -1 -1 -1 -1 -1 -1 -1 -1 -1 -1 -1 -1 -1 -1 -1 -1 -1 -1 -1 -1 -1 -1 -1 -1 -1 -1 -1 -1 -1 14104 14091 14079
9819 9849 9921 9934 9964 9994 10024 10054 10461 10449 10437 10484 10606 10576 10546 10534 10546 10559 10589 10619 10649 10679 10709 10781 10794 11071 11058 11046 11034 11046 11034 11021 11034 11046 11058 11071 11203 11191 11178 11191 11203 11233 11263 11293 11323 11378 11408 11438 -1 -1 -1 -1 -1 -1 -1 -1 -1 -1 -1 -1 -1 -1 -1 -1 -1 -1 -1 -1 -1 -1 -1 -1 -1 -1 -1 -1 -1 -1 -1 -1 -1 -1 -1 -1 -1 -1 -1 14121 14109
9831 9861 9891 9921 9951 9981 10011 10041 10096 10479 10527 10514 10636 10606 10576 10564 10576 10589 10619 10649 10679 10709 10764 10818 10848 10836 11088 11076 11088 11076 11064 11051 11064 11076 11088 11101 11113 11143 11233 11221 11233 11246 11276 11306 11336 11366 11396 -1 -1 -1 -1 -1 -1 -1 -1 -1 -1 -1 -1 -1 -1 -1 -1 -1 -1 -1 -1 -1 -1 -1 -1 -1 -1 -1 -1 -1 -1 -1 -1 -1 -1 -1 -1 -1 -1 -1 -1 -1 -1
9861 9891 9904 9934 9964 9994 10024 10054 10084 10509 10557 10679 10649 10619 10606 10594 10606 10619 10631 10661 10691 10721 10776 10806 10836 10891 10921 11131 11118 11106 11094 11081 11094 11191 11161 11131 11143 11173 11263 11251 11263 11276 11306 11318 11348 11378 -1 -1 -1 -1 -1 -1 -1 -1 -1 -1 -1 -1 -1 -1 -1 -1 -1 -1 -1 -1 -1 -1 -1 -1 -1 -1 -1 -1 -1 -1 -1 -1 -1 -1 -1 -1 -1 -1 -1 -1 -1 -1 -1
9891 9921 9934 9964 9976 10006 10036 10066 10096 10539 10721 10709 10679 10649 10636 10624 10636 10649 10661 10674 10704 10734 10764 10794 10848 10878 10908 11161 11148 11136 11124 11136 11233 11203 11233 11203 11173 11203 11233 11323 11293 11306 11318 11348 -1 -1 -1 -1 -1 -1 -1 -1 -1 -1 -1 -1 -1 -1 -1 -1 -1 -1 -1 -1 -1 -1 -1 -1 -1 -1 -1 -1 -1 -1 -1 -1 -1 -1 -1 -1 -1 -1 -1 -1 -1 -1 -1 -1 -1
9921 9951 9964 9994 10006 10036 10049 10079 10109 10569 10751 10739 10709 10679 10666 10654 10666 10679 10691 10704 10716 10746 10776 10806 10836 10866 10896 10926 11178 11166 11154 11166 11246 11276 11246 11216 11203 11216 11246 11336 11323 11336 11348 -1 -1 -1 -1 -1 -1 -1 -1 -1 -1 -1 -1 -1 -1 -1 -1 -1 -1 -1 -1 -1 -1 -1 -1 -1 -1 -1 -1 -1 -1 -1 -1 -1 -1 -1 -1 -1 -1 -1 -1 -1 -1 -1 -1 -1 -1
-1 -1 9994 10024 10036 10066 10079 10091 10121 10599 10781 10769 10739 10709 10721 10751 10696 10709 10721 10734 10746 10758 10788 10818 10848 10878 10908 10938 10968 11196 11184 11288 11318 11288 11258 11246 11233 11246 11258 11288 11353 11366 -1 -1 -1 -1 -1 -1 -1 -1 -1 -1 -1 -1 -1 -1 -1 -1 -1 -1 -1 -1 -1 -1 -1 -1 -1 -1 -1 -1 -1 -1 -1 -1 -1 -1 -1 -1 -1 -1 -1 -1 -1 -1 -1 -1 -1 -1 -1
-1 -1 -1 10079 10066 10096 10109 10121 10134 10629 10811 10781 10751 10739 10751 10764 10794 10739 10751 10788 10776 10788 10818 10848 10861 10891 10921 10951 10981 11226 11214 11226 11331 11301 11288 11276 11306 11276 11288 11318 11383 -1 -1 -1 -1 -1 -1 -1 -1 -1 -1 -1 -1 -1 -1 -1 -1 -1 -1 -1 -1 -1 -1 -1 -1 -1 -1 -1 -1 -1 -1 -1 -1 -1 -1 -1 -1 -1 -1 -1 -1 -1 -1 -1 -1 -1 -1 -1 -1
