tests/fixtures/watershed_abstraction/mdobre-womanly-ascot/dem/topaz/DISOUT.ARC
ncols   776
nrows   755
xllcorner  564333
yllcorner 5021478
cellsize   30.00
nodata_value    -1.0
[rows 320 to 359 of 755, columns 356 to 444 of 776]
6573 6586 6598 6611 6641 6671 6941 6971 6958 6946 6958 7013 7026 7268 7418 7388 7358 7328 7298 7268 7255 7243 7273 7285 7298 7310 7410 7440 7453 7525 7555 7568 7555 7568 7580 7593 7623 7653 7683 7713 7743 8080 8067 8055 8067 8080 8092 8122 8135 8217 8230 8242 8255 8267 8280 8310 8340 8412 8594 8712 8760 8772 8802 8832 9014 9002 8989 9002 9032 9062 9074 9157 9169 9259 9272 9284 9392 9457 9469 9482 9494 9507 9572 9729 9717 9729 9741 9771 9784
6543 6556 6568 6581 6611 6641 6911 6941 6928 6916 6971 6983 6996 7255 7225 7238 7250 7315 7285 7255 7225 7213 7243 7255 7268 7350 7380 7410 7423 7453 7483 7513 7525 7538 7550 7580 7610 7640 7670 7700 7730 8050 8037 8025 8037 8050 8062 8092 8105 8187 8200 8212 8225 8237 8267 8297 8370 8552 8652 8682 8730 8742 8772 8802 8959 8972 8959 8972 9002 9032 9044 9127 9139 9229 9242 9254 9362 9427 9439 9452 9464 9529 9687 9699 9687 9699 9711 9741 9831
6513 6526 6538 6551 6581 6611 6881 6911 6898 6886 6941 6953 6966 7243 7213 7183 7195 7208 7195 7183 7195 7183 7213 7225 7238 7320 7350 7380 7393 7423 7453 7483 7495 7508 7555 7568 7598 7653 7683 7713 8032 8020 8007 7995 8007 8020 8032 8062 8075 8157 8170 8182 8195 8225 8255 8327 8509 8574 8622 8652 8700 8712 8742 8772 8929 8917 8929 8942 8972 9002 9014 9097 9109 9199 9212 9224 9332 9397 9409 9422 9512 9499 9657 9669 9657 9669 9681 9711 9801
6483 6496 6508 6538 6646 6658 6808 6838 6868 6856 6911 6923 6936 7230 7200 7170 7140 7153 7165 7153 7140 7153 7183 7195 7243 7290 7320 7350 7363 7393 7423 7453 7465 7513 7525 7555 7610 7640 7695 7725 8002 7990 7977 7965 7977 7990 8002 8032 8097 8127 8140 8152 8182 8212 8285 8467 8532 8580 8592 8622 8670 8682 8712 8742 8899 8887 8899 8912 8942 8972 8984 9067 9079 9169 9182 9194 9302 9367 9379 9409 9482 9469 9627 9639 9627 9639 9651 9681 9771
6453 6466 6496 6603 6616 6628 6676 6766 6796 6826 6881 6893 6941 7080 7128 7098 7110 7098 7110 7123 7110 7123 7153 7200 7230 7260 7290 7320 7333 7363 7393 7423 7453 7483 7513 7543 7598 7670 7683 7755 7990 7960 7947 7935 7947 7960 7990 8055 8085 8097 8110 8140 8170 8242 8424 8490 8520 8550 8562 8592 8640 8652 8682 8712 8724 8857 8869 8882 8912 8942 8954 9037 9049 9139 9152 9164 9272 9337 9349 9379 9452 9439 9597 9609 9597 9609 9621 9651 9741
6423 6453 6501 6573 6586 6616 6646 6736 6766 6796 6851 6881 6911 6941 7038 7026 7056 7068 7056 7068 7080 7110 7140 7170 7200 7230 7260 7290 7320 7350 7423 7453 7483 7513 7525 7555 7628 7640 7670 7743 7977 7947 7917 7905 7917 7947 8013 8043 8055 8067 8097 8127 8200 8382 8447 8477 8507 8520 8532 8562 8610 8622 8652 8682 8694 8827 8839 8852 8882 8912 8924 9007 9019 9109 9122 9134 9242 9307 9319 9349 9422 9409 9567 9579 9567 9579 9591 9621 9711
6411 6441 6471 6543 6556 6586 6616 6706 6736 6766 6821 6851 6881 6911 7008 6996 6983 7013 7026 7038 7068 7098 7153 7183 7213 7243 7273 7320 7350 7363 7393 7465 7555 7568 7555 7568 7598 7628 7700 7730 7803 7833 7905 7875 7905 7917 7983 8013 8025 8055 8085 8097 8170 8352 8417 8447 8477 8490 8502 8532 8580 8592 8622 8652 8664 8797 8809 8822 8852 8882 8894 8977 8989 9079 9092 9104 9212 9277 9289 9319 9392 9379 9537 9549 9537 9549 9561 9591 9681
6381 6411 6441 6513 6543 6556 6586 6676 6706 6736 6791 6821 6851 6881 6953 6966 6953 6983 6996 7026 7056 7110 7183 7213 7243 7273 7285 7315 7363 7393 7405 7435 7508 7598 7610 7598 7610 7640 7670 7700 7773 7803 7833 7845 7875 7905 7953 7983 8013 8043 8055 8127 8310 8322 8387 8417 8447 8460 8472 8502 8550 8562 8592 8622 8634 8767 8779 8792 8822 8852 8934 8947 8959 9049 9062 9074 9182 9247 9259 9289 9362 9349 9507 9519 9507 9519 9531 9561 9651
6393 6423 6453 6483 6513 6543 6616 6646 6676 6706 6761 6791 6821 6851 6881 6911 6923 6953 6983 7056 7068 7140 7213 7243 7273 7303 7315 7328 7358 7405 7435 7448 7478 7550 7640 7653 7683 7670 7683 7713 7743 7773 7803 7833 7863 7893 7923 7953 7983 8013 8085 8267 8280 8345 8375 8405 8417 8430 8442 8472 8520 8532 8562 8592 8604 8737 8749 8779 8809 8839 8904 8917 8929 9019 9032 9044 9152 9217 9229 9259 9332 9319 9477 9489 9477 9489 9501 9531 9621
6423 6453 6483 6513 6543 6556 6586 6616 6646 6676 6731 6761 6791 6821 6851 6881 6911 6983 7013 7026 7098 7170 7243 7273 7303 7333 7345 7358 7370 7400 7448 7478 7508 7580 7670 7683 7713 7725 7755 7743 7773 7803 7833 7845 7875 7905 7935 7965 7995 8025 8055 8237 8250 8315 8345 8375 8387 8400 8430 8442 8490 8502 8532 8562 8694 8707 8737 8767 8797 8809 8874 8887 8899 8989 9002 9014 9122 9187 9199 9229 9302 9289 9447 9459 9447 9459 9471 9501 9591
6453 6483 6513 6543 6573 6586 6616 6628 6658 6688 6718 6791 6821 6851 6881 6911 6923 6953 7043 7056 7128 7200 7273 7303 7333 7363 7375 7388 7400 7413 7443 7490 7520 7610 7700 7755 7767 7755 7785 7773 7845 7875 7905 7875 7887 7917 7947 7977 8007 8105 8177 8207 8220 8285 8315 8345 8357 8370 8400 8430 8460 8490 8520 8652 8664 8694 8724 8754 8767 8832 8844 8857 8947 8959 8972 9079 9092 9157 9169 9199 9272 9259 9417 9429 9417 9429 9441 9471 9561
6483 6513 6543 6573 6603 6616 6646 6658 6688 6718 6748 6821 6851 6881 6911 6941 6953 6966 7073 7086 7158 7230 7303 7333 7363 7393 7405 7418 7430 7443 7455 7485 7550 7640 7797 7785 7797 7785 7815 7803 7875 7947 7935 7905 7917 7930 7960 8032 8062 8135 8165 8177 8242 8255 8267 8315 8327 8357 8387 8417 8447 8477 8610 8622 8634 8682 8712 8724 8772 8802 8814 8887 8917 8929 8942 9049 9062 9127 9139 9169 9242 9229 9387 9399 9387 9399 9411 9441 9531
6513 6543 6573 6603 6633 6646 6676 6688 6718 6748 6778 6851 6881 6911 6941 6953 6983 6996 7008 7116 7188 7260 7333 7363 7393 7448 7435 7448 7460 7473 7485 7497 7580 7670 7827 7815 7827 7815 7845 7833 7905 7977 7947 7935 7947 7960 7990 8020 8092 8105 8135 8165 8212 8225 8255 8285 8315 8345 8375 8405 8435 8490 8580 8592 8622 8652 8682 8712 8742 8772 8844 8874 8887 8899 9007 9019 9067 9097 9109 9139 9212 9199 9357 9369 9357 9369 9381 9411 9501
6543 6573 6603 6633 6663 6676 6706 6718 6748 6778 6808 6881 6911 6923 6953 6983 6996 7026 7038 7050 7218 7290 7363 7393 7423 7478 7490 7478 7490 7503 7515 7527 7540 7870 7857 7845 7857 7845 7875 7863 7935 7990 7977 7965 7977 7990 8002 8032 8062 8092 8122 8152 8182 8212 8242 8272 8302 8332 8362 8392 8447 8520 8550 8562 8592 8622 8652 8682 8712 8742 8814 8844 8857 8947 8977 9007 9037 9067 9079 9109 9157 9169 9327 9314 9327 9339 9351 9381 9471
6573 6603 6633 6663 6693 6706 6736 6748 6778 6808 6838 6911 6941 6953 6966 6996 7026 7038 7068 7080 7093 7405 7393 7423 7453 7508 7520 7508 7520 7533 7545 7557 7570 7600 7887 7900 7887 7875 7905 7977 8032 8020 8007 8020 8032 8020 8032 8062 8092 8122 8152 8182 8212 8225 8255 8285 8315 8345 8375 8405 8460 8490 8520 8550 8604 8634 8682 8694 8724 8754 8784 8814 8844 8917 8947 8977 9007 9037 9067 9097 9127 9139 9297 9284 9297 9309 9339 9429 9441
6603 6633 6663 6693 6723 6736 6766 6778 6808 6838 6868 6941 6971 6983 6996 7008 7038 7068 7080 7110 7123 7135 7465 7453 7483 7538 7550 7538 7550 7563 7575 7587 7600 7612 7642 7930 7917 7947 7935 8007 8062 8050 8062 8075 8062 8075 8062 8092 8122 8152 8182 8212 8242 8255 8285 8315 8345 8357 8387 8417 8447 8477 8507 8562 8634 8647 8712 8724 8754 8784 8814 8844 8857 8887 8917 8947 8977 9007 9037 9067 9097 9169 9182 9254 9267 9297 9369 9399 9411
6633 6663 6693 6723 6753 6766 6796 6808 6838 6868 6898 6971 7001 7013 7026 7038 7050 7080 7110 7123 7153 7165 7418 7525 7580 7568 7580 7568 7580 7593 7605 7617 7630 7642 7655 7960 7990 7977 7965 8037 8092 8105 8117 8105 8117 8105 8092 8122 8195 8182 8212 8225 8297 8285 8315 8345 8375 8387 8417 8447 8477 8507 8520 8550 8604 8677 8689 8754 8784 8814 8844 8874 8887 8917 8947 8977 9007 9037 9067 9079 9109 9139 9169 9224 9254 9327 9357 9369 9399
6663 6693 6723 6753 6783 6796 6826 6838 6868 6898 6928 7001 7031 7043 7056 7068 7080 7093 7123 7153 7183 7358 7388 7418 7448 7478 7508 7623 7635 7623 7635 7672 7660 7672 7685 7715 8020 8007 7995 8067 8122 8160 8147 8160 8147 8135 8165 8152 8225 8255 8242 8255 8267 8315 8345 8417 8430 8417 8447 8477 8507 8537 8550 8562 8592 8647 8719 8732 8797 8827 8917 8929 8917 8947 8977 9007 9037 9067 9097 9152 9139 9169 9182 9212 9267 9297 9327 9357 9411
6693 6723 6753 6783 6813 6826 6856 6868 6898 6928 6958 7031 7061 7073 7086 7098 7110 7140 7170 7225 7255 7328 7358 7388 7418 7448 7478 7490 7665 7677 7715 7702 7715 7702 7715 7727 7757 8037 8110 8165 8202 8190 8202 8190 8177 8207 8195 8182 8255 8285 8272 8285 8297 8345 8375 8447 8460 8490 8477 8507 8537 8567 8580 8592 8622 8677 8749 8762 8774 8857 8947 8959 8947 8977 9007 9037 9067 9079 9109 9182 9212 9224 9212 9242 9297 9309 9339 9369 9399
6723 6753 6783 6813 6843 6856 6886 6898 6928 7001 6988 7061 7091 7103 7116 7128 7140 7153 7183 7213 7243 7298 7328 7358 7388 7418 7448 7478 7508 7757 7745 7757 7745 7757 7745 7757 7770 8152 8207 8244 8232 8244 8232 8220 8250 8237 8225 8297 8285 8315 8302 8315 8327 8375 8405 8477 8490 8520 8507 8537 8567 8597 8610 8622 8652 8707 8779 8792 8804 8887 8977 8989 8977 9007 9037 9067 9097 9109 9139 9254 9267 9254 9242 9272 9327 9339 9351 9381 9411
6450 6480 6813 6886 6898 6886 6916 6928 7043 7031 7018 7091 7121 7133 7146 7158 7170 7183 7195 7225 7255 7285 7315 7345 7375 7448 7460 7490 7520 7550 7800 7787 7775 7787 7775 7787 7800 8182 8237 8274 8287 8274 8262 8292 8280 8267 8340 8327 8315 8345 8332 8345 8357 8405 8435 8507 8520 8550 8537 8567 8597 8627 8640 8652 8682 8737 8809 8822 8834 8917 9007 9019 9007 9037 9067 9097 9127 9139 9169 9309 9297 9284 9314 9302 9381 9394 9424 9411 9424
6438 6468 6498 6941 6928 6958 6971 7086 7073 7061 7133 7121 7151 7163 7176 7188 7200 7213 7225 7255 7285 7315 7345 7375 7388 7478 7490 7503 7533 7563 7593 7842 7830 7817 7805 7817 7830 8280 8317 8329 8317 8304 8334 8322 8310 8382 8370 8357 8345 8375 8362 8375 8387 8435 8465 8537 8550 8580 8567 8597 8627 8657 8670 8682 8712 8767 8839 8852 8864 8947 9037 9049 9037 9067 9097 9127 9157 9169 9199 9339 9327 9357 9344 9332 9436 9466 9514 9484 9454
6426 6480 6510 6540 7001 7013 7128 7116 7103 7176 7163 7151 7181 7193 7206 7218 7230 7243 7255 7285 7315 7345 7375 7405 7418 7430 7520 7533 7545 7575 7605 7635 7860 7847 7835 7847 8322 8359 8372 8359 8347 8377 8364 8352 8424 8412 8400 8387 8375 8405 8392 8405 8417 8465 8495 8567 8580 8610 8597 8627 8657 8687 8700 8712 8742 8797 8869 8882 8894 8977 9067 9079 9067 9097 9127 9157 9187 9199 9229 9369 9357 9387 9374 9362 9509 9556 9526 9496 9484
6438 6468 6523 6553 7056 7170 7158 7146 7218 7206 7193 7181 7211 7223 7236 7248 7260 7273 7285 7315 7345 7375 7405 7435 7448 7460 7550 7563 7575 7587 7617 7647 7677 7902 7865 8364 8402 8414 8402 8389 8419 8407 8394 8467 8454 8442 8430 8417 8405 8435 8422 8435 8447 8495 8525 8597 8610 8640 8627 8657 8687 8700 8730 8742 8754 8827 8899 8912 8924 9007 9097 9109 9097 9169 9157 9187 9217 9229 9259 9399 9387 9417 9404 9392 9599 9586 9539 9526 9514
6450 6480 6510 6540 6570 7200 7188 7176 7248 7236 7223 7211 7241 7253 7266 7278 7290 7303 7315 7345 7418 7448 7478 7465 7478 7490 7580 7593 7605 7617 7647 7677 7707 7720 8407 8444 8457 8444 8432 8462 8449 8437 8509 8497 8484 8472 8460 8567 8537 8507 8477 8465 8477 8507 8640 8627 8640 8670 8657 8687 8717 8730 8742 8772 8784 8857 8929 8942 8954 9037 9127 9139 9127 9199 9187 9217 9272 9259 9289 9429 9417 9447 9434 9422 9629 9616 9569 9556 9544
6463 6493 6523 6553 6600 6613 7243 7230 7278 7266 7253 7241 7271 7283 7296 7308 7320 7333 7388 7460 7490 7520 7508 7495 7508 7520 7610 7623 7635 7647 7677 7707 7737 7767 7865 8499 8487 8474 8504 8492 8479 8552 8539 8527 8514 8502 8610 8580 8550 8520 8507 8495 8507 8520 8670 8657 8670 8682 8712 8742 8772 8802 8832 8887 8917 8947 8959 8972 8984 9067 9157 9169 9242 9229 9259 9314 9302 9332 9319 9459 9447 9477 9464 9452 9659 9611 9599 9586 9624
6475 6505 6535 6565 6595 6643 6655 7285 7273 7296 7283 7313 7326 7313 7326 7363 7350 7363 7503 7533 7563 7550 7538 7525 7538 7550 7640 7653 7665 7677 7707 7720 7750 7822 7895 7942 8757 8727 8654 8624 8594 8582 8569 8557 8544 8652 8622 8592 8562 8550 8537 8525 8537 8550 8562 8712 8700 8712 8724 8754 8784 8814 8844 8874 8904 8977 8989 9019 9049 9139 9152 9164 9272 9302 9357 9344 9374 9362 9501 9489 9519 9507 9494 9482 9654 9641 9629 9666 9654
6488 6518 6548 6578 6608 6638 6668 6698 6728 6783 6813 7368 7356 7368 7356 7393 7380 7545 7575 7605 7593 7580 7568 7555 7568 7580 7670 7683 7695 7707 7720 7750 7780 7810 7865 7912 8787 8714 8684 8654 8624 8612 8599 8587 8694 8664 8634 8604 8592 8580 8592 8555 8567 8580 8592 8604 8754 8742 8754 8784 8814 8827 8857 8887 8917 8947 8977 9007 9062 9109 9122 9152 9182 9212 9387 9417 9404 9544 9531 9561 9549 9537 9524 9696 9684 9671 9708 9696 9708
6518 6530 6560 6590 6620 6650 6680 6710 6740 6770 6800 6830 7386 7398 7435 7423 7587 7617 7647 7635 7623 7610 7598 7585 7598 7610 7700 7713 7725 7737 7750 7762 7792 7822 7852 7882 8757 8727 8697 8667 8654 8642 8629 8737 8707 8677 8647 8634 8622 8610 8622 8585 8597 8610 8622 8634 8784 8797 8784 8814 8844 8857 8869 8899 8929 8959 8989 9019 9049 9079 9109 9139 9169 9224 9459 9447 9586 9574 9604 9591 9579 9567 9738 9726 9714 9751 9738 9751 9763
6530 6560 6573 6603 6633 6663 6693 6723 6753 6783 6813 6843 6873 7478 7465 7630 7660 7690 7677 7665 7653 7640 7628 7615 7628 7640 7730 7767 7780 7767 7780 7792 7805 7835 7865 7912 8787 8739 8709 8697 8684 8672 8779 8749 8719 8689 8677 8664 8652 8640 8652 8615 8627 8640 8652 8664 8814 8827 8814 8844 8874 8887 8899 8929 8959 8989 9019 9049 9062 9092 9122 9152 9182 9212 9267 9629 9616 9646 9634 9621 9609 9781 9768 9756 9744 9781 9793 9781 9793
6543 6573 6603 6615 6645 6675 6705 6735 6765 6795 6825 6855 6885 6965 7672 7702 7732 7720 7707 7695 7683 7670 7658 7670 7658 7670 7810 7822 7810 7822 7810 7822 7835 7847 7895 7942 8817 8769 8739 8727 8714 8822 8792 8762 8732 8719 8707 8694 8682 8670 8682 8645 8657 8670 8682 8694 8844 8857 8844 8874 8904 8917 8929 8959 8989 9019 9049 9079 9092 9122 9134 9164 9194 9224 9254 9659 9689 9676 9664 9651 9823 9811 9798 9786 9774 9811 9823 9836 9823
6625 6585 6615 6645 6657 6705 6735 6747 6777 6807 6837 6867 6922 6952 7745 7775 7762 7750 7737 7725 7713 7700 7688 7700 7713 7852 7865 7852 7865 7852 7840 7852 7865 7877 7925 7972 8847 8799 8769 8757 8864 8852 8804 8774 8762 8749 8737 8724 8712 8700 8712 8675 8687 8700 8712 8724 8874 8887 8874 8904 8934 8947 8959 8989 9019 9049 9079 9109 9122 9152 9164 9177 9207 9237 9267 9731 9719 9943 9913 9883 9853 9841 9828 9816 9804 9841 9853 9866 9853
6638 6668 6627 6675 6687 6777 6765 6777 6807 6820 6850 6880 6910 6940 6970 7805 7792 7780 7767 7755 7743 7730 7718 7755 7895 7907 7895 7907 7895 7882 7870 7882 7895 7907 7955 8002 8877 8829 8799 8787 8894 8882 8834 8804 8792 8779 8767 8754 8742 8730 8742 8705 8717 8730 8742 8754 8904 8917 8904 8934 8964 8977 8989 9019 9049 9079 9109 9139 9152 9182 9194 9207 9237 9249 9279 9309 9986 9956 9926 9896 9883 9871 9858 9846 9834 9871 9883 9896 9883
6650 6680 6710 6670 6717 6807 6820 6807 6837 6850 6862 6892 6922 6952 6982 7012 7847 7835 7797 7810 7773 7760 7748 7937 7950 7937 7950 7937 7925 7912 7900 7912 7925 7937 7985 8032 8907 8859 8829 8817 8924 8912 8864 8834 8822 8809 8797 8784 8772 8760 8772 8735 8747 8760 8772 8784 8934 8947 8934 8964 8994 9007 9019 9092 9079 9109 9139 9169 9182 9212 9224 9237 9267 9279 9291 9321 9998 9968 9938 9926 9913 9901 9888 9876 9864 9901 9913 9926 9913
6663 6693 6723 6753 6910 6880 6850 6880 6867 6880 6892 6905 6935 6965 6995 7025 7055 7890 7877 7840 7852 7790 7778 7992 7980 7992 7980 7967 7955 7942 7930 7942 7955 7967 8015 8062 8937 8889 8859 8847 8954 8942 8894 8864 8852 8839 8827 8814 8802 8814 8802 8814 8777 8790 8802 8814 8964 8977 8964 8994 9024 9037 9049 9122 9109 9139 9169 9199 9212 9242 9254 9267 9297 9309 9321 10041 10011 9981 9968 9956 9943 9931 9918 9906 9894 9931 9943 9956 9943
6693 6723 6753 6952 6922 6892 6922 6910 6897 6910 6922 6935 6947 6977 7007 7037 7067 7097 7932 7920 7882 7820 7808 8022 8034 8022 8010 7997 7985 7972 7960 7972 7985 7997 8045 8092 8967 8919 8889 8877 8984 8972 8924 8894 8882 8869 8857 8844 8832 8844 8857 8844 8857 8820 8832 8844 8857 9007 9019 9007 9079 9092 9079 9152 9182 9212 9199 9229 9284 9272 9284 9297 9327 9339 9351 10053 10023 10011 9998 9986 9973 9961 9948 9936 9924 9961 9973 9986 9973
6723 6753 6995 6965 6935 6965 6952 6940 6927 6940 6952 6965 6977 7007 7037 7050 7097 7110 7140 7950 7912 7850 8064 8077 8064 8052 8040 8027 8015 8002 7990 8002 8015 8027 8075 8122 8997 8949 8919 8907 9014 9002 8954 8924 8912 8899 8887 8874 8862 8874 8887 8899 8887 8899 8862 8874 8904 8934 9134 9164 9237 9249 9194 9224 9254 9242 9229 9259 9314 9302 9314 9327 9357 9369 9381 10083 10053 10041 10028 10016 10003 9991 9978 9966 9954 9991 10003 10016 10003
6795 7037 7007 6977 7007 6995 6982 6970 6957 6970 6982 6995 7007 7020 7050 7080 7092 7140 7152 7980 7942 8107 8119 8107 8094 8082 8070 8057 8045 8032 8020 8032 8045 8057 8105 8152 9027 8979 8949 8937 9044 9032 8984 8954 8942 8929 8917 8904 8892 8904 8917 8929 8942 8972 9002 9032 9062 9092 9122 9152 9207 9237 9267 9297 9284 9272 9259 9289 9344 9332 9344 9357 9387 9399 9411 10113 10083 10071 10058 10046 10033 10021 10008 9996 9984 10021 10033 10046 10033
7080 7050 7020 7050 7037 7025 7012 7000 6987 7000 7012 7025 7037 7050 7062 7092 7122 7134 7182 8010 7972 8162 8149 8137 8124 8112 8100 8087 8075 8062 8050 8062 8075 8087 8135 8182 9057 9009 8979 8967 9074 9027 9014 8984 8972 8959 8947 8934 8922 8934 8947 8959 8972 8984 9014 9044 9074 9104 9134 9164 9194 9224 9254 9327 9314 9302 9289 9319 9374 9362 9374 9387 9417 9429 9441 10143 10113 10101 10088 10076 10063 10051 10038 10026 10014 10051 10063 10076 10063
7092 7062 7092 7080 7067 7055 7042 7030 7017 7030 7042 7055 7067 7080 7092 7104 7134 7164 7177 8040 8002 8192 8179 8167 8154 8142 8130 8117 8105 8092 8105 8092 8105 8117 8165 8212 9087 9039 9009 8997 9069 9057 9027 9014 9002 8989 8977 8964 8952 8964 8977 8989 9002 9014 9027 9074 9104 9117 9164 9177 9207 9237 9267 9357 9344 9332 9319 9349 9404 9392 9404 9459 9447 9459 9471 10173 10143 10131 10118 10106 10093 10081 10068 10081 10068 10098 10093 10106 10093
