tests/fixtures/watershed_abstraction/mdobre-womanly-ascot/dem/topaz/DISOUT.ARC
ncols   776
nrows   755
xllcorner  564333
yllcorner 5021478
cellsize   30.00
nodata_value    -1.0
[rows 360 to 399 of 755, columns 445 to 533 of 776]
10278 10265 10278 10265 10278 10265 10278 10265 10253 10265 10253 10265 10278 10265 10278 10265 10295 10283 10295 10308 10338 10350 10380 10410 10482 10512 10585 10615 10627 10640 10670 10735 10747 10777 10825 10855 10867 10880 10952 11025 11055 11067 11122 11134 11319 11332 11362 11374 11422 11434 11447 11459 11471 11484 11514 11544 11574 11604 11634 12081 12093 12106 12118 12131 12143 12191 12203 12215 12305 12318 12330 12643 12655 12685 12698 12710 12722 12770 12782 12795 12807 12820 12850 12862 12875 12929 12942 13109 13122
10311 10320 10308 10338 10308 10320 10308 10295 10308 10295 10308 10320 10308 10320 10308 10295 10325 10338 10350 10380 10368 10380 10392 10422 10452 10482 10555 10585 10597 10645 10675 10705 10735 10765 10795 10825 10837 10910 10922 10995 11025 11037 11092 11259 11289 11319 11332 11344 11392 11404 11417 11429 11441 11471 11501 11531 11561 11591 12038 12051 12063 12076 12088 12101 12148 12161 12173 12263 12275 12288 12600 12613 12625 12655 12668 12680 12692 12740 12752 12765 12777 12807 12820 12832 12887 12899 13007 13079 13092
10298 10371 10440 10410 10380 10350 10380 10350 10338 10350 10362 10350 10362 10350 10338 10325 10380 10392 10422 10410 10422 10410 10422 10452 10482 10495 10525 10555 10585 10615 10645 10675 10705 10735 10765 10795 10867 10880 10952 10965 10995 11049 11079 11229 11259 11289 11302 11314 11362 11374 11387 11399 11429 11459 11489 11519 11549 11996 12008 12021 12033 12046 12058 12106 12118 12131 12221 12233 12245 12558 12570 12583 12613 12625 12638 12650 12662 12710 12722 12735 12747 12777 12790 12845 12857 12965 12977 13049 13062
10311 10341 10371 10482 10452 10422 10392 10380 10392 10405 10392 10405 10392 10380 10368 10422 10512 10482 10452 10465 10452 10440 10452 10482 10512 10525 10555 10585 10597 10645 10675 10705 10717 10765 10795 10807 10837 10910 10922 10952 11007 11037 11187 11199 11229 11259 11272 11284 11332 11344 11357 11387 11417 11447 11477 11507 11978 11966 11978 11991 12003 12016 12063 12076 12088 12178 12191 12203 12515 12528 12540 12570 12583 12595 12608 12620 12632 12680 12692 12705 12735 12747 12802 12815 12922 12935 12947 13019 13032
10323 10353 10383 10495 10465 10435 10422 10435 10447 10435 10447 10452 10422 10410 10465 10555 10525 10495 10507 10495 10482 10470 10482 10512 10542 10597 10585 10615 10687 10675 10705 10717 10747 10795 10850 10837 10850 10880 10910 10965 10995 11127 11157 11169 11199 11229 11242 11272 11302 11314 11344 11374 11404 11434 11464 11936 11924 11936 11948 11961 11973 12021 12033 12046 12118 12148 12161 12473 12485 12498 12528 12540 12553 12565 12578 12590 12602 12650 12662 12692 12705 12760 12772 12880 12892 12905 12977 12989 13002
10353 10383 10395 10507 10477 10465 10477 10490 10477 10490 10495 10465 10452 10507 10597 10567 10537 10525 10537 10525 10512 10500 10512 10585 10572 10627 10615 10730 10717 10705 10717 10747 10777 10825 10880 10867 10880 10910 10922 10952 11007 11097 11127 11139 11169 11199 11229 11242 11272 11302 11332 11362 11392 11422 11894 11881 11894 11906 11918 11931 11943 11991 12003 12076 12088 12118 12431 12443 12455 12485 12498 12510 12523 12535 12548 12560 12608 12620 12650 12662 12675 12730 12837 12850 12862 12935 12947 12959 13109
10383 10413 10425 10537 10507 10520 10532 10520 10532 10537 10507 10495 10550 10640 10610 10580 10567 10580 10567 10555 10542 10530 10627 10615 10602 10657 10772 10760 10747 10735 10747 10760 10790 10922 10910 10922 10910 10940 10952 10965 10995 11067 11097 11109 11139 11169 11199 11229 11259 11289 11319 11349 11404 11434 11864 11851 11864 11876 11888 11901 11931 11961 12033 12046 12076 12388 12401 12413 12443 12455 12468 12480 12493 12505 12518 12565 12578 12608 12620 12632 12687 12795 12807 12820 12832 12905 12917 12965 13079
10413 10443 10455 10567 10562 10575 10562 10575 10580 10550 10537 10592 10682 10652 10622 10610 10622 10610 10597 10585 10572 10560 10657 10645 10700 10815 10802 10790 10777 10765 10777 10790 10802 10832 10940 10952 10982 10995 11007 10995 11007 11037 11067 11097 11127 11157 11187 11217 11247 11277 11307 11362 11392 11821 11834 11821 11834 11846 11858 11888 11918 11991 12003 12033 12346 12358 12371 12383 12413 12425 12438 12450 12463 12475 12523 12535 12565 12578 12590 12645 12752 12765 12777 12790 12862 12875 12922 13037 13049
10443 10473 10485 10597 10617 10605 10617 10622 10592 10580 10635 10725 10695 10665 10652 10665 10652 10640 10627 10615 10602 10590 10687 10742 10857 10845 10832 10820 10807 10795 10807 10820 10832 10845 10875 10905 11037 11049 11037 11049 11037 11067 11097 11109 11139 11169 11217 11229 11259 11289 11319 11349 11779 11791 11779 11791 11804 11816 11846 11876 11948 11961 11991 12088 12316 12328 12341 12353 12383 12395 12408 12420 12433 12480 12493 12523 12535 12548 12602 12710 12722 12735 12747 12820 12832 12880 12995 13007 13019
10473 10503 10515 10528 10647 10659 10665 10635 10622 10677 10767 10737 10707 10695 10707 10695 10682 10670 10657 10645 10632 10730 10785 10899 10887 10875 10862 10850 10837 10825 10837 10850 10862 10875 10887 10917 11477 11079 11092 11079 11109 11097 11127 11139 11169 11199 11314 11327 11272 11387 11417 11736 11749 11736 11749 11761 11774 11804 11834 11906 11918 11948 12046 12058 12286 12298 12311 12341 12353 12365 12378 12390 12438 12450 12480 12493 12505 12560 12608 12680 12692 12705 12777 12790 12837 12952 12965 12977 12989
10503 10533 10545 10558 10677 10707 10677 10665 10719 10809 10779 10749 10737 10749 10737 10725 10712 10700 10687 10675 10772 10827 10942 10929 10917 10905 10892 10880 10867 10855 10867 10880 10892 10905 10917 11477 11447 11417 11387 11357 11139 11169 11199 11169 11199 11272 11284 11314 11344 11374 11429 11706 11694 11706 11719 11731 11761 11791 11864 11876 11906 12003 12016 12028 12256 12268 12281 12311 12323 12335 12348 12395 12408 12438 12450 12463 12518 12565 12638 12650 12662 12735 12747 12795 12910 12922 12935 12947 13132
10533 10563 10575 10588 10707 10737 10707 10762 10852 10822 10792 10779 10792 10779 10767 10755 10742 10730 10717 10815 10869 10984 10972 10959 10947 10935 10922 10910 10897 10885 10897 10910 10922 10935 10947 11507 11434 11404 11374 11344 11314 11242 11212 11199 11212 11242 11272 11302 11332 11362 11417 11676 11664 11676 11689 11719 11749 11821 11834 11864 11961 11973 11986 12093 12226 12238 12251 12281 12293 12305 12353 12365 12395 12408 12420 12475 12523 12595 12608 12620 12692 12705 12752 12867 12880 12892 12905 13090 13102
10605 10618 10630 10749 10779 10767 10737 10894 10864 10834 10822 10834 10822 10809 10797 10785 10772 10760 10857 10912 11027 11014 11002 10989 10977 10965 10952 10940 10927 10915 10927 10940 10952 10965 10977 11477 11422 11392 11362 11332 11302 11272 11242 11272 11242 11272 11284 11314 11344 11374 11404 11664 11634 11646 11676 11706 11779 11791 11821 11918 11931 11943 12051 12063 12196 12208 12221 12251 12263 12311 12323 12353 12365 12378 12433 12463 12493 12565 12578 12632 12662 12710 12825 12837 12850 12862 13047 13060 13072
10660 10673 10792 10822 10809 10797 10767 10907 10877 10864 10877 10864 10852 10839 10827 10815 10802 10899 10954 11069 11057 11044 11032 11019 11007 10995 10982 10970 10957 10945 10957 10970 10982 10995 11007 11464 11434 11404 11374 11344 11314 11284 11272 11284 11272 11284 11314 11344 11399 11429 11459 11616 11604 11616 11629 11736 11749 11761 11791 11888 11901 12008 12021 12033 12166 12178 12191 12221 12268 12281 12311 12323 12335 12390 12420 12450 12523 12535 12590 12620 12668 12782 12795 12807 12820 13005 13017 13030 13042
10715 10834 10864 10852 10839 10827 10797 10937 10907 10919 10907 10894 10882 10869 10857 10845 10942 10997 11111 11099 11087 11074 11062 11049 11037 11025 11012 11000 10987 10975 10987 11000 11012 11025 11507 11477 11447 11417 11387 11357 11344 11314 11302 11314 11344 11314 11327 11357 11429 11459 11471 11561 11574 11586 11616 11706 11719 11749 11846 11858 11906 11978 11991 12003 12136 12148 12161 12191 12238 12251 12281 12293 12348 12378 12408 12480 12493 12548 12578 12625 12740 12752 12765 12777 12885 12975 12987 13000 13012
10877 10907 10894 10882 10869 10857 10827 10967 10961 10949 10937 10924 10912 10899 10887 10984 11039 11027 11141 11129 11117 11104 11092 11079 11067 11055 11042 11030 11017 11005 11017 11030 11067 11549 11519 11489 11459 11429 11399 11387 11374 11344 11332 11344 11374 11344 11357 11369 11399 11429 11459 11531 11544 11574 11629 11676 11706 11804 11816 11828 11876 11948 11961 11973 12106 12118 12131 12161 12208 12221 12251 12305 12335 12365 12438 12450 12505 12535 12583 12698 12710 12722 12735 12842 12932 12945 12957 12970 12982
10949 10937 10924 10912 10899 10887 10857 10997 10991 10979 10967 10954 10942 10929 11027 11081 11069 11184 11171 11159 11147 11134 11122 11109 11097 11085 11072 11060 11047 11060 11047 11109 11097 11561 11531 11501 11471 11441 11429 11417 11404 11374 11362 11374 11404 11399 11387 11399 11429 11459 11471 11501 11531 11561 11616 11646 11761 11774 11786 11816 11846 11918 11931 12063 12076 12088 12118 12148 12178 12208 12263 12293 12323 12395 12408 12463 12493 12540 12655 12668 12680 12692 12800 12812 12902 12915 12927 12940 12952
10979 10967 10954 10942 10929 10917 10887 11027 11021 11009 10997 10984 10972 11069 11057 11111 11226 11214 11201 11189 11177 11164 11152 11139 11127 11115 11102 11090 11102 11090 11077 11139 11604 11574 11544 11531 11501 11471 11459 11447 11434 11404 11392 11404 11434 11429 11441 11471 11459 11489 11501 11531 11544 11574 11604 11659 11731 11744 11774 11804 11876 11888 11918 12033 12046 12076 12106 12136 12166 12221 12293 12305 12335 12365 12420 12450 12498 12613 12625 12638 12650 12758 12770 12782 12872 12885 12897 12910 12940
11009 10997 10984 10972 10959 10947 10917 11057 11051 11039 11027 11014 11002 11099 11087 11141 11256 11244 11231 11219 11207 11194 11182 11169 11157 11145 11132 11145 11132 11120 11107 11646 11616 11604 11574 11544 11514 11501 11489 11477 11464 11434 11422 11434 11464 11459 11514 11501 11531 11544 11531 11561 11574 11604 11616 11646 11701 11731 11761 11834 11846 11876 11931 12003 12033 12063 12093 12123 12178 12251 12263 12293 12323 12378 12408 12455 12468 12583 12595 12608 12715 12728 12740 12830 12842 12855 12867 12897 12970
11039 11027 11039 11002 10989 10977 10947 11087 11081 11069 11057 11044 11032 11129 11117 11171 11286 11274 11261 11249 11237 11224 11212 11199 11187 11175 11187 11175 11162 11150 11137 11659 11646 11634 11604 11574 11544 11531 11519 11507 11477 11464 11477 11507 11494 11489 11544 11574 11586 11574 11561 11591 11604 11634 11646 11659 11689 11719 11774 11804 11834 11888 11961 11991 12021 12051 12081 12136 12208 12221 12251 12281 12335 12365 12413 12425 12455 12553 12565 12673 12685 12698 12788 12800 12812 12825 12855 12910 12940
11069 11081 11069 11081 11019 11007 10977 11117 11111 11099 11087 11074 11062 11159 11147 11201 11316 11304 11291 11279 11267 11254 11242 11229 11217 11229 11217 11205 11192 11180 11167 11689 11676 11664 11634 11604 11574 11561 11549 11519 11507 11519 11549 11537 11524 11519 11616 11629 11616 11604 11591 11621 11676 11689 11719 11689 11701 11731 11804 11834 11846 11918 11948 11978 12033 12063 12093 12166 12178 12208 12238 12293 12323 12371 12383 12413 12443 12523 12630 12643 12655 12745 12758 12770 12782 12812 12867 12897 12962
11124 11111 11124 11111 11124 11037 11159 11154 11141 11129 11117 11104 11092 11189 11177 11231 11346 11334 11321 11309 11297 11284 11272 11259 11272 11259 11247 11235 11222 11210 11197 11719 11706 11694 11646 11616 11604 11591 11561 11549 11561 11591 11579 11567 11554 11549 11671 11659 11646 11634 11621 11719 11731 11761 11731 11719 11731 11744 11834 11864 11876 11906 11978 11991 12021 12076 12106 12136 12166 12196 12251 12281 12328 12341 12371 12401 12480 12588 12600 12613 12703 12715 12728 12740 12770 12825 12855 12920 12932
11154 11166 11154 11166 11154 11067 11196 11184 11171 11159 11147 11134 11122 11219 11207 11261 11376 11364 11351 11339 11327 11314 11302 11314 11302 11289 11277 11265 11252 11240 11227 11749 11736 11724 11659 11646 11634 11604 11591 11604 11634 11621 11609 11597 11584 11579 11701 11689 11676 11664 11761 11774 11804 11774 11761 11749 11761 11774 11786 11918 11906 11918 11948 11978 12033 12063 12093 12148 12178 12208 12238 12268 12298 12328 12358 12438 12528 12558 12570 12660 12673 12685 12698 12728 12782 12812 12878 12890 12920
11166 11196 11226 11256 11286 11196 11226 11214 11201 11189 11177 11164 11152 11249 11237 11291 11406 11394 11381 11369 11357 11344 11357 11344 11332 11319 11307 11295 11282 11270 11791 11779 11766 11701 11689 11676 11646 11634 11646 11676 11664 11651 11639 11627 11614 11744 11731 11719 11706 11804 11816 11846 11816 11804 11791 11779 11791 11804 11816 11828 11961 11948 11978 11991 12021 12051 12123 12153 12166 12196 12226 12256 12286 12316 12395 12425 12498 12528 12540 12630 12643 12655 12685 12740 12770 12835 12848 12878 12890
9202 9232 9262 9292 9322 9352 11239 11244 11231 11219 11207 11194 11182 11279 11267 11321 11436 11424 11411 11399 11387 11399 11387 11374 11362 11349 11337 11325 11312 11834 11821 11809 11744 11731 11719 11689 11676 11689 11719 11706 11694 11681 11669 11657 11644 11774 11761 11749 11846 11858 11888 11858 11846 11834 11821 11809 11846 11858 11846 11858 11871 12021 12008 12021 12033 12063 12093 12123 12153 12226 12238 12268 12341 12353 12383 12455 12485 12498 12588 12600 12613 12643 12698 12728 12793 12805 12835 12848 12878
9215 9270 9300 9330 9360 9390 9420 9474 11261 11249 11237 11224 11212 11309 11297 11351 11466 11454 11441 11429 11441 11429 11417 11404 11392 11379 11367 11355 11876 11864 11851 11786 11774 11761 11731 11719 11731 11761 11749 11736 11724 11711 11699 11687 11816 11804 11791 11888 11901 11931 11918 11888 11876 11864 11851 11888 11901 11888 11901 11888 11901 12051 12038 12051 12063 12076 12123 12136 12166 12196 12226 12298 12311 12341 12413 12443 12455 12485 12558 12570 12600 12655 12685 12715 12763 12793 12805 12835 12865
9227 9257 9287 9317 9372 9402 9432 9462 9492 9522 9552 11254 11242 11339 11327 11381 11496 11484 11471 11459 11471 11459 11447 11434 11422 11409 11397 11918 11906 11894 11828 11816 11804 11791 11761 11749 11804 11791 11779 11766 11754 11741 11729 11858 11846 11834 11931 11943 11973 11961 11931 11918 11906 11894 11931 11943 11931 11943 11931 11918 11931 12081 12068 12081 12093 12106 12178 12166 12178 12208 12238 12268 12298 12371 12383 12413 12443 12498 12528 12558 12613 12643 12673 12720 12750 12763 12793 12823 12853
9215 9245 9275 9330 9360 9390 9444 9474 9504 9534 9589 9644 9674 9704 9734 11411 11526 11514 11501 11489 11501 11489 11477 11464 11452 11439 11961 11948 11936 11871 11858 11846 11834 11821 11791 11779 11834 11821 11809 11796 11784 11771 11901 11888 11876 11973 11986 12016 12003 11973 11961 11948 11936 11924 11986 11973 11986 11973 11961 11948 11961 12111 12098 12136 12123 12136 12208 12221 12208 12238 12251 12281 12311 12341 12371 12401 12455 12485 12540 12570 12600 12630 12678 12690 12720 12750 12780 12810 12865
9202 9232 9287 9317 9347 9402 9432 9487 9517 9547 9602 9632 9662 9692 9722 9752 9782 11544 11531 11519 11531 11519 11507 11494 11482 12003 11991 11978 11913 11901 11888 11876 11864 11851 11821 11809 11864 11851 11839 11826 11814 11943 11931 11918 11906 12028 12058 12046 12016 12003 11991 11978 11966 11954 12016 12028 12016 12003 11991 11978 11991 12141 12128 12166 12178 12251 12238 12251 12238 12251 12323 12311 12323 12371 12383 12413 12443 12498 12528 12558 12588 12618 12648 12678 12708 12738 12768 12823 12853
9215 9245 9275 9305 9360 9390 9444 9474 9529 9559 9589 9619 9649 9679 9709 9739 9769 9799 9829 11549 11561 11549 11537 11524 12046 12033 12021 11956 11943 11931 11918 11906 11894 11881 11851 11839 11894 11881 11869 11856 11986 11973 11961 11948 11936 12101 12088 12058 12046 12033 12021 12008 11996 12058 12071 12058 12046 12033 12021 12033 12021 12171 12158 12221 12208 12281 12268 12281 12268 12281 12353 12365 12353 12401 12413 12425 12455 12485 12515 12545 12575 12605 12635 12665 12695 12725 12780 12810 12840
9227 9257 9287 9317 9347 9402 9432 9487 9517 9547 9577 9607 9637 9667 9697 9727 9757 9787 9817 9847 9877 11579 11567 12088 12076 12063 11998 11986 11973 11961 11948 11936 11924 11894 11881 11869 11924 11911 11899 12028 12016 12003 11991 11978 12143 12131 12101 12088 12076 12063 12051 12038 12101 12113 12101 12088 12076 12063 12051 12063 12051 12201 12188 12251 12323 12311 12298 12311 12323 12311 12383 12395 12383 12395 12425 12455 12468 12515 12528 12558 12588 12618 12648 12678 12708 12738 12768 12798 12828
9257 9287 9300 9330 9360 9390 9444 9474 9504 9534 9564 9594 9624 9654 9684 9714 9744 9774 9804 9834 9864 9894 12131 12118 12106 12041 12028 12016 12003 11991 11978 11966 11936 11924 11911 11899 11954 11941 11929 12058 12046 12033 12021 12185 12173 12143 12131 12118 12106 12093 12081 12143 12131 12143 12131 12118 12106 12093 12081 12093 12081 12231 12218 12365 12353 12341 12353 12341 12353 12425 12438 12425 12413 12425 12438 12485 12498 12528 12558 12570 12600 12630 12660 12708 12720 12750 12780 12810 12840
9287 9317 9330 9360 9372 9402 9432 9462 9492 9522 9552 9582 9612 9642 9672 9702 9732 9762 9792 9822 9852 9882 9912 12148 12083 12071 12058 12046 12033 12021 12008 11996 11966 11954 11941 11929 11984 11971 11959 12088 12076 12063 12228 12215 12203 12173 12161 12148 12136 12123 12185 12173 12161 12173 12161 12148 12136 12123 12111 12123 12273 12261 12408 12395 12383 12395 12383 12371 12468 12480 12468 12455 12443 12455 12468 12515 12528 12540 12570 12643 12655 12643 12673 12703 12750 12780 12793 12823 12853
9317 9347 9360 9390 9402 9414 9444 9474 9504 9534 9564 9594 9624 9654 9684 9714 9744 9774 9804 9834 9864 9894 9924 9954 12113 12101 12088 12076 12063 12051 12038 12008 11996 11984 11971 12026 12014 12001 12131 12118 12106 12270 12258 12245 12215 12203 12191 12178 12166 12228 12215 12203 12191 12203 12191 12178 12166 12153 12141 12153 12303 12291 12438 12425 12413 12425 12413 12510 12523 12510 12498 12485 12498 12510 12558 12545 12558 12570 12583 12613 12643 12673 12685 12715 12745 12775 12805 12835 12890
9390 9402 9432 9420 9432 9444 9457 9487 9517 9547 9577 9607 9637 9667 9697 9727 9757 9787 9817 9847 9877 9907 9937 9967 9997 12131 12118 12106 12093 12081 12068 12038 12026 12014 12068 12056 12044 12031 12161 12148 12313 12300 12288 12258 12245 12233 12221 12208 12270 12258 12245 12233 12221 12233 12221 12208 12196 12183 12196 12346 12333 12321 12468 12455 12443 12455 12553 12565 12553 12540 12528 12515 12553 12600 12588 12600 12588 12600 12613 12643 12655 12685 12715 12728 12758 12788 12818 12848 12878
9420 9432 9462 9474 9462 9474 9487 9517 9547 9559 9589 9619 9649 9679 9709 9739 9769 9799 9829 9859 9889 9919 9949 9979 10009 10039 12148 12136 12123 12111 12098 12068 12056 12111 12098 12086 12074 12061 12191 12178 12343 12330 12300 12288 12275 12263 12251 12313 12300 12288 12275 12263 12251 12263 12251 12238 12226 12238 12388 12376 12363 12510 12498 12485 12473 12595 12608 12595 12583 12570 12558 12595 12643 12630 12643 12630 12618 12630 12685 12673 12685 12698 12728 12758 12770 12800 12830 12860 12890
9450 9564 9534 9504 9517 9504 9517 9547 9577 9632 9602 9632 9662 9692 9722 9752 9782 9812 9994 10049 9902 9932 10164 10194 10022 10052 10082 10112 12153 12141 12111 12098 12153 12141 12128 12116 12104 12091 12221 12385 12373 12343 12330 12318 12305 12293 12355 12343 12330 12318 12305 12293 12281 12293 12281 12268 12256 12268 12418 12406 12553 12540 12528 12515 12638 12650 12638 12625 12613 12600 12638 12685 12673 12685 12673 12660 12673 12660 12715 12728 12715 12728 12740 12770 12800 12812 12842 12872 12902
9607 9577 9547 9559 9547 9534 9547 9559 9589 9619 9674 9704 9777 9807 9837 9891 9921 9951 10006 10036 10066 10121 10151 10181 10211 10266 10296 10326 10356 10386 12141 12196 12183 12171 12158 12146 12134 12263 12428 12415 12385 12373 12360 12348 12335 12398 12385 12373 12360 12348 12335 12323 12335 12323 12311 12298 12286 12461 12448 12595 12583 12570 12558 12680 12692 12680 12668 12655 12643 12680 12728 12715 12728 12715 12703 12715 12703 12690 12770 12758 12745 12800 12770 12800 12812 12842 12855 12885 12915
9619 9589 9602 9589 9577 9589 9577 9589 9602 9632 9662 9734 9764 9819 9849 9879 9909 9964 9994 10024 10079 10109 10139 10169 10224 10254 10284 10314 10368 10398 10428 12226 12213 12201 12188 12176 12305 12470 12458 12428 12415 12403 12390 12378 12440 12428 12415 12403 12390 12378 12365 12353 12365 12353 12341 12328 12503 12491 12638 12625 12613 12600 12722 12735 12722 12710 12698 12685 12722 12770 12758 12770 12758 12745 12758 12745 12733 12812 12800 12788 12842 12812 12800 12812 12842 12855 12885 12915 12927
9632 9644 9632 9619 9632 9619 9607 9619 9632 9662 9692 9722 9777 9807 9861 9891 9921 9951 9981 10036 10066 10096 10126 10181 10211 10241 10271 10326 10356 10386 10441 10471 10501 12231 12218 12348 12512 12500 12470 12458 12445 12433 12420 12482 12470 12458 12445 12433 12420 12408 12395 12383 12395 12383 12371 12358 12533 12680 12668 12655 12643 12765 12777 12765 12752 12740 12728 12765 12812 12800 12812 12800 12788 12800 12788 12775 12855 12842 12830 12885 12855 12842 12830 12842 12855 12885 12897 12927 12957
