tests/fixtures/watershed_abstraction/mdobre-womanly-ascot/dem/topaz/DISOUT.ARC
ncols   776
nrows   755
xllcorner  564333
yllcorner 5021478
cellsize   30.00
nodata_value    -1.0
[rows 400 to 439 of 755, columns 356 to 444 of 776]
6160 6190 6220 6250 6280 6310 6340 6370 6400 6430 6460 6490 6520 6550 6580 6610 6640 6694 6724 6754 6784 6814 6844 6874 6904 6934 6964 6994 7024 7054 7084 7114 7144 7174 7661 7673 7703 7733 7763 7793 7848 7878 7908 8160 8173 8185 8198 8210 8223 8235 8247 8330 8343 8355 8367 8380 8410 8510 8523 8535 8583 8997 8985 9040 9027 9015 9003 9015 9027 9040 9052 9065 9077 9107 9137 9167 9529 9517 9504 9492 9480 9467 9455 9485 9472 9764 9734 9704 9674
6172 6202 6232 6262 6292 6322 6352 6382 6412 6442 6472 6502 6532 6562 6592 6622 6652 6682 6712 6742 6772 6802 6832 6862 6892 6922 6952 6982 7012 7042 7072 7102 7132 7162 7217 7703 7716 7746 7776 7806 7836 7866 7896 7926 7956 8215 8228 8240 8253 8265 8277 8360 8373 8385 8397 8410 8440 8540 8553 8565 8613 9027 9015 9070 9057 9045 9033 9045 9057 9070 9082 9095 9107 9120 9150 9180 9559 9547 9534 9522 9510 9497 9527 9515 9502 9794 9747 9717 9729
6184 6214 6244 6292 6322 6334 6382 6412 6424 6454 6484 6514 6562 6592 6622 6652 6682 6712 6724 6754 6784 6814 6844 6874 6904 6934 6964 6994 7024 7054 7084 7114 7144 7174 7204 7259 7746 7758 7788 7818 7848 7878 7908 7938 7968 7998 8258 8270 8283 8295 8307 8390 8403 8415 8427 8440 8470 8570 8583 8595 8643 9057 9045 9100 9087 9075 9063 9075 9087 9100 9112 9125 9137 9150 9162 9192 9589 9577 9564 9552 9540 9570 9557 9545 9532 9824 9759 9771 9759
6214 6227 6257 6287 6352 6364 6412 6442 6454 6467 6497 6527 6592 6622 6652 6682 6694 6724 6754 6767 6797 6844 6874 6887 6917 6947 6977 7024 7037 7067 7097 7127 7157 7187 7217 7247 7776 7788 7800 7830 7860 7890 7920 7950 7980 8010 8040 8300 8313 8325 8337 8420 8433 8445 8457 8470 8500 8600 8613 8625 8673 9087 9075 9130 9117 9105 9093 9105 9117 9130 9142 9155 9167 9180 9192 9204 9619 9607 9594 9582 9612 9600 9587 9575 9562 9854 9814 9801 9789
6244 6257 6287 6299 6329 6394 6442 6472 6484 6497 6509 6557 6622 6652 6682 6694 6724 6754 6767 6797 6809 6874 6887 6917 6929 6959 6989 7054 7067 7097 7127 7139 7169 7199 7229 7277 7806 7818 7830 7843 7890 7903 7933 7963 7993 8023 8053 8083 8343 8355 8367 8380 8463 8475 8487 8500 8530 8630 8643 8655 8703 9117 9105 9160 9147 9135 9123 9135 9147 9160 9172 9185 9197 9210 9222 9234 9649 9637 9624 9654 9642 9630 9617 9605 9897 9856 9844 9831 9819
6239 6287 6299 6329 6342 6372 6437 6484 6514 6527 6539 6552 6652 6682 6712 6724 6754 6784 6797 6809 6839 6904 6917 6947 6959 6972 7002 7084 7097 7127 7157 7169 7182 7212 7259 7307 7836 7848 7860 7873 7920 7933 7945 7975 8005 8035 8065 8095 8125 8385 8397 8410 8422 8505 8517 8530 8560 8660 8673 8685 8733 9147 9135 9190 9177 9165 9153 9165 9177 9190 9202 9215 9227 9240 9252 9264 9679 9667 9654 9684 9672 9660 9647 9939 9899 9886 9874 9861 9849
6287 6282 6329 6342 6372 6402 6467 6479 6527 6557 6569 6582 6594 6712 6742 6754 6784 6814 6827 6839 6869 6934 6947 6977 6989 7002 7032 7114 7127 7157 7187 7199 7212 7242 7289 7337 7866 7878 7890 7903 7950 7963 7975 7988 8018 8048 8078 8108 8138 8168 8427 8440 8452 8535 8547 8560 8590 8690 8703 8715 8763 9177 9165 9220 9207 9195 9183 9195 9207 9220 9232 9245 9257 9270 9282 9294 9709 9697 9684 9714 9702 9690 9677 9941 9929 9916 9904 9891 9879
6299 6329 6324 6372 6384 6432 6497 6509 6557 6569 6599 6612 6624 6742 6772 6784 6814 6844 6857 6869 6899 6964 6977 7007 7019 7032 7062 7144 7157 7187 7217 7229 7242 7254 7284 7332 7379 7908 7920 7933 7980 7993 8005 8018 8030 8060 8090 8120 8168 8198 8210 8470 8482 8495 8577 8590 8620 8632 8733 8745 8793 9207 9195 9250 9237 9225 9213 9225 9237 9250 9262 9275 9287 9300 9312 9324 9739 9727 9714 9744 9732 9720 9984 9971 9959 9946 9934 9921 9909
6312 6342 6372 6402 6414 6427 6474 6539 6587 6599 6629 6642 6654 6772 6784 6814 6844 6874 6887 6899 6929 6994 7007 7037 7049 7062 7092 7174 7187 7217 7247 7259 7272 7284 7297 7327 7374 7422 7950 7963 8010 8023 8035 8048 8060 8073 8103 8133 8163 8228 8240 8253 8512 8525 8537 8620 8632 8662 8675 8775 8823 9237 9225 9280 9267 9255 9243 9255 9267 9280 9292 9305 9317 9330 9342 9354 9769 9757 9744 9774 9762 9750 10014 10001 9989 9976 9964 9951 9939
6324 6354 6384 6414 6444 6474 6469 6517 6582 6629 6642 6672 6684 6802 6814 6844 6874 6904 6917 6929 6959 7024 7037 7067 7079 7092 7122 7204 7217 7247 7277 7289 7302 7314 7327 7357 7404 7452 7980 7993 8040 8053 8065 8078 8090 8103 8115 8145 8298 8328 8358 8388 8418 8448 8478 8508 8538 8568 8598 8628 8853 9267 9255 9310 9297 9285 9273 9285 9297 9310 9322 9335 9347 9360 9372 9384 9799 9787 9774 9804 9792 9780 10044 10031 10019 10006 9994 9981 9969
6337 6367 6397 6427 6457 6487 6517 6511 6559 6624 6672 6684 6714 6727 6844 6857 6887 6917 6947 6959 6972 7002 7067 7097 7109 7122 7152 7234 7247 7277 7307 7319 7332 7344 7357 7369 7399 7447 8038 8051 8063 8093 8123 8153 8183 8196 8226 8256 8286 8316 8346 8376 8406 8436 8466 8496 8526 8556 8586 8616 8646 8895 9285 9340 9327 9315 9303 9315 9327 9340 9352 9365 9377 9390 9402 9414 9829 9817 9804 9834 9822 9810 10074 10061 10049 10036 10024 10011 9999
6349 6379 6836 6866 6879 6944 6974 7004 7016 7029 7059 7089 7136 7149 7179 7226 7256 7269 7341 7353 7383 7431 7443 7551 7581 7611 7623 7636 7743 7773 7803 7833 7846 7876 7888 7918 7948 7961 8008 8021 8051 8081 8111 8141 8153 8183 8213 8243 8273 8303 8333 8363 8393 8423 8453 8483 8513 8543 8573 8603 8658 8688 9315 9370 9357 9345 9333 9345 9357 9370 9382 9395 9407 9420 9432 9444 9859 9847 9834 9864 9852 9840 10104 10091 10079 10066 10054 10041 10029
6781 6794 6824 6836 6901 6931 6961 6974 6986 7016 7046 7094 7106 7136 7184 7214 7226 7299 7311 7341 7389 7401 7509 7539 7569 7581 7593 7701 7731 7761 7773 7803 7816 7846 7858 7888 7918 7931 7978 7991 8021 8051 8081 8111 8141 8171 8201 8231 8261 8291 8321 8376 8406 8436 8466 8496 8526 8556 8586 8616 8646 8700 8730 9400 9387 9375 9363 9375 9387 9400 9412 9425 9437 9450 9462 9474 9889 9877 9864 9894 9907 9894 10134 10121 10109 10096 10084 10071 10059
6751 6781 6794 6824 6871 6901 6931 6944 6974 7004 7051 7064 7094 7141 7171 7184 7256 7269 7299 7346 7359 7466 7496 7526 7539 7551 7641 7671 7701 7731 7743 7773 7786 7816 7828 7858 7888 7918 7948 7978 8008 8038 8068 8098 8128 8158 8188 8218 8248 8303 8333 8363 8418 8448 8478 8508 8556 8568 8598 8628 8658 8688 8743 9430 9417 9405 9393 9405 9417 9430 9442 9455 9467 9480 9492 9504 9919 9907 9894 9924 9937 9949 9937 10151 10139 10126 10114 10101 10089
6721 6751 6781 6811 6841 6871 6901 6931 6961 7009 7021 7051 7099 7129 7141 7214 7226 7256 7304 7316 7346 7436 7466 7496 7509 7521 7611 7641 7671 7701 7713 7743 7756 7786 7816 7846 7876 7906 7961 7991 8021 8051 8098 8128 8158 8188 8201 8231 8261 8291 8346 8376 8448 8460 8490 8538 8586 8598 8610 8640 8670 8700 8730 9460 9447 9435 9423 9435 9447 9460 9472 9485 9497 9510 9522 9534 9949 9937 9924 9954 9967 9979 9992 9979 10169 10156 10144 10131 10119
6709 6739 6769 6799 6829 6859 6889 6919 6949 6979 7009 7039 7069 7099 7171 7184 7214 7261 7274 7304 7376 7406 7436 7466 7479 7526 7581 7611 7641 7671 7683 7713 7743 7773 7803 7858 7888 7918 7991 8003 8051 8081 8128 8158 8171 8201 8231 8243 8273 8303 8333 8388 8418 8490 8503 8533 8616 8628 8640 8653 8683 8713 8760 9490 9477 9465 9453 9465 9477 9490 9502 9515 9527 9540 9552 9564 9979 9967 9954 9984 9997 10009 10022 10034 10022 10211 10174 10161 10149
6697 6751 6781 6829 6859 6889 6919 6949 6979 6991 7021 7051 7081 7111 7141 7171 7201 7231 7261 7334 7346 7376 7406 7436 7466 7496 7551 7581 7611 7641 7671 7701 7756 7786 7816 7846 7901 7931 7961 8033 8046 8093 8123 8171 8201 8213 8243 8273 8286 8316 8346 8376 8430 8460 8533 8563 8575 8658 8670 8683 8713 8743 8790 9520 9507 9495 9483 9495 9507 9520 9532 9545 9557 9570 9582 9594 10009 9997 9984 10014 10027 10039 10052 10064 10052 10064 10254 9919 9992
6684 6764 6836 6859 6871 6901 6949 6979 7009 7021 7051 7081 7111 7141 7171 7184 7214 7244 7274 7304 7334 7364 7394 7424 7479 7509 7539 7569 7623 7653 7683 7713 7743 7798 7828 7858 7888 7943 7973 8003 8076 8088 8136 8201 8213 8243 8273 8303 8316 8328 8358 8388 8418 8473 8503 8575 8605 8618 8700 8713 8743 8773 8820 9550 9537 9525 9513 9525 9537 9550 9562 9575 9587 9600 9612 9624 10039 10027 10014 10044 10057 10069 10082 10094 9842 9854 9842 9889 9962
6721 6794 6806 6836 6866 6921 6944 6991 7039 7051 7081 7111 7141 7171 7201 7214 7244 7274 7304 7334 7346 7376 7406 7436 7509 7539 7551 7599 7653 7666 7696 7726 7756 7786 7841 7871 7901 7931 7986 8016 8046 8118 8130 8178 8243 8256 8303 8316 8346 8358 8370 8400 8430 8460 8515 8545 8618 8648 8660 8743 8755 8785 8850 9580 9567 9555 9543 9555 9567 9580 9592 9605 9617 9630 9642 9654 10069 10057 10044 10074 9649 9679 9709 9739 9787 9799 9812 9859 9932
6751 6764 6794 6824 6879 6933 6963 6993 7034 7081 7111 7141 7154 7201 7231 7244 7274 7304 7334 7364 7376 7389 7419 7449 7539 7569 7581 7629 7683 7696 7708 7738 7768 7798 7828 7883 7913 7943 7973 8028 8058 8088 8160 8173 8220 8286 8298 8346 8358 8388 8400 8413 8443 8473 8503 8558 8588 8660 8690 8703 8785 8798 8828 8893 9622 9610 9573 9275 9287 9300 9312 9342 9372 9384 9492 9504 9517 9582 9594 9607 9619 9649 9679 9709 9757 9769 9782 9829 9902
6721 6751 6781 6836 6891 6921 6993 7023 7053 7083 7113 7154 7184 7196 7244 7274 7286 7316 7364 7394 7406 7419 7431 7461 7491 7581 7611 7623 7671 7726 7738 7751 7781 7811 7841 7871 7926 7956 7986 8016 8070 8100 8130 8203 8215 8263 8328 8340 8388 8400 8430 8443 8455 8485 8515 8545 8600 8630 8703 8733 8745 8828 9077 9107 9137 9185 9215 9245 9257 9270 9282 9312 9342 9354 9462 9474 9487 9552 9564 9577 9589 9619 9649 9679 9727 9739 9752 9799 9872
6751 6764 6794 6849 6879 6951 6981 7011 7066 7121 7193 7223 7236 7266 7320 7350 7380 7410 7440 7406 7436 7449 7461 7473 7503 7533 7623 7653 7666 7713 7768 7781 7793 7823 7853 7883 7913 7968 7998 8028 8058 8113 8143 8173 8245 8258 8305 8370 8383 8430 8443 8473 8485 8498 8528 8558 8588 8643 8945 8992 9022 9035 9065 9095 9107 9155 9185 9215 9227 9240 9252 9282 9312 9324 9432 9444 9457 9522 9534 9547 9559 9589 9619 9649 9697 9709 9722 9769 9842
6781 6794 6806 6836 6909 6939 6969 7023 7078 7151 7181 7193 7223 7278 7308 7338 7368 7398 7428 7458 7488 7518 7548 7578 7516 7546 7576 7666 7696 7708 7756 7811 7823 7836 7866 7896 7926 7956 8010 8040 8070 8100 8155 8185 8215 8288 8300 8348 8413 8425 8473 8485 8515 8782 8795 8842 8872 8902 8932 8962 8992 9005 9035 9065 9077 9125 9155 9185 9197 9210 9222 9252 9282 9294 9402 9414 9427 9492 9504 9517 9529 9559 9589 9619 9667 9679 9692 9739 9769
6836 6824 6836 6866 6896 6951 6981 7036 7108 7138 7151 7181 7236 7266 7296 7368 7398 7428 7458 7488 7518 7548 7578 7608 7638 7558 7588 7618 7708 7738 7751 7798 7853 7866 7878 7908 8130 8160 8267 8297 8327 8357 8405 8487 8620 8632 8645 8657 8645 8632 8662 8710 8740 8752 8782 8812 8842 8872 8902 8932 8962 8975 9005 9035 9047 9095 9125 9155 9167 9180 9192 9222 9252 9264 9372 9384 9397 9462 9474 9487 9517 9529 9559 9589 9637 9649 9679 9709 9739
6866 6879 6866 6879 6909 6939 6993 7066 7096 7108 7138 7193 7223 7253 7326 7338 7368 7440 7453 7483 7513 7543 7573 7603 7650 7680 7601 7631 7661 7691 7721 7942 8032 8062 8075 8087 8117 8225 8290 8302 8350 8362 8445 8577 8590 8602 8615 8602 8590 8620 8650 8680 8710 8740 8752 8782 8812 8842 8872 8902 8932 8945 8975 9005 9017 9065 9095 9125 9137 9150 9162 9192 9222 9252 9342 9354 9367 9432 9444 9474 9487 9517 9547 9577 9607 9637 9667 9697 9769
6921 6909 6921 6909 6921 6951 7023 7053 7066 7096 7151 7181 7211 7283 7296 7326 7398 7410 7440 7470 7543 7573 7603 7633 7663 7693 7730 7785 7815 7887 7900 7990 8020 8032 8045 8075 8182 8247 8260 8307 8320 8403 8415 8547 8560 8572 8560 8547 8577 8590 8620 8650 8680 8710 8722 8752 8782 8812 8842 8872 8902 8915 8945 8975 8987 9035 9065 9095 9107 9120 9150 9180 9252 9300 9312 9324 9390 9402 9432 9444 9474 9504 9534 9564 9619 9649 9679 9727 9799
6951 6963 6951 6939 6951 6963 6993 7023 7053 7108 7138 7168 7241 7253 7283 7356 7368 7398 7428 7500 7530 7543 7573 7628 7658 7688 7743 7773 7845 7857 7947 7977 7990 8002 8032 8140 8205 8217 8265 8277 8360 8373 8385 8517 8530 8517 8505 8517 8547 8560 8590 8620 8650 8680 8692 8722 8752 8782 8812 8842 8872 8885 8915 8945 8957 9005 9035 9065 9077 9107 9137 9210 9257 9270 9282 9312 9360 9372 9402 9432 9462 9492 9522 9577 9649 9679 9709 9757 9829
7006 6993 6981 6993 6981 6993 7023 7036 7066 7096 7126 7198 7211 7241 7313 7326 7356 7386 7458 7488 7500 7530 7585 7615 7645 7700 7730 7803 7815 7905 7935 7947 7960 7990 8097 8163 8175 8223 8235 8300 8330 8343 8355 8487 8500 8487 8475 8487 8517 8530 8560 8590 8620 8650 8662 8692 8722 8752 8782 8812 8842 8855 8885 8915 8962 8975 9005 9035 9065 9095 9150 9180 9227 9240 9270 9300 9330 9360 9390 9420 9450 9480 9534 9607 9679 9709 9722 9752 9799
7036 7023 7036 7023 7011 7023 7053 7066 7096 7108 7138 7168 7198 7271 7283 7313 7343 7416 7446 7458 7488 7543 7573 7603 7658 7688 7760 7773 7863 7893 7905 7917 7947 8055 8120 8133 8180 8193 8258 8288 8300 8313 8325 8457 8470 8457 8445 8457 8487 8500 8530 8560 8590 8620 8632 8662 8692 8722 8752 8782 8812 8842 8872 8902 8932 8962 8992 9022 9052 9107 9137 9167 9197 9227 9257 9287 9317 9347 9377 9407 9462 9492 9522 9577 9649 9722 9752 9764 9794
7108 7138 7066 7053 7041 7053 7083 7096 7126 7138 7168 7198 7211 7241 7271 7301 7373 7403 7416 7446 7500 7530 7560 7615 7645 7718 7730 7820 7850 7863 7875 7905 8013 8078 8090 8138 8150 8163 8228 8258 8270 8283 8330 8427 8415 8427 8415 8427 8457 8470 8500 8530 8560 8590 8620 8650 8680 8752 8765 8812 8842 8855 8885 8915 8945 8975 9005 9035 9065 9095 9125 9155 9185 9215 9270 9300 9330 9360 9390 9420 9450 9480 9534 9564 9619 9692 9764 9794 9807
7096 7126 7156 7083 7071 7083 7113 7126 7156 7168 7198 7228 7241 7271 7283 7313 7343 7373 7403 7458 7488 7518 7573 7603 7675 7688 7778 7808 7820 7833 7863 7970 8018 8048 8060 8108 8120 8133 8198 8228 8240 8270 8300 8373 8385 8373 8385 8397 8427 8457 8487 8542 8590 8602 8632 8680 8710 8782 8795 8842 8872 8885 8915 8945 8975 8987 9017 9047 9077 9107 9137 9167 9197 9227 9257 9312 9342 9372 9402 9432 9462 9492 9522 9577 9607 9662 9734 9807 9837
7083 7113 7168 7198 7126 7113 7143 7156 7186 7198 7228 7258 7271 7301 7313 7343 7356 7386 7416 7446 7476 7530 7560 7633 7645 7735 7748 7778 7790 7820 7928 7958 7988 8018 8030 8078 8090 8103 8168 8198 8210 8240 8270 8300 8330 8343 8355 8385 8415 8470 8500 8572 8620 8632 8645 8675 8722 8812 8825 8872 8902 8915 8945 8975 9005 9017 9030 9060 9090 9120 9150 9180 9210 9240 9270 9300 9354 9384 9414 9444 9474 9504 9534 9564 9594 9649 9704 9777 9849
7096 7126 7156 7211 7241 7296 7326 7356 7241 7271 7258 7288 7301 7331 7343 7373 7386 7416 7446 7458 7488 7518 7590 7603 7693 7705 7735 7748 7778 7868 7898 7928 7958 7988 8000 8048 8060 8073 8138 8168 8180 8210 8240 8270 8300 8313 8343 8373 8427 8457 8512 8542 8615 8662 8675 8687 8717 8842 8855 8902 8932 8945 8957 9005 9060 9047 9060 9072 9102 9132 9162 9192 9222 9252 9282 9312 9342 9397 9427 9457 9487 9517 9547 9577 9607 9637 9667 9747 9819
7108 7138 7168 7198 7253 7283 7313 7368 7398 7453 7483 7318 7331 7361 7373 7403 7416 7446 7476 7488 7518 7530 7560 7590 7663 7693 7705 7735 7825 7838 7868 7898 7928 7958 7970 8018 8030 8060 8108 8138 8150 8180 8210 8240 8270 8300 8330 8385 8415 8470 8500 8555 8585 8692 8705 8717 8730 8760 8885 8932 8962 8975 8987 9035 9090 9102 9090 9102 9114 9144 9174 9204 9234 9264 9294 9324 9354 9384 9414 9469 9499 9529 9559 9589 9619 9649 9679 9709 9789
7138 7168 7181 7211 7241 7271 7326 7356 7410 7440 7470 7500 7530 7391 7403 7433 7446 7476 7506 7518 7548 7560 7590 7603 7633 7663 7693 7723 7795 7808 7838 7868 7898 7928 7958 7988 8018 8048 8078 8108 8138 8168 8198 8228 8300 8313 8343 8373 8427 8457 8512 8542 8597 8627 8735 8747 8760 8927 8975 9005 8992 9005 9017 9030 9077 9132 9120 9132 9144 9157 9187 9217 9247 9277 9307 9337 9367 9397 9427 9457 9512 9542 9572 9602 9632 9662 9692 9739 9752
7168 7198 7211 7223 7253 7283 7313 7368 7398 7428 7458 7488 7518 7548 7578 7633 7663 7548 7536 7548 7578 7590 7620 7633 7663 7693 7705 7735 7765 7795 7825 7855 7928 7958 7988 8018 8030 8060 8108 8138 8168 8198 8228 8258 8270 8343 8355 8385 8415 8470 8500 8555 8585 8640 8670 8777 8790 9095 9065 9035 9022 9035 9047 9060 9072 9162 9150 9162 9174 9187 9199 9229 9259 9289 9319 9349 9379 9409 9439 9469 9499 9554 9584 9614 9644 9674 9704 9734 9782
7198 7228 7241 7253 7266 7296 7326 7356 7386 7416 7470 7500 7530 7560 7590 7620 7650 7680 7710 7620 7608 7620 7650 7663 7693 7723 7735 7765 7795 7808 7838 7868 7958 7970 8018 8048 8060 8090 8138 8150 8180 8228 8258 8288 8300 8313 8385 8397 8427 8457 8512 8542 8572 8602 8682 8712 9155 9125 9095 9065 9052 9065 9077 9090 9102 9114 9204 9192 9204 9217 9229 9242 9272 -1 -1 -1 -1 -1 -1 -1 -1 -1 -1 -1 -1 -1 -1 -1 9812
7228 7258 7296 7308 7296 7326 7338 7368 7398 7428 7508 7538 7568 7598 7603 7700 7713 7743 7773 7803 7663 7693 7680 7693 7723 7753 7765 7795 7825 7838 7850 7880 7910 8000 8013 8078 8090 8120 8168 8180 8193 8223 8270 8300 8330 8343 8355 8427 8440 8470 8500 8530 8560 8590 8620 8675 9167 9137 9107 9095 9082 9095 9107 9120 9132 9162 9192 9247 9234 9247 9259 9272 -1 -1 -1 -1 -1 -1 -1 -1 -1 -1 -1 -1 -1 -1 -1 -1 -1
7258 7288 7326 7338 7368 7380 7368 7380 7410 7465 7495 7525 7555 7628 7658 7670 7725 7755 7785 7815 7845 7875 7923 7935 7795 7808 7795 7825 7855 7868 7880 7893 7923 7953 8043 8055 8120 8150 8198 8210 8223 8235 8265 8313 8343 8373 8385 8397 8470 8482 8512 8542 8572 8602 8632 8687 9180 9150 9137 9125 9137 9125 9137 9150 9162 9192 9222 9252 9289 9277 -1 -1 -1 -1 -1 -1 -1 -1 -1 -1 -1 -1 -1 -1 -1 -1 -1 -1 -1
7288 7318 7356 7410 7423 7410 7398 7410 7423 7453 7483 7513 7543 7598 7628 7683 7713 7743 7773 7803 7833 7863 7893 7923 7953 7983 8013 8043 7868 7898 7910 7923 7953 7983 8013 8043 8073 8163 8228 8240 8253 8265 8277 8307 8337 8367 8457 8487 8500 8512 8525 8555 8585 8615 8645 8700 9192 9180 9167 9155 9167 9155 9167 9180 9210 9240 9270 9300 9372 -1 -1 -1 -1 -1 -1 -1 -1 -1 -1 -1 -1 -1 -1 -1 -1 -1 -1 -1 -1
