tests/fixtures/watershed_abstraction/mdobre-womanly-ascot/dem/topaz/ELDCHA.ARC
ncols   776
nrows   755
xllcorner  564333
yllcorner 5021478
cellsize   30.00
nodata_value    -1.0
[rows 418 to 455 of 755, columns 425 to 509 of 776]
112.0 82.9 77.9 77.5 77.2 76.6 86.1 114.3 114.0 114.0 99.6 31.7 28.1 26.6 20.1 16.5 14.5 13.0 9.9 8.5 7.6 6.4 5.3 4.5 3.8 3.2 2.6 2.2 2.1 2.4 2.5 2.7 2.5 2.6 2.8 3.7 3.9 5.0 6.4 7.5 8.0 4.6 6.0 5.7 4.8 3.9 2.9 4.2 5.8 77.5 78.7 65.3 66.7 59.3 60.4 61.9 63.5 64.8 49.9 50.1 49.2 42.3 39.5 30.3 28.6 26.1 24.6 15.8 15.7 16.2 11.6 13.0 15.1 16.4 17.8 19.7 21.2 21.9 22.4 348.2 347.7 347.2 344.2 335.7 327.6
49.4 49.0 48.8 48.0 47.4 36.1 35.3 34.5 30.3 30.0 29.3 28.4 24.0 22.0 15.2 11.6 9.9 8.4 5.4 3.9 3.1 2.3 1.7 1.4 1.1 0.9 0.5 0.4 0.4 0.5 0.5 0.6 0.4 0.5 0.6 1.1 0.8 1.3 1.8 2.8 3.3 0.0 0.0 0.0 0.0 0.0 0.0 0.0 0.0 0.0 0.0 0.0 1.6 2.7 3.6 5.4 7.4 8.9 10.3 53.4 54.1 47.8 46.1 38.9 38.4 34.9 32.8 23.5 23.9 24.3 19.2 20.0 20.3 20.5 20.6 19.7 20.7 21.5 22.5 348.5 348.7 342.5 339.5 331.1 323.5
46.3 45.2 44.4 43.5 42.7 31.4 30.5 29.6 25.1 24.4 23.5 22.7 18.2 16.4 9.8 6.7 5.8 5.0 2.4 1.4 0.9 0.6 0.5 0.4 0.2 0.1 0.0 0.0 0.0 0.1 0.1 0.2 0.0 0.0 0.0 0.0 0.0 0.0 0.0 0.0 0.0 2.3 5.6 8.9 11.6 4.5 4.7 4.4 4.0 3.1 1.9 1.2 0.0 0.0 1.9 3.4 4.6 6.6 8.8 9.9 11.0 11.8 12.9 15.2 39.5 40.3 40.5 31.9 32.1 32.8 27.3 27.1 26.1 25.6 24.4 23.8 23.4 22.9 23.2 23.4 -1.0 342.3 338.9 333.1 325.6
39.8 38.5 37.5 36.7 35.9 24.9 24.1 23.3 18.9 18.0 17.5 17.3 13.8 12.3 6.0 3.2 3.0 3.0 1.1 0.6 0.4 0.2 0.2 0.1 0.1 0.1 0.0 0.0 0.0 0.0 0.0 0.0 0.2 0.7 0.7 0.9 0.7 1.0 2.2 0.0 3.5 5.1 8.5 12.3 15.3 18.1 10.0 8.8 7.9 5.1 4.4 4.3 3.5 2.7 4.0 5.7 7.1 8.8 10.9 12.2 13.1 13.3 13.0 14.5 17.0 18.6 42.6 34.5 35.1 36.7 32.3 33.4 33.7 33.1 31.5 28.5 26.6 25.3 -1.0 -1.0 -1.0 -1.0 339.0 334.3 326.7
32.2 30.7 29.9 29.2 28.7 17.9 17.4 17.1 13.3 13.1 13.0 12.9 10.1 9.5 3.9 1.6 1.8 2.2 0.5 0.3 0.1 0.0 0.0 0.0 0.0 0.0 0.0 0.0 0.0 0.1 0.2 0.0 0.5 1.8 2.1 2.1 2.0 3.3 4.1 5.3 0.0 8.5 10.2 13.6 16.3 18.9 12.9 3.0 3.7 3.8 4.6 6.4 9.3 6.7 8.7 11.2 13.1 14.2 15.7 16.8 18.2 19.5 18.8 18.6 20.6 22.5 22.9 37.4 37.4 37.4 38.0 39.3 40.7 35.7 35.7 -1.0 -1.0 -1.0 -1.0 -1.0 -1.0 -1.0 -1.0 332.9 327.1
23.7 22.6 22.4 22.5 23.0 12.7 12.8 13.0 9.4 9.5 9.7 7.4 8.2 7.8 2.5 0.6 1.1 1.0 0.0 0.0 0.0 0.1 0.1 0.2 0.1 0.1 0.0 0.0 0.1 0.2 0.5 0.0 1.4 2.9 4.1 3.5 3.3 5.0 7.3 8.5 9.3 0.0 2.9 5.9 8.6 10.7 1.7 1.1 1.2 1.6 2.9 4.7 7.9 10.8 13.8 15.5 16.2 17.3 17.7 18.8 20.3 22.1 23.4 25.1 25.4 28.7 30.6 46.1 46.5 44.2 42.8 43.2 44.7 38.7 -1.0 -1.0 -1.0 -1.0 -1.0 -1.0 -1.0 -1.0 -1.0 -1.0 -1.0
16.6 16.4 16.9 17.3 19.1 9.5 10.4 10.9 7.5 8.0 5.2 6.0 6.1 1.6 0.0 0.0 0.0 0.0 0.6 0.4 0.7 0.8 0.7 0.5 0.2 0.1 0.2 0.8 1.4 1.4 1.4 0.0 2.5 4.8 5.7 5.6 5.9 8.3 11.5 13.1 13.0 12.7 0.0 0.0 0.0 0.0 0.0 0.0 0.0 0.0 1.3 2.8 5.5 8.4 9.4 14.4 14.1 15.3 15.6 20.5 21.2 23.6 24.6 25.1 17.6 22.3 36.5 53.0 52.6 50.7 50.7 51.8 55.8 52.4 -1.0 -1.0 -1.0 -1.0 -1.0 -1.0 -1.0 -1.0 -1.0 -1.0 -1.0
12.0 13.6 15.5 11.9 7.6 8.7 9.4 6.4 7.1 4.2 4.7 4.5 0.0 0.0 1.1 0.5 1.0 2.3 2.8 3.7 3.9 4.7 3.7 2.3 1.6 1.5 2.5 5.5 8.2 6.0 4.3 0.0 3.9 6.7 8.5 8.9 10.4 13.7 17.7 20.3 20.3 17.3 17.3 4.7 3.1 1.7 2.1 2.9 1.5 1.4 0.0 0.0 2.1 4.5 8.3 8.2 9.8 11.1 13.7 15.0 11.6 13.5 14.5 14.9 17.4 21.8 26.8 28.7 29.2 53.2 55.0 57.7 58.5 -1.0 -1.0 -1.0 -1.0 -1.0 -1.0 -1.0 -1.0 -1.0 -1.0 -1.0 -1.0
10.2 12.3 8.9 4.4 5.3 6.9 7.1 4.9 5.3 2.5 2.4 0.0 0.0 1.8 2.3 2.5 3.8 6.2 7.5 10.2 10.7 12.7 10.0 7.1 6.0 6.2 8.5 13.6 18.3 13.5 9.2 3.7 0.0 8.2 11.1 12.8 15.1 19.8 24.4 27.4 27.1 24.4 23.3 8.9 6.1 4.1 4.9 5.9 7.0 4.1 1.8 0.0 0.0 0.0 2.2 3.9 4.9 8.0 11.1 8.2 10.1 11.0 11.4 13.5 16.5 20.4 24.0 25.9 26.9 25.5 27.5 29.7 30.7 -1.0 -1.0 -1.0 -1.0 -1.0 -1.0 -1.0 -1.0 -1.0 -1.0 -1.0 -1.0
9.4 7.7 6.8 1.9 3.0 3.3 3.3 2.6 0.0 0.0 0.0 2.9 5.6 0.0 5.1 6.2 8.0 10.2 12.8 14.7 16.3 16.6 15.7 13.1 12.0 12.7 15.2 19.4 22.5 18.8 14.3 8.1 3.5 0.0 13.1 17.1 20.7 24.7 27.7 29.3 29.3 29.6 29.3 14.3 10.9 8.6 10.1 10.6 10.5 6.2 3.5 0.0 2.6 2.1 0.0 0.0 3.2 6.4 3.7 4.9 6.5 7.5 8.8 11.5 16.3 20.3 22.6 24.1 21.8 24.1 26.8 29.1 30.1 -1.0 -1.0 -1.0 -1.0 -1.0 -1.0 -1.0 -1.0 -1.0 -1.0 -1.0 -1.0
4.3 4.1 3.2 0.0 0.0 0.0 0.0 0.0 1.6 3.3 5.5 4.1 7.9 11.5 0.0 11.0 11.4 12.9 14.9 17.2 18.0 18.9 19.1 18.5 18.8 19.2 21.1 26.7 25.4 21.8 19.1 13.1 8.1 0.0 5.6 20.6 26.2 27.8 28.3 29.6 31.4 32.3 33.8 20.6 16.8 12.9 14.0 13.8 9.8 6.7 5.1 0.0 2.1 4.4 3.9 2.8 0.0 1.9 1.1 2.0 3.8 5.7 7.7 10.6 16.1 20.3 21.7 19.6 20.3 22.1 24.4 27.3 29.4 -1.0 -1.0 -1.0 -1.0 -1.0 -1.0 -1.0 -1.0 -1.0 -1.0 -1.0 -1.0
0.0 0.0 0.0 1.9 3.7 2.4 3.2 3.5 3.2 4.8 6.6 9.3 13.8 13.6 16.4 0.0 14.9 15.7 16.6 18.3 20.1 20.8 22.6 24.4 24.1 24.1 26.0 28.8 25.7 23.6 22.8 18.2 13.1 4.4 0.0 13.0 27.9 29.8 30.5 31.3 33.9 36.2 37.6 25.3 21.5 16.1 15.6 11.5 9.2 8.6 6.8 0.0 1.4 3.4 6.4 9.0 6.5 0.0 0.0 0.9 3.6 6.0 8.5 12.3 17.3 18.7 17.5 18.3 19.3 21.1 22.8 25.5 28.6 -1.0 -1.0 -1.0 -1.0 -1.0 -1.0 -1.0 -1.0 -1.0 -1.0 -1.0 -1.0
5.3 3.5 3.5 3.1 4.6 6.3 5.4 5.9 6.4 7.0 8.5 10.8 15.3 19.0 17.4 19.7 0.0 18.2 18.4 19.4 20.7 23.0 24.4 26.0 26.9 28.1 29.7 31.7 29.4 27.4 27.3 24.2 19.3 10.6 0.0 5.5 16.3 18.1 20.4 35.0 37.9 39.8 41.8 42.2 22.2 19.6 12.3 10.2 9.8 10.0 2.3 0.9 0.0 2.7 4.7 7.7 7.3 0.4 0.0 0.8 3.4 5.8 8.8 12.6 14.9 14.7 15.9 16.8 17.9 19.7 21.6 24.6 28.1 -1.0 -1.0 -1.0 -1.0 -1.0 -1.0 -1.0 -1.0 -1.0 -1.0 -1.0 -1.0
6.0 8.0 10.0 11.7 5.8 7.6 9.3 8.5 9.7 10.9 10.7 12.2 15.5 19.5 22.4 25.0 22.6 0.0 20.2 20.5 21.9 25.1 27.5 28.3 29.2 31.8 34.8 36.5 36.3 34.0 32.4 28.3 25.7 17.2 4.2 0.0 7.4 10.2 14.1 26.3 40.6 43.1 44.9 45.0 26.0 20.3 15.6 12.5 11.9 5.8 3.9 2.1 0.8 0.0 4.4 8.0 1.8 0.5 0.0 0.6 2.3 4.7 7.0 10.2 11.0 13.0 14.1 15.0 16.6 18.4 -1.0 -1.0 -1.0 -1.0 -1.0 -1.0 -1.0 -1.0 -1.0 -1.0 -1.0 -1.0 -1.0 -1.0 -1.0
7.8 9.7 12.1 14.3 14.6 8.6 10.3 12.3 12.1 13.4 13.7 13.2 15.7 19.1 22.0 24.9 27.4 28.9 0.0 22.5 23.9 26.1 27.4 4.1 6.3 9.8 13.7 38.8 39.2 38.6 37.2 31.8 31.3 5.7 2.4 0.0 1.7 4.7 8.7 11.8 14.4 18.1 47.1 47.2 29.8 26.3 21.9 18.3 16.4 9.0 7.3 5.1 3.5 2.8 0.0 9.1 3.2 1.8 0.9 0.0 0.8 2.5 5.4 6.1 8.7 10.5 12.5 13.3 15.0 -1.0 -1.0 -1.0 -1.0 -1.0 -1.0 -1.0 -1.0 -1.0 -1.0 -1.0 -1.0 -1.0 -1.0 -1.0 -1.0
10.0 10.8 13.0 15.7 17.8 17.4 11.2 12.8 15.5 18.4 16.5 16.1 16.0 18.4 21.7 24.9 27.6 29.7 30.9 0.0 0.0 1.6 1.7 3.2 5.5 9.0 13.9 17.8 41.4 40.7 40.2 34.4 8.4 5.6 1.9 0.0 0.0 4.2 7.0 10.9 15.1 18.9 21.1 49.3 51.5 29.7 28.4 25.4 22.9 14.2 12.2 11.4 9.7 9.0 4.5 3.3 3.9 4.7 3.1 0.5 0.0 0.0 1.9 4.5 6.7 8.3 10.3 11.9 -1.0 -1.0 -1.0 -1.0 -1.0 -1.0 -1.0 -1.0 -1.0 -1.0 -1.0 -1.0 -1.0 -1.0 -1.0 -1.0 -1.0
15.1 13.4 14.2 16.4 18.3 19.8 19.4 21.2 23.9 27.4 22.2 19.2 18.9 19.3 22.4 25.6 28.7 31.6 33.9 33.9 1.9 0.0 0.0 1.6 4.4 8.4 13.5 18.6 19.9 42.7 38.2 37.8 8.0 4.1 0.0 1.3 1.9 0.0 0.0 3.6 7.8 11.6 10.6 10.8 13.1 54.7 31.8 31.0 23.2 19.6 17.5 18.9 19.4 15.9 7.6 4.6 4.6 7.2 5.0 3.3 2.5 3.1 2.4 4.1 5.7 7.1 9.0 -1.0 -1.0 -1.0 -1.0 -1.0 -1.0 -1.0 -1.0 -1.0 -1.0 -1.0 -1.0 -1.0 -1.0 -1.0 -1.0 -1.0 -1.0
16.9 18.3 16.6 17.2 18.8 20.2 22.0 22.1 25.1 28.9 31.5 24.7 21.8 22.3 25.9 28.4 32.1 34.5 36.4 37.1 4.7 1.4 1.1 1.5 4.0 7.7 12.5 18.6 21.9 45.5 40.6 11.4 8.9 4.7 0.0 4.6 5.2 3.0 3.9 0.0 2.9 5.3 5.5 9.0 12.6 13.7 15.3 27.8 25.9 23.2 23.8 27.2 28.8 17.4 9.7 5.8 4.6 6.8 6.4 6.2 4.6 4.6 3.9 5.5 6.5 7.0 -1.0 -1.0 -1.0 -1.0 -1.0 -1.0 -1.0 -1.0 -1.0 -1.0 -1.0 -1.0 -1.0 -1.0 -1.0 -1.0 -1.0 -1.0 -1.0
18.5 19.6 20.5 18.3 -1.0 -1.0 -1.0 -1.0 -1.0 -1.0 -1.0 -1.0 -1.0 -1.0 -1.0 -1.0 -1.0 -1.0 -1.0 40.9 11.5 7.6 6.2 5.4 6.6 7.9 12.4 19.6 24.1 47.8 14.4 10.3 7.1 3.6 0.0 7.7 9.0 7.1 6.6 7.0 0.0 1.5 2.9 6.0 9.1 13.3 16.1 30.7 30.6 28.6 30.7 34.7 27.6 20.0 13.1 7.5 4.9 6.1 8.4 5.7 4.9 5.1 6.3 6.6 -1.0 -1.0 -1.0 -1.0 -1.0 -1.0 -1.0 -1.0 -1.0 -1.0 -1.0 -1.0 -1.0 -1.0 -1.0 -1.0 -1.0 -1.0 -1.0 -1.0 -1.0
19.4 19.9 20.4 -1.0 -1.0 -1.0 -1.0 -1.0 -1.0 -1.0 -1.0 -1.0 -1.0 -1.0 -1.0 -1.0 -1.0 -1.0 -1.0 -1.0 25.0 21.7 16.4 13.0 12.3 13.6 16.6 21.7 26.5 50.7 15.6 9.4 3.3 0.0 2.1 10.9 12.7 10.9 10.4 9.3 8.9 0.0 0.0 2.0 7.7 13.0 17.6 23.2 37.7 35.2 36.5 38.9 30.1 24.2 16.4 9.6 6.3 6.5 8.9 7.1 6.2 6.2 6.9 -1.0 -1.0 -1.0 -1.0 -1.0 -1.0 -1.0 -1.0 -1.0 -1.0 -1.0 -1.0 -1.0 -1.0 -1.0 -1.0 -1.0 -1.0 -1.0 -1.0 -1.0 -1.0
19.5 -1.0 -1.0 -1.0 -1.0 -1.0 -1.0 -1.0 -1.0 -1.0 -1.0 -1.0 -1.0 -1.0 -1.0 -1.0 -1.0 -1.0 -1.0 -1.0 -1.0 -1.0 26.8 25.4 21.5 20.8 24.8 28.3 30.6 54.4 15.8 11.3 4.7 0.8 1.8 4.6 15.2 13.5 13.4 12.6 11.2 10.7 1.2 1.7 7.4 14.0 19.8 26.7 31.9 41.9 40.6 36.5 35.6 30.4 20.4 13.8 9.8 7.7 8.9 11.3 8.2 8.3 -1.0 -1.0 -1.0 -1.0 -1.0 -1.0 -1.0 -1.0 -1.0 -1.0 -1.0 -1.0 -1.0 -1.0 -1.0 -1.0 -1.0 -1.0 -1.0 -1.0 -1.0 -1.0 -1.0
-1.0 -1.0 -1.0 -1.0 -1.0 -1.0 -1.0 -1.0 -1.0 -1.0 -1.0 -1.0 -1.0 -1.0 -1.0 -1.0 -1.0 -1.0 -1.0 -1.0 -1.0 -1.0 -1.0 30.0 28.3 25.3 28.5 32.5 34.0 56.9 17.3 12.3 5.9 4.1 3.5 5.8 8.9 16.3 16.3 15.5 14.0 13.1 3.1 4.6 10.6 17.4 24.1 30.0 34.0 45.4 42.0 43.0 37.2 30.9 24.2 20.0 13.3 9.2 8.9 10.7 9.2 -1.0 -1.0 -1.0 -1.0 -1.0 -1.0 -1.0 -1.0 -1.0 -1.0 -1.0 -1.0 -1.0 -1.0 -1.0 -1.0 -1.0 -1.0 -1.0 -1.0 -1.0 -1.0 -1.0 -1.0
-1.0 -1.0 -1.0 -1.0 -1.0 -1.0 -1.0 -1.0 -1.0 -1.0 -1.0 -1.0 -1.0 -1.0 -1.0 -1.0 -1.0 -1.0 -1.0 -1.0 -1.0 -1.0 -1.0 -1.0 32.1 30.6 32.2 34.5 35.7 58.7 19.1 16.3 10.6 8.2 7.8 9.5 11.8 13.6 20.0 19.5 18.6 17.8 8.1 10.4 17.7 24.0 29.5 33.3 35.2 46.9 43.9 43.8 36.9 31.8 27.4 22.4 14.9 11.0 9.9 10.4 -1.0 -1.0 -1.0 -1.0 -1.0 -1.0 -1.0 -1.0 -1.0 -1.0 -1.0 -1.0 -1.0 -1.0 -1.0 -1.0 -1.0 -1.0 -1.0 -1.0 -1.0 -1.0 -1.0 -1.0 -1.0
-1.0 -1.0 -1.0 -1.0 -1.0 -1.0 -1.0 -1.0 -1.0 -1.0 -1.0 -1.0 -1.0 -1.0 -1.0 -1.0 -1.0 -1.0 -1.0 -1.0 -1.0 -1.0 -1.0 -1.0 33.7 33.3 34.8 36.2 36.7 20.4 20.1 20.3 20.2 17.1 14.0 13.9 15.3 17.6 24.8 26.5 28.5 28.1 15.6 16.5 23.5 29.0 32.2 34.2 36.0 48.1 47.7 47.0 39.7 34.1 28.3 22.3 16.2 -1.0 -1.0 -1.0 -1.0 -1.0 -1.0 -1.0 -1.0 -1.0 -1.0 -1.0 -1.0 -1.0 -1.0 -1.0 -1.0 -1.0 -1.0 -1.0 -1.0 -1.0 -1.0 -1.0 -1.0 -1.0 -1.0 -1.0 -1.0
-1.0 -1.0 -1.0 -1.0 -1.0 -1.0 -1.0 -1.0 -1.0 -1.0 -1.0 -1.0 -1.0 -1.0 -1.0 -1.0 -1.0 -1.0 -1.0 -1.0 -1.0 -1.0 -1.0 -1.0 -1.0 -1.0 36.0 36.3 20.5 20.2 20.2 20.3 20.6 21.0 20.8 18.8 19.4 21.2 29.5 33.4 35.8 37.0 24.9 23.4 28.5 32.3 33.9 35.1 36.3 36.5 48.4 42.9 -1.0 -1.0 -1.0 -1.0 -1.0 -1.0 -1.0 -1.0 -1.0 -1.0 -1.0 -1.0 -1.0 -1.0 -1.0 -1.0 -1.0 -1.0 -1.0 -1.0 -1.0 -1.0 -1.0 -1.0 -1.0 -1.0 -1.0 -1.0 -1.0 -1.0 -1.0 -1.0 -1.0
-1.0 -1.0 -1.0 -1.0 -1.0 -1.0 -1.0 -1.0 -1.0 -1.0 -1.0 -1.0 -1.0 -1.0 -1.0 -1.0 -1.0 -1.0 -1.0 -1.0 -1.0 -1.0 -1.0 -1.0 -1.0 -1.0 -1.0 -1.0 -1.0 20.6 20.3 20.3 20.4 20.8 21.6 22.0 22.8 24.0 26.4 35.9 39.7 33.2 32.1 29.5 31.9 34.9 35.4 35.6 35.7 35.8 36.0 -1.0 -1.0 -1.0 -1.0 -1.0 -1.0 -1.0 -1.0 -1.0 -1.0 -1.0 -1.0 -1.0 -1.0 -1.0 -1.0 -1.0 -1.0 -1.0 -1.0 -1.0 -1.0 -1.0 -1.0 -1.0 -1.0 -1.0 -1.0 -1.0 -1.0 -1.0 -1.0 -1.0 -1.0
-1.0 -1.0 -1.0 -1.0 -1.0 -1.0 -1.0 -1.0 -1.0 -1.0 -1.0 -1.0 -1.0 -1.0 -1.0 -1.0 -1.0 -1.0 -1.0 -1.0 -1.0 -1.0 -1.0 -1.0 -1.0 -1.0 -1.0 -1.0 -1.0 -1.0 -1.0 20.4 20.3 20.7 21.5 22.9 24.3 26.3 29.7 33.8 43.0 44.8 36.1 36.9 37.3 37.6 37.6 36.5 35.9 35.7 35.8 36.2 -1.0 -1.0 -1.0 -1.0 -1.0 -1.0 -1.0 -1.0 -1.0 -1.0 -1.0 -1.0 -1.0 -1.0 -1.0 -1.0 -1.0 -1.0 -1.0 -1.0 -1.0 -1.0 -1.0 -1.0 -1.0 -1.0 -1.0 -1.0 -1.0 -1.0 -1.0 -1.0 -1.0
-1.0 -1.0 -1.0 -1.0 -1.0 -1.0 -1.0 -1.0 -1.0 -1.0 -1.0 -1.0 -1.0 -1.0 -1.0 -1.0 -1.0 -1.0 -1.0 -1.0 -1.0 -1.0 -1.0 -1.0 -1.0 -1.0 -1.0 -1.0 -1.0 -1.0 -1.0 -1.0 -1.0 -1.0 -1.0 -1.0 26.2 29.2 33.4 37.4 40.3 47.5 39.7 40.8 41.3 40.9 39.7 37.6 36.7 36.4 37.2 -1.0 -1.0 -1.0 -1.0 -1.0 -1.0 -1.0 -1.0 -1.0 -1.0 -1.0 -1.0 -1.0 -1.0 -1.0 -1.0 -1.0 -1.0 -1.0 -1.0 -1.0 -1.0 -1.0 -1.0 -1.0 -1.0 -1.0 -1.0 -1.0 -1.0 -1.0 -1.0 -1.0 -1.0
-1.0 -1.0 -1.0 -1.0 -1.0 -1.0 -1.0 -1.0 -1.0 -1.0 -1.0 -1.0 -1.0 -1.0 -1.0 -1.0 -1.0 -1.0 -1.0 -1.0 -1.0 -1.0 -1.0 -1.0 -1.0 -1.0 -1.0 -1.0 -1.0 -1.0 -1.0 -1.0 -1.0 -1.0 -1.0 -1.0 -1.0 -1.0 -1.0 -1.0 -1.0 -1.0 -1.0 -1.0 42.7 43.0 41.5 39.4 37.6 36.6 -1.0 -1.0 -1.0 -1.0 -1.0 -1.0 -1.0 -1.0 -1.0 -1.0 -1.0 -1.0 -1.0 -1.0 -1.0 -1.0 -1.0 -1.0 -1.0 -1.0 -1.0 -1.0 -1.0 -1.0 -1.0 -1.0 -1.0 -1.0 -1.0 -1.0 -1.0 -1.0 -1.0 -1.0 -1.0
-1.0 -1.0 -1.0 -1.0 -1.0 -1.0 -1.0 -1.0 -1.0 -1.0 -1.0 -1.0 -1.0 -1.0 -1.0 -1.0 -1.0 -1.0 -1.0 -1.0 -1.0 -1.0 -1.0 -1.0 -1.0 -1.0 -1.0 -1.0 -1.0 -1.0 -1.0 -1.0 -1.0 -1.0 -1.0 -1.0 -1.0 -1.0 -1.0 -1.0 -1.0 -1.0 -1.0 -1.0 -1.0 -1.0 42.2 40.6 38.3 -1.0 -1.0 -1.0 -1.0 -1.0 -1.0 -1.0 -1.0 -1.0 -1.0 -1.0 -1.0 -1.0 -1.0 -1.0 -1.0 -1.0 -1.0 -1.0 -1.0 -1.0 -1.0 -1.0 -1.0 -1.0 -1.0 -1.0 -1.0 -1.0 -1.0 -1.0 -1.0 -1.0 -1.0 -1.0 -1.0
-1.0 -1.0 -1.0 -1.0 -1.0 -1.0 -1.0 -1.0 -1.0 -1.0 -1.0 -1.0 -1.0 -1.0 -1.0 -1.0 -1.0 -1.0 -1.0 -1.0 -1.0 -1.0 -1.0 -1.0 -1.0 -1.0 -1.0 -1.0 -1.0 -1.0 -1.0 -1.0 -1.0 -1.0 -1.0 -1.0 -1.0 -1.0 -1.0 -1.0 -1.0 -1.0 -1.0 -1.0 -1.0 -1.0 -1.0 -1.0 -1.0 -1.0 -1.0 -1.0 -1.0 -1.0 -1.0 -1.0 -1.0 -1.0 -1.0 -1.0 -1.0 -1.0 -1.0 -1.0 -1.0 -1.0 -1.0 -1.0 -1.0 -1.0 -1.0 -1.0 -1.0 -1.0 -1.0 -1.0 -1.0 -1.0 -1.0 -1.0 -1.0 -1.0 -1.0 -1.0 -1.0
-1.0 -1.0 -1.0 -1.0 -1.0 -1.0 -1.0 -1.0 -1.0 -1.0 -1.0 -1.0 -1.0 -1.0 -1.0 -1.0 -1.0 -1.0 -1.0 -1.0 -1.0 -1.0 -1.0 -1.0 -1.0 -1.0 -1.0 -1.0 -1.0 -1.0 -1.0 -1.0 -1.0 -1.0 -1.0 -1.0 -1.0 -1.0 -1.0 -1.0 -1.0 -1.0 -1.0 -1.0 -1.0 -1.0 -1.0 -1.0 -1.0 -1.0 -1.0 -1.0 -1.0 -1.0 -1.0 -1.0 -1.0 -1.0 -1.0 -1.0 -1.0 -1.0 -1.0 -1.0 -1.0 -1.0 -1.0 -1.0 -1.0 -1.0 -1.0 -1.0 -1.0 -1.0 -1.0 -1.0 -1.0 -1.0 -1.0 -1.0 -1.0 -1.0 -1.0 -1.0 -1.0
-1.0 -1.0 -1.0 -1.0 -1.0 -1.0 -1.0 -1.0 -1.0 -1.0 -1.0 -1.0 -1.0 -1.0 -1.0 -1.0 -1.0 -1.0 -1.0 -1.0 -1.0 -1.0 -1.0 -1.0 -1.0 -1.0 -1.0 -1.0 -1.0 -1.0 -1.0 -1.0 -1.0 -1.0 -1.0 -1.0 -1.0 -1.0 -1.0 -1.0 -1.0 -1.0 -1.0 -1.0 -1.0 -1.0 -1.0 -1.0 -1.0 -1.0 -1.0 -1.0 -1.0 -1.0 -1.0 -1.0 -1.0 -1.0 -1.0 -1.0 -1.0 -1.0 -1.0 -1.0 -1.0 -1.0 -1.0 -1.0 -1.0 -1.0 -1.0 -1.0 -1.0 -1.0 -1.0 -1.0 -1.0 -1.0 -1.0 -1.0 -1.0 -1.0 -1.0 -1.0 -1.0
-1.0 -1.0 -1.0 -1.0 -1.0 -1.0 -1.0 -1.0 -1.0 -1.0 -1.0 -1.0 -1.0 -1.0 -1.0 -1.0 -1.0 -1.0 -1.0 -1.0 -1.0 -1.0 -1.0 -1.0 -1.0 -1.0 -1.0 -1.0 -1.0 -1.0 -1.0 -1.0 -1.0 -1.0 -1.0 -1.0 -1.0 -1.0 -1.0 -1.0 -1.0 -1.0 -1.0 -1.0 -1.0 -1.0 -1.0 -1.0 -1.0 -1.0 -1.0 -1.0 -1.0 -1.0 -1.0 -1.0 -1.0 -1.0 -1.0 -1.0 -1.0 -1.0 -1.0 -1.0 -1.0 -1.0 -1.0 -1.0 -1.0 -1.0 -1.0 -1.0 -1.0 -1.0 -1.0 -1.0 -1.0 -1.0 -1.0 -1.0 -1.0 -1.0 -1.0 -1.0 -1.0
-1.0 -1.0 -1.0 -1.0 -1.0 -1.0 -1.0 -1.0 -1.0 -1.0 -1.0 -1.0 -1.0 -1.0 -1.0 -1.0 -1.0 -1.0 -1.0 -1.0 -1.0 -1.0 -1.0 -1.0 -1.0 -1.0 -1.0 -1.0 -1.0 -1.0 -1.0 -1.0 -1.0 -1.0 -1.0 -1.0 -1.0 -1.0 -1.0 -1.0 -1.0 -1.0 -1.0 -1.0 -1.0 -1.0 -1.0 -1.0 -1.0 -1.0 -1.0 -1.0 -1.0 -1.0 -1.0 -1.0 -1.0 -1.0 -1.0 -1.0 -1.0 -1.0 -1.0 -1.0 -1.0 -1.0 -1.0 -1.0 -1.0 -1.0 -1.0 -1.0 -1.0 -1.0 -1.0 -1.0 -1.0 -1.0 -1.0 -1.0 -1.0 -1.0 -1.0 -1.0 -1.0
-1.0 -1.0 -1.0 -1.0 -1.0 -1.0 -1.0 -1.0 -1.0 -1.0 -1.0 -1.0 -1.0 -1.0 -1.0 -1.0 -1.0 -1.0 -1.0 -1.0 -1.0 -1.0 -1.0 -1.0 -1.0 -1.0 -1.0 -1.0 -1.0 -1.0 -1.0 -1.0 -1.0 -1.0 -1.0 -1.0 -1.0 -1.0 -1.0 -1.0 -1.0 -1.0 -1.0 -1.0 -1.0 -1.0 -1.0 -1.0 -1.0 -1.0 -1.0 -1.0 -1.0 -1.0 -1.0 -1.0 -1.0 -1.0 -1.0 -1.0 -1.0 -1.0 -1.0 -1.0 -1.0 -1.0 -1.0 -1.0 -1.0 -1.0 -1.0 -1.0 -1.0 -1.0 -1.0 -1.0 -1.0 -1.0 -1.0 -1.0 -1.0 -1.0 -1.0 -1.0 -1.0
-1.0 -1.0 -1.0 -1.0 -1.0 -1.0 -1.0 -1.0 -1.0 -1.0 -1.0 -1.0 -1.0 -1.0 -1.0 -1.0 -1.0 -1.0 -1.0 -1.0 -1.0 -1.0 -1.0 -1.0 -1.0 -1.0 -1.0 -1.0 -1.0 -1.0 -1.0 -1.0 -1.0 -1.0 -1.0 -1.0 -1.0 -1.0 -1.0 -1.0 -1.0 -1.0 -1.0 -1.0 -1.0 -1.0 -1.0 -1.0 -1.0 -1.0 -1.0 -1.0 -1.0 -1.0 -1.0 -1.0 -1.0 -1.0 -1.0 -1.0 -1.0 -1.0 -1.0 -1.0 -1.0 -1.0 -1.0 -1.0 -1.0 -1.0 -1.0 -1.0 -1.0 -1.0 -1.0 -1.0 -1.0 -1.0 -1.0 -1.0 -1.0 -1.0 -1.0 -1.0 -1.0
-1.0 -1.0 -1.0 -1.0 -1.0 -1.0 -1.0 -1.0 -1.0 -1.0 -1.0 -1.0 -1.0 -1.0 -1.0 -1.0 -1.0 -1.0 -1.0 -1.0 -1.0 -1.0 -1.0 -1.0 -1.0 -1.0 -1.0 -1.0 -1.0 -1.0 -1.0 -1.0 -1.0 -1.0 -1.0 -1.0 -1.0 -1.0 -1.0 -1.0 -1.0 -1.0 -1.0 -1.0 -1.0 -1.0 -1.0 -1.0 -1.0 -1.0 -1.0 -1.0 -1.0 -1.0 -1.0 -1.0 -1.0 -1.0 -1.0 -1.0 -1.0 -1.0 -1.0 -1.0 -1.0 -1.0 -1.0 -1.0 -1.0 -1.0 -1.0 -1.0 -1.0 -1.0 -1.0 -1.0 -1.0 -1.0 -1.0 -1.0 -1.0 -1.0 -1.0 -1.0 -1.0
