tests/fixtures/watershed_abstraction/mdobre-womanly-ascot/dem/topaz/ELDCHA.ARC
ncols   776
nrows   755
xllcorner  564333
yllcorner 5021478
cellsize   30.00
nodata_value    -1.0
[rows 304 to 341 of 755, columns 340 to 424 of 776]
-1.0 -1.0 -1.0 -1.0 -1.0 -1.0 -1.0 -1.0 -1.0 -1.0 -1.0 -1.0 -1.0 -1.0 -1.0 -1.0 -1.0 -1.0 -1.0 -1.0 -1.0 -1.0 -1.0 -1.0 -1.0 -1.0 -1.0 -1.0 -1.0 -1.0 -1.0 -1.0 93.6 95.3 102.1 105.3 114.1 116.5 117.1 99.9 98.1 95.3 92.9 91.4 90.9 91.7 95.0 103.4 113.0 114.3 118.4 123.2 120.2 5.7 4.2 2.7 1.8 0.9 0.2 0.0 0.0 0.0 0.0 0.6 1.0 0.0 0.0 1.2 2.8 5.4 10.3 16.3 23.8 32.5 39.7 44.6 48.7 56.4 54.0 49.5 45.7 42.9 40.5 38.1 35.0
-1.0 -1.0 -1.0 -1.0 -1.0 -1.0 -1.0 -1.0 -1.0 -1.0 -1.0 -1.0 -1.0 -1.0 -1.0 -1.0 -1.0 -1.0 -1.0 -1.0 -1.0 -1.0 -1.0 -1.0 -1.0 -1.0 -1.0 -1.0 -1.0 -1.0 -1.0 89.5 91.2 92.5 98.6 106.5 110.0 113.1 114.6 97.5 95.5 93.2 90.9 90.1 90.2 90.8 93.4 99.1 103.9 110.3 113.5 115.6 112.8 117.6 3.6 2.6 1.9 1.2 0.5 0.0 0.0 0.4 0.1 0.2 0.0 0.8 2.2 4.0 4.2 7.9 14.7 22.3 30.2 39.0 45.7 48.9 98.1 53.5 49.4 43.4 38.5 35.4 33.1 31.1 28.5
-1.0 -1.0 -1.0 -1.0 -1.0 -1.0 -1.0 -1.0 -1.0 -1.0 -1.0 -1.0 -1.0 -1.0 -1.0 -1.0 -1.0 -1.0 -1.0 -1.0 -1.0 -1.0 47.9 48.4 48.5 48.3 48.8 -1.0 -1.0 83.9 86.0 88.1 89.6 90.6 95.7 102.5 105.4 108.0 109.4 93.6 92.4 89.9 89.3 89.5 90.1 85.1 85.9 88.5 94.8 101.4 106.6 110.9 109.9 116.1 115.7 115.6 2.4 1.9 1.1 0.2 0.0 0.2 0.0 0.0 0.3 1.7 3.9 5.5 8.3 10.4 17.6 27.8 37.0 44.8 96.0 95.0 92.9 89.7 42.3 36.6 31.2 27.2 24.7 23.6 21.3
-1.0 -1.0 -1.0 -1.0 -1.0 -1.0 -1.0 -1.0 -1.0 -1.0 -1.0 -1.0 -1.0 -1.0 -1.0 -1.0 -1.0 -1.0 -1.0 -1.0 49.9 48.6 46.8 46.2 46.8 47.6 48.7 49.2 80.7 82.3 84.3 86.7 88.0 88.4 93.1 99.2 100.3 100.9 101.7 85.9 86.2 87.1 88.8 90.2 85.8 85.2 83.4 84.3 87.7 92.4 97.7 103.0 104.8 112.4 114.4 116.0 116.3 2.9 2.1 1.1 0.7 0.0 0.4 108.4 108.2 109.1 113.2 118.1 10.9 14.4 22.2 33.3 162.0 87.1 86.7 85.1 83.0 80.5 41.7 30.1 24.5 20.0 16.4 15.5 14.0
-1.0 -1.0 -1.0 -1.0 -1.0 -1.0 -1.0 -1.0 -1.0 -1.0 -1.0 -1.0 -1.0 -1.0 -1.0 -1.0 -1.0 47.1 47.6 47.6 47.8 47.5 45.8 44.1 44.2 46.2 47.9 48.7 79.8 80.2 81.4 84.5 86.6 86.4 90.5 95.7 95.4 94.2 94.0 79.1 82.2 85.7 88.8 110.3 85.8 84.1 79.9 78.9 81.7 85.9 89.4 93.8 104.7 107.7 111.0 114.2 125.7 125.8 2.4 1.8 0.6 0.0 0.7 108.0 108.0 108.7 111.8 118.0 121.5 124.3 128.3 134.6 153.0 76.3 75.6 74.8 73.3 72.0 70.9 30.7 17.9 13.2 9.3 8.2 7.0
-1.0 -1.0 -1.0 -1.0 -1.0 -1.0 -1.0 -1.0 -1.0 -1.0 -1.0 -1.0 -1.0 -1.0 -1.0 -1.0 -1.0 45.4 45.3 44.6 45.2 45.6 44.5 42.7 42.2 44.5 47.2 68.4 79.0 78.0 77.7 79.5 81.6 81.5 85.5 90.4 89.5 88.2 87.8 72.2 75.3 80.0 104.3 93.0 81.3 79.7 75.5 72.2 73.3 78.5 84.3 96.3 100.2 103.7 106.8 120.0 122.9 131.8 132.0 50.8 32.1 1.4 0.0 107.4 107.6 108.4 110.8 116.0 119.5 120.0 123.2 126.7 144.7 68.1 66.9 65.3 64.4 64.0 64.3 55.7 19.9 8.5 5.8 4.8 3.3
-1.0 -1.0 -1.0 -1.0 -1.0 -1.0 -1.0 -1.0 -1.0 -1.0 -1.0 -1.0 -1.0 -1.0 -1.0 -1.0 44.8 44.6 43.8 42.6 43.6 44.6 43.8 42.3 41.8 43.3 65.9 67.3 77.2 75.2 74.3 74.4 75.0 74.7 78.5 83.1 82.4 81.8 81.5 65.0 67.1 90.9 90.1 83.6 71.8 71.6 69.2 66.4 66.1 69.9 82.9 89.7 97.8 102.1 104.3 116.0 117.7 126.7 48.1 49.4 49.5 30.7 0.0 106.2 106.3 108.5 111.5 115.1 117.8 116.6 117.4 118.1 134.2 58.2 57.6 55.7 55.6 56.6 57.0 129.9 46.6 12.7 3.7 2.6 1.2
-1.0 -1.0 -1.0 -1.0 -1.0 -1.0 -1.0 -1.0 -1.0 -1.0 -1.0 -1.0 -1.0 -1.0 -1.0 48.1 46.3 50.9 43.6 41.3 41.1 42.4 42.2 41.1 41.0 61.8 63.2 63.8 73.5 71.4 70.1 69.1 67.5 66.3 70.5 75.2 74.9 74.6 74.5 58.2 59.3 81.1 78.3 71.4 60.5 61.2 60.2 58.3 58.4 69.1 73.8 80.1 88.1 96.6 110.6 113.3 114.4 121.9 42.2 44.2 45.6 28.2 0.0 104.3 105.0 107.2 110.6 114.8 113.8 112.8 111.5 110.2 125.5 48.4 47.7 46.8 46.9 48.8 50.0 124.0 42.9 41.4 9.7 1.6 0.0
-1.0 -1.0 -1.0 -1.0 -1.0 -1.0 -1.0 -1.0 -1.0 -1.0 -1.0 -1.0 -1.0 -1.0 52.3 51.1 59.3 56.3 48.7 39.4 36.8 36.9 37.4 37.4 38.2 58.5 58.8 58.3 67.7 65.6 63.5 61.5 59.3 57.8 61.8 66.6 66.8 66.8 67.4 51.6 52.3 73.0 68.6 60.1 48.7 48.3 48.1 47.8 48.6 59.3 64.0 69.2 77.2 97.1 103.2 109.0 112.3 119.5 38.1 40.1 24.8 3.9 0.0 103.2 104.1 105.6 107.8 110.5 110.1 108.7 106.5 104.7 118.7 41.2 40.8 41.1 41.9 43.5 45.6 120.4 40.1 39.6 32.0 7.5 0.0
-1.0 -1.0 -1.0 -1.0 -1.0 -1.0 -1.0 -1.0 -1.0 -1.0 -1.0 -1.0 -1.0 55.7 53.9 71.1 68.0 63.4 51.2 41.7 31.8 30.2 30.9 31.9 33.3 53.5 52.6 51.6 60.4 58.0 55.6 53.4 51.2 49.0 52.4 57.6 58.0 58.8 60.3 45.3 46.5 67.1 61.7 51.6 37.8 35.3 34.1 34.6 36.1 47.0 52.1 58.4 76.0 85.0 92.9 99.8 113.5 115.9 35.3 19.6 0.0 0.0 102.4 102.1 102.9 104.0 105.9 105.7 106.0 104.2 102.4 100.5 115.3 38.0 37.7 38.0 39.0 40.5 116.0 37.5 37.6 36.0 28.1 5.1 0.0
-1.0 -1.0 -1.0 -1.0 -1.0 -1.0 -1.0 -1.0 -1.0 -1.0 -1.0 128.8 126.3 123.4 121.1 117.9 67.6 62.3 55.9 42.7 33.1 24.1 24.3 25.2 26.3 46.1 44.9 43.5 52.2 49.6 47.0 44.8 42.1 39.8 44.2 50.3 51.3 53.1 55.2 40.6 42.3 63.1 57.5 54.9 42.9 26.5 23.1 21.8 23.1 34.9 40.3 57.6 65.6 74.6 82.3 96.7 102.3 25.5 10.6 0.0 104.0 111.4 117.3 100.6 102.3 103.3 116.9 103.1 102.5 100.8 98.6 96.1 110.7 34.3 34.3 35.4 37.3 112.8 113.3 34.1 32.6 30.9 23.0 0.0 10.5
-1.0 126.1 126.8 125.6 -1.0 -1.0 -1.0 -1.0 -1.0 127.4 126.4 126.3 124.4 122.3 119.4 116.8 112.6 60.2 53.5 47.7 34.9 25.7 17.8 17.1 17.0 36.3 35.6 33.9 42.6 39.5 35.9 33.4 31.4 31.1 37.1 43.8 45.9 48.9 35.3 37.5 59.1 70.6 55.1 52.6 48.1 34.2 17.7 13.4 12.6 23.5 38.8 45.5 53.5 61.9 77.8 85.9 91.8 14.0 0.0 90.3 100.4 111.7 110.8 94.2 100.4 115.3 101.3 102.2 102.1 98.4 93.0 89.3 103.8 26.5 28.0 29.7 31.3 106.9 109.1 36.7 27.9 25.1 16.2 0.0 12.8
121.6 124.0 125.6 124.4 124.4 124.6 124.6 126.3 125.1 125.5 124.2 122.2 120.3 118.3 115.6 111.9 108.9 104.0 98.8 45.0 39.2 26.6 18.0 9.2 7.6 26.8 26.0 24.1 32.2 28.1 23.7 21.1 19.6 20.4 27.5 35.5 39.0 26.9 30.5 53.0 55.2 66.8 63.7 50.3 45.8 40.3 26.5 9.1 5.2 13.4 27.8 33.5 40.7 56.6 64.5 71.9 77.6 0.0 71.9 82.9 87.7 98.4 99.2 84.2 90.7 106.3 93.4 94.7 94.1 90.0 83.7 80.1 94.0 16.1 17.7 22.3 25.4 99.9 99.0 23.8 16.8 15.9 7.2 0.0 8.8
114.6 117.8 120.1 120.7 119.9 119.3 118.9 119.1 115.8 114.9 114.6 113.7 112.9 111.9 108.2 104.2 101.3 98.4 93.7 88.3 34.7 29.2 17.3 8.7 0.0 18.0 16.7 15.3 23.9 20.5 16.9 12.9 9.3 8.3 15.2 24.2 12.3 18.8 43.3 46.9 59.9 61.5 59.1 54.1 42.4 37.3 31.8 17.5 0.0 5.7 18.4 22.8 35.9 44.5 52.2 58.6 63.6 0.0 56.0 65.8 70.6 80.9 83.5 70.6 79.0 93.6 80.2 81.1 80.6 77.9 75.1 73.2 87.0 10.4 11.1 13.9 96.7 92.8 92.7 17.9 9.9 7.3 0.0 20.1 44.1
108.8 110.1 110.7 110.5 110.0 108.9 107.0 106.4 102.9 101.7 101.6 101.2 100.2 98.8 96.5 93.5 90.9 89.1 86.5 81.6 76.3 23.2 19.0 7.9 0.0 11.9 10.6 10.0 20.5 18.7 15.2 10.2 4.1 0.0 4.6 12.5 0.0 26.9 33.7 49.1 52.6 55.2 53.8 49.7 45.1 32.7 27.3 21.7 7.5 0.0 11.0 13.7 25.0 31.8 39.9 46.5 50.2 0.0 40.3 49.1 53.5 62.9 64.9 54.3 61.6 78.1 65.5 66.8 67.0 66.4 65.7 65.1 80.3 4.5 6.1 87.2 85.6 86.6 86.6 17.8 10.2 0.0 8.3 33.1 37.1
103.4 102.1 100.9 98.9 97.8 95.7 93.2 91.8 88.4 87.4 87.6 87.2 86.4 85.2 83.5 81.4 79.7 78.3 76.9 74.3 68.9 64.2 13.1 10.0 0.0 7.2 6.7 7.4 47.1 23.4 19.6 13.7 8.0 3.2 0.0 4.6 0.0 14.4 31.1 37.7 43.0 46.4 45.9 47.3 39.4 34.2 21.9 16.7 11.2 0.0 6.0 7.9 17.8 21.1 26.9 32.9 37.5 0.0 27.4 35.0 38.9 47.7 48.7 38.6 44.2 61.6 50.6 53.2 54.5 55.4 55.9 57.3 74.6 0.0 80.3 82.3 80.6 81.3 81.5 17.3 9.4 0.0 21.4 27.6 30.4
94.7 92.3 90.0 87.4 85.0 82.4 79.2 77.7 74.3 73.6 73.6 73.2 72.2 71.7 70.4 69.0 68.1 67.3 66.0 64.5 60.9 57.8 48.0 5.4 0.0 3.9 4.4 44.9 45.9 43.2 22.5 17.2 12.3 8.3 4.2 0.0 0.0 5.4 19.1 24.0 30.3 34.9 35.1 37.6 35.3 27.8 23.7 11.1 6.4 0.0 3.2 12.7 14.8 16.6 19.6 23.4 28.7 0.0 17.1 23.0 26.0 35.1 36.2 24.4 28.7 46.3 36.3 40.4 44.1 46.8 48.9 67.7 0.0 74.4 76.1 75.7 75.7 76.2 77.0 77.7 10.0 0.0 14.0 19.5 62.1
85.1 80.6 77.5 74.5 72.3 69.3 65.9 64.0 60.5 59.4 58.9 58.8 58.2 58.5 57.3 56.5 56.2 56.5 55.9 55.1 53.4 52.3 43.7 2.0 0.0 2.6 42.2 43.7 44.6 41.8 38.6 33.2 28.1 12.5 9.0 5.0 0.0 0.0 12.0 14.1 17.8 20.2 23.9 26.1 25.6 20.4 17.3 13.2 2.8 0.0 9.7 11.7 14.1 15.9 17.5 19.9 23.8 0.0 9.8 14.5 16.4 25.3 27.2 13.1 16.3 32.6 22.2 28.3 35.7 41.3 60.5 0.0 68.3 69.9 69.6 71.0 71.3 72.1 72.3 72.2 65.8 0.0 6.9 12.0 53.7
71.9 66.7 62.9 60.0 57.3 54.3 50.0 48.4 45.9 44.0 44.2 44.2 44.2 45.7 45.2 44.3 45.2 46.4 47.6 48.4 48.2 49.0 41.4 3.7 0.0 1.4 40.7 41.7 42.9 40.4 36.6 31.3 26.6 22.5 19.9 16.9 6.5 0.0 7.8 10.1 11.8 11.5 14.2 15.7 16.4 12.4 10.9 8.9 0.0 6.7 11.5 14.2 16.5 16.2 17.1 18.9 14.1 0.0 5.5 9.5 10.4 18.7 19.9 4.9 7.7 23.1 11.4 17.5 26.4 50.1 0.0 60.4 63.5 65.3 64.9 65.9 66.6 67.1 66.5 66.3 59.8 55.2 0.0 40.8 45.0
57.2 51.8 47.5 43.9 40.9 38.1 35.0 33.8 30.9 29.2 28.8 29.5 30.4 32.8 33.6 34.4 36.7 40.0 43.3 45.7 45.5 46.2 42.3 40.5 2.2 0.0 39.4 40.6 42.2 39.9 35.5 29.0 23.7 19.9 16.3 13.1 9.5 0.0 3.9 7.2 7.9 7.9 8.2 8.8 9.4 4.9 3.5 2.6 0.0 3.8 10.0 15.5 17.9 19.1 17.9 18.6 12.2 0.0 2.4 6.1 6.9 14.1 14.3 0.0 17.9 17.1 4.4 9.1 32.4 0.0 49.9 53.6 57.0 57.7 59.2 59.8 59.8 59.8 59.3 59.4 53.1 48.5 0.0 32.5 36.0
41.7 39.4 33.7 27.9 24.6 23.0 21.2 20.3 17.1 17.1 17.3 18.1 19.4 22.4 24.4 25.7 29.7 35.3 39.6 40.8 42.9 44.9 45.4 40.9 38.9 0.0 37.4 38.9 40.4 38.7 35.7 28.2 21.7 17.7 13.6 6.1 2.4 0.0 1.4 3.1 4.7 4.0 4.3 4.3 4.4 0.0 0.0 0.0 0.0 0.0 4.7 14.6 16.8 15.6 16.7 20.3 11.9 10.8 0.0 3.6 4.1 9.8 0.0 13.2 11.9 13.1 0.0 19.0 0.0 33.3 39.9 44.1 48.2 48.6 50.4 51.1 50.9 50.8 50.5 50.9 49.2 40.9 0.0 24.6 27.4
25.3 22.4 16.8 13.2 12.0 11.4 9.9 10.6 7.5 7.5 7.2 7.5 8.7 12.2 16.4 17.6 21.5 25.5 27.6 31.4 35.0 38.0 39.5 36.1 34.8 0.0 34.1 35.9 36.8 36.3 31.8 25.5 19.1 14.4 10.1 3.5 0.0 0.0 0.0 0.0 0.0 0.0 0.0 0.0 0.0 5.7 6.9 8.3 8.4 6.2 0.0 5.7 7.8 14.0 17.8 16.2 13.0 10.3 8.0 0.0 7.5 0.0 10.5 9.3 10.4 0.0 13.7 0.0 19.7 23.1 27.7 33.4 35.9 38.3 39.7 40.6 40.5 40.7 41.0 41.7 40.8 33.6 0.0 16.6 19.6
9.9 7.0 4.2 3.3 2.8 2.9 2.4 2.0 0.0 0.0 0.0 0.0 0.0 0.0 6.6 8.9 12.2 13.8 16.9 20.1 24.5 28.1 30.0 27.9 28.2 0.0 29.5 31.0 31.0 30.2 26.4 20.2 13.3 8.3 3.1 0.0 1.4 3.1 1.8 1.2 0.0 0.0 2.2 6.0 6.9 8.7 10.5 10.4 10.9 9.9 4.7 0.0 0.0 5.4 8.4 12.1 12.5 9.7 5.4 0.0 0.0 7.0 6.9 5.3 0.0 12.0 0.0 12.5 17.0 17.6 19.1 22.4 24.2 27.3 29.2 30.1 30.3 30.3 30.8 32.0 31.5 25.4 0.0 9.2 12.0
0.0 0.0 0.0 0.0 0.0 0.0 0.0 0.0 2.9 4.6 6.0 6.4 5.2 2.6 0.0 0.0 0.0 0.0 3.7 8.1 13.0 17.3 20.5 18.8 18.8 0.0 20.3 21.3 22.0 22.4 19.9 11.3 3.6 1.2 0.0 1.8 5.3 6.9 5.2 5.9 6.3 6.1 0.0 8.8 9.8 10.7 13.2 15.3 14.8 12.9 11.3 8.8 5.5 0.0 0.0 2.6 4.2 3.5 1.2 0.0 0.0 2.1 1.6 0.0 4.6 0.0 8.6 14.9 14.7 15.4 15.2 16.4 16.3 18.3 20.3 21.1 20.9 21.1 21.4 23.1 23.3 18.6 0.0 3.2 6.1
3.6 3.6 6.3 8.2 9.9 11.1 11.8 11.8 13.7 13.7 14.4 14.7 13.6 9.9 6.4 4.0 3.8 2.9 0.0 0.0 0.0 5.2 9.3 9.2 9.2 0.0 9.1 7.1 8.1 9.8 9.6 3.6 0.0 0.0 4.1 9.8 13.1 13.7 11.9 11.2 10.4 9.1 9.7 0.0 12.9 15.3 16.7 19.3 20.7 18.5 13.7 12.9 9.8 8.5 5.8 0.0 0.0 0.0 0.0 0.0 0.0 0.0 0.0 0.0 0.0 0.0 6.3 9.2 11.8 12.5 13.4 12.3 12.8 13.9 15.6 16.3 15.4 15.3 15.8 17.5 18.1 14.4 0.0 3.6 5.4
3.4 10.6 10.8 12.9 15.0 17.5 19.3 19.9 21.7 21.4 21.7 21.9 19.2 17.2 15.0 11.7 10.3 8.2 5.1 4.4 2.9 0.0 0.0 0.0 0.0 0.0 0.0 0.0 0.0 0.0 0.0 0.0 5.9 12.0 16.7 20.0 23.2 23.7 21.2 18.6 17.2 14.6 13.6 3.3 0.0 19.0 21.5 23.1 25.5 23.5 18.3 16.8 12.9 11.6 7.9 8.2 7.7 6.0 3.1 0.0 0.0 0.2 0.7 1.1 1.8 2.4 3.0 3.8 6.3 6.8 7.9 6.5 6.6 7.6 10.0 12.3 11.6 11.7 12.4 14.7 11.3 0.0 1.6 3.2 4.9
5.8 14.5 17.1 17.3 20.7 24.1 26.2 27.7 29.6 29.0 29.3 29.6 27.1 24.6 22.7 20.7 19.0 16.6 12.2 11.0 9.8 5.4 3.4 3.3 1.5 0.0 0.9 1.6 0.0 1.9 4.0 7.6 17.0 24.7 30.2 33.2 36.3 38.3 35.8 31.3 27.9 23.7 20.9 9.0 4.8 0.0 26.6 29.9 30.8 28.3 22.1 17.4 15.7 14.1 10.2 9.9 9.4 8.1 4.9 0.0 0.0 0.1 0.6 1.3 1.8 1.9 2.4 2.0 2.5 2.0 2.6 1.4 1.7 2.7 4.8 6.7 8.1 9.9 12.4 8.9 0.0 2.5 4.4 12.0 13.2
9.7 17.8 22.7 26.5 27.8 31.7 34.6 36.3 38.4 37.6 37.7 37.4 35.7 33.7 31.0 29.3 28.1 25.3 20.9 19.0 17.4 13.8 12.0 10.4 8.5 8.1 7.7 7.8 0.0 11.2 14.9 20.0 29.1 36.8 44.0 50.1 50.5 48.9 46.9 44.1 40.4 37.0 31.0 17.6 12.3 0.0 9.8 39.7 39.5 34.5 24.8 21.9 20.4 19.3 15.6 14.4 12.8 11.1 6.8 0.0 0.0 0.0 0.7 1.0 1.2 1.4 1.4 1.6 1.2 1.9 2.2 0.5 1.1 1.4 2.6 4.0 5.7 8.9 5.7 0.0 5.9 9.0 9.8 11.0 9.2
15.9 22.2 28.6 34.6 39.2 41.1 44.9 47.0 49.0 48.1 47.7 47.3 45.0 42.9 41.1 39.7 38.5 36.2 31.5 29.6 27.9 24.3 21.5 19.3 17.0 15.9 16.2 15.1 0.0 21.2 27.6 34.9 40.7 47.7 56.9 65.5 67.6 62.7 57.8 55.7 52.3 48.6 45.1 30.3 21.8 0.0 10.6 23.0 49.6 45.2 34.3 30.8 28.1 26.9 23.3 21.3 18.8 16.0 11.9 4.7 0.5 0.0 0.0 0.5 0.7 1.1 0.7 1.7 0.6 1.4 1.0 0.0 0.0 0.8 2.1 4.8 5.8 5.3 2.8 0.0 3.2 3.6 3.7 4.7 4.5
0.0 28.5 34.7 42.9 49.7 55.1 57.8 59.2 60.7 59.7 59.3 57.8 55.1 53.7 52.9 51.4 50.1 47.5 43.7 42.1 39.3 35.1 32.4 30.0 26.3 24.7 24.2 23.9 0.0 14.7 37.2 43.7 50.7 57.2 65.8 73.4 80.2 81.6 74.1 67.6 62.0 56.9 43.8 41.5 33.1 9.5 9.6 20.7 34.5 48.5 44.8 39.5 35.7 34.0 30.6 29.7 27.3 23.5 19.6 15.0 7.6 2.3 0.4 0.0 0.0 0.0 0.0 0.0 0.0 0.0 0.0 0.5 1.2 1.9 2.8 4.2 3.3 2.4 0.8 0.0 0.0 0.0 0.0 0.0 0.0
0.0 0.0 43.0 50.8 59.9 66.7 72.3 71.0 73.0 72.5 71.8 70.2 67.7 66.8 66.2 64.4 62.8 60.0 55.5 53.0 50.0 45.8 43.3 41.2 37.1 35.0 34.5 34.7 0.0 14.7 30.4 52.6 59.5 67.0 73.1 80.3 87.6 92.4 91.6 79.9 72.5 67.2 54.1 51.8 44.1 19.5 18.1 16.9 26.4 31.9 52.5 48.6 43.6 40.4 35.2 34.8 33.8 31.2 26.7 21.7 17.3 11.1 4.4 3.4 4.2 0.0 0.0 3.1 3.6 2.2 0.9 0.0 0.0 0.0 0.6 1.7 1.4 1.0 0.0 2.1 2.0 2.5 2.1 2.8 2.4
32.3 0.0 0.0 60.1 68.7 76.7 83.1 87.7 84.6 84.7 84.2 82.8 80.7 79.9 79.1 77.5 75.8 72.5 67.6 65.2 62.8 59.1 56.3 53.9 50.1 48.1 47.2 46.0 11.0 0.0 29.6 44.0 67.0 74.4 81.4 86.9 95.0 102.3 99.5 96.9 90.2 83.8 70.2 65.2 55.3 29.5 25.8 23.5 21.2 31.0 36.5 55.7 51.9 43.4 40.2 38.4 37.1 35.9 33.3 28.1 23.2 18.9 14.0 12.1 12.8 0.0 0.0 11.5 11.2 7.3 4.8 4.4 0.0 1.0 0.0 0.0 0.0 0.0 1.4 4.3 5.4 6.8 5.5 7.1 6.8
47.2 47.6 0.0 0.0 74.1 81.9 89.8 96.1 93.3 95.1 95.6 94.9 93.6 94.1 93.0 91.1 89.3 85.5 80.9 78.7 76.6 73.1 70.5 68.4 64.0 61.5 59.5 57.6 22.9 9.0 0.0 41.9 56.0 78.9 87.1 95.2 101.0 103.4 12.1 100.2 98.2 96.2 83.8 79.7 66.6 38.6 34.3 30.9 27.4 25.5 38.2 60.1 55.7 51.6 46.6 43.7 41.0 39.6 37.8 34.6 29.1 24.3 18.1 14.2 0.0 5.1 0.0 6.6 13.5 14.1 12.7 12.5 0.0 6.0 3.6 3.4 3.6 3.6 4.6 6.9 9.3 9.4 10.8 9.3 9.4
57.5 61.6 61.0 0.0 0.0 84.4 92.4 100.6 106.7 103.9 106.8 108.0 109.6 111.0 107.9 105.1 103.7 100.3 95.7 93.7 91.2 87.3 85.1 82.8 77.6 74.2 70.9 68.6 33.0 18.0 19.0 0.0 52.4 66.6 90.0 95.7 100.5 10.0 8.9 7.5 6.4 5.4 5.6 77.7 55.1 51.3 44.4 38.5 34.2 29.6 30.5 36.0 61.6 59.7 55.1 50.8 46.7 43.0 40.7 38.7 35.2 29.7 23.1 17.7 0.0 5.4 0.0 5.7 9.3 15.6 15.1 0.0 14.3 14.4 11.7 11.4 10.4 9.0 8.6 9.5 10.4 11.4 11.7 13.0 11.3
66.7 71.2 74.8 74.2 0.0 0.0 95.0 102.9 111.6 118.1 114.4 117.2 119.6 121.2 119.9 118.4 118.4 116.8 112.7 109.4 105.3 100.2 97.4 94.7 89.2 84.6 80.7 77.1 39.9 24.7 25.2 27.8 0.0 5.4 10.6 7.5 6.3 5.7 4.2 2.8 1.8 1.5 2.5 4.4 56.0 56.3 53.5 47.3 41.2 36.3 32.3 35.2 41.0 65.0 62.5 57.1 51.6 47.5 42.9 40.0 38.1 34.1 29.0 23.8 0.0 5.4 4.0 0.0 11.5 17.6 17.4 0.0 2.3 14.8 15.2 14.5 13.8 12.7 12.6 13.7 14.3 14.9 15.2 15.7 16.5
78.6 81.5 84.5 88.8 89.4 0.0 0.0 107.6 116.6 123.4 126.4 120.7 122.4 5.9 123.3 123.7 125.5 125.9 123.9 122.3 118.8 112.5 108.3 104.8 99.0 93.9 89.8 86.5 49.0 32.5 31.5 33.0 34.8 0.0 0.0 0.0 2.6 1.6 1.0 0.6 0.0 0.0 0.7 2.2 4.5 56.2 56.9 55.3 49.3 45.3 44.1 44.8 46.2 69.1 67.5 64.6 58.7 53.0 47.9 43.9 40.7 38.3 34.5 0.0 6.1 10.1 7.9 0.0 15.8 21.5 21.1 0.0 5.5 17.7 18.5 18.8 19.1 18.5 19.4 20.7 21.9 23.1 23.1 23.5 23.9
89.5 93.1 96.8 101.5 105.9 10.5 13.7 0.0 121.0 125.1 127.5 2.3 2.6 3.9 5.6 7.7 10.7 14.2 127.9 128.6 125.8 122.6 118.8 115.1 107.7 102.8 98.6 94.9 57.4 41.0 39.8 40.2 40.3 4.9 5.9 5.2 0.0 0.0 0.0 0.0 0.4 0.5 0.0 1.6 4.0 7.2 60.7 63.2 62.3 55.8 55.2 58.9 59.1 79.6 75.5 70.8 66.2 59.8 54.7 49.2 45.8 43.1 0.0 16.7 13.0 16.5 13.4 0.0 24.2 29.4 28.0 0.0 11.3 23.6 25.0 26.5 27.7 27.9 29.7 31.7 34.9 36.7 36.3 37.3 35.9
99.6 105.2 109.2 115.6 118.6 21.4 22.6 23.4 0.0 2.4 3.6 0.8 0.8 2.2 4.8 7.7 11.0 15.2 17.9 128.9 128.8 127.5 125.6 119.8 115.9 111.2 107.0 103.2 66.1 50.2 48.6 47.7 47.3 12.0 12.2 9.8 2.9 1.6 0.9 0.0 1.2 1.4 0.0 2.8 5.7 9.5 13.8 67.6 69.2 68.6 67.8 68.0 66.6 87.1 82.8 78.8 73.1 65.7 59.3 55.0 52.1 0.0 25.4 23.7 21.6 26.4 25.0 0.0 32.3 37.5 36.0 0.0 19.8 33.0 34.4 35.9 36.7 38.7 42.0 47.2 52.0 53.5 52.7 52.9 50.3
