tests/fixtures/watershed_abstraction/mdobre-womanly-ascot/dem/topaz/ELDCHA.ARC
ncols   776
nrows   755
xllcorner  564333
yllcorner 5021478
cellsize   30.00
nodata_value    -1.0
[rows 380 to 417 of 755, columns 595 to 679 of 776]
133.8 141.0 147.1 153.3 163.0 165.8 164.3 158.3 154.9 142.0 136.4 118.2 84.1 69.4 65.5 14.5 11.9 10.6 19.0 0.0 27.8 38.3 25.7 24.9 23.7 13.9 11.2 11.6 12.4 3.4 0.0 0.0 3.1 6.7 11.3 17.5 24.9 36.6 41.4 46.2 53.6 63.1 71.6 80.3 92.6 105.5 120.6 136.4 151.4 163.7 172.0 -1.0 -1.0 -1.0 -1.0 -1.0 -1.0 -1.0 -1.0 -1.0 -1.0 -1.0 -1.0 -1.0 -1.0 -1.0 -1.0 -1.0 -1.0 -1.0 -1.0 -1.0 -1.0 -1.0 -1.0 -1.0 -1.0 -1.0 -1.0 -1.0 -1.0 -1.0 -1.0 -1.0 -1.0
128.4 135.0 137.9 144.1 151.5 154.8 154.7 149.2 145.9 141.4 128.3 123.4 107.1 75.6 61.2 58.2 7.1 5.1 13.4 0.0 22.2 33.1 20.6 19.9 18.7 9.5 7.3 8.1 8.8 0.0 2.7 6.3 9.7 13.3 17.5 22.5 29.1 34.9 40.8 45.5 52.4 61.1 70.2 79.4 90.5 104.1 119.3 134.7 149.8 161.8 170.5 -1.0 -1.0 -1.0 -1.0 -1.0 -1.0 -1.0 -1.0 -1.0 -1.0 -1.0 -1.0 -1.0 -1.0 -1.0 -1.0 -1.0 -1.0 -1.0 -1.0 -1.0 -1.0 -1.0 -1.0 -1.0 -1.0 -1.0 -1.0 -1.0 -1.0 -1.0 -1.0 -1.0 -1.0
121.2 126.1 127.6 132.8 139.1 143.2 143.8 138.0 133.6 130.3 119.2 116.2 101.7 82.3 68.0 54.5 50.6 0.0 7.9 0.0 16.1 26.8 14.6 13.8 12.7 3.6 2.2 4.7 0.0 2.6 5.9 9.3 12.7 16.4 20.2 25.0 31.4 36.8 42.2 48.0 54.7 62.7 72.2 81.8 93.6 107.4 122.0 137.1 151.5 163.5 172.8 179.2 -1.0 -1.0 -1.0 -1.0 -1.0 -1.0 -1.0 -1.0 -1.0 -1.0 -1.0 -1.0 -1.0 -1.0 -1.0 -1.0 -1.0 -1.0 -1.0 -1.0 -1.0 -1.0 -1.0 -1.0 -1.0 -1.0 -1.0 -1.0 -1.0 -1.0 -1.0 -1.0 -1.0
113.1 115.4 114.8 118.8 124.4 128.8 129.5 123.8 118.0 118.1 110.1 109.3 96.6 84.8 75.5 61.5 46.7 43.4 0.0 0.0 9.4 20.0 7.6 6.4 0.0 0.0 0.0 0.0 0.0 3.2 6.0 9.1 12.4 15.8 19.5 23.9 31.0 29.3 34.2 40.1 46.9 55.5 64.8 74.7 86.7 101.1 116.8 132.8 146.4 157.2 165.4 172.9 -1.0 -1.0 -1.0 -1.0 -1.0 -1.0 -1.0 -1.0 -1.0 -1.0 -1.0 -1.0 -1.0 -1.0 -1.0 -1.0 -1.0 -1.0 -1.0 -1.0 -1.0 -1.0 -1.0 -1.0 -1.0 -1.0 -1.0 -1.0 -1.0 -1.0 -1.0 -1.0 -1.0
102.8 101.7 100.1 102.5 107.1 111.8 112.9 106.5 103.4 108.3 102.0 103.2 91.6 83.4 78.1 68.1 53.6 39.2 34.6 0.0 0.0 9.2 0.0 0.0 5.5 9.5 5.6 5.1 5.9 0.0 0.0 2.7 5.8 8.7 12.4 16.5 22.1 27.0 33.0 39.5 46.3 54.6 64.8 75.3 87.2 102.2 118.6 135.8 147.8 158.2 166.7 173.3 179.5 -1.0 -1.0 -1.0 -1.0 -1.0 -1.0 -1.0 -1.0 -1.0 -1.0 -1.0 -1.0 -1.0 -1.0 -1.0 -1.0 -1.0 -1.0 -1.0 -1.0 -1.0 -1.0 -1.0 -1.0 -1.0 -1.0 -1.0 -1.0 -1.0 -1.0 -1.0 -1.0
90.4 87.1 85.0 86.7 90.1 95.2 96.0 89.0 92.1 92.1 95.2 85.4 85.5 76.9 71.3 61.8 52.6 43.5 25.8 19.4 0.0 0.0 11.4 20.7 8.8 12.4 15.4 9.3 11.0 9.8 0.0 0.0 2.6 5.2 8.5 12.4 18.1 23.5 29.1 35.2 42.0 51.1 62.3 74.1 87.6 102.7 117.5 132.6 144.9 154.7 162.9 169.9 177.4 -1.0 -1.0 -1.0 -1.0 -1.0 -1.0 -1.0 -1.0 -1.0 -1.0 -1.0 -1.0 -1.0 -1.0 -1.0 -1.0 -1.0 -1.0 -1.0 -1.0 -1.0 -1.0 -1.0 -1.0 -1.0 -1.0 -1.0 -1.0 -1.0 -1.0 -1.0 -1.0
77.9 72.1 70.2 71.6 74.9 78.6 79.1 75.8 75.8 84.6 79.3 77.8 76.9 67.3 61.8 52.1 48.8 36.5 25.2 8.0 0.0 9.5 24.8 23.6 28.1 14.3 17.3 20.2 12.4 11.7 13.1 0.0 0.0 5.7 8.4 11.9 16.8 22.1 27.5 34.3 42.4 51.3 62.0 74.1 87.8 102.9 117.7 131.6 143.1 151.8 161.0 169.5 178.0 185.2 -1.0 -1.0 -1.0 -1.0 -1.0 -1.0 -1.0 -1.0 -1.0 -1.0 -1.0 -1.0 -1.0 -1.0 -1.0 -1.0 -1.0 -1.0 -1.0 -1.0 -1.0 -1.0 -1.0 -1.0 -1.0 -1.0 -1.0 -1.0 -1.0 -1.0 -1.0
66.2 58.1 56.2 57.6 61.4 65.2 66.2 60.8 69.4 68.8 69.5 67.3 65.8 55.4 49.4 38.8 35.0 23.8 14.7 0.0 8.4 23.1 36.7 43.1 35.3 28.8 23.5 26.4 27.8 29.5 31.4 33.3 0.0 0.0 2.6 6.1 10.0 15.0 20.8 27.9 36.6 46.1 56.7 67.6 79.9 94.5 108.7 123.1 134.9 144.3 153.9 162.0 170.2 177.7 184.1 -1.0 -1.0 -1.0 -1.0 -1.0 -1.0 -1.0 -1.0 -1.0 -1.0 -1.0 -1.0 -1.0 -1.0 -1.0 -1.0 -1.0 -1.0 -1.0 -1.0 -1.0 -1.0 -1.0 -1.0 -1.0 -1.0 -1.0 -1.0 -1.0 -1.0
54.7 47.8 43.9 46.1 50.9 54.2 55.6 53.3 55.6 56.0 56.0 53.9 52.5 41.7 35.2 25.7 23.0 13.5 5.6 0.0 10.0 23.7 30.6 28.1 21.9 16.1 20.0 23.8 26.7 29.4 32.1 34.6 36.7 0.0 0.0 0.0 0.0 0.0 0.0 0.0 0.0 0.0 0.0 11.8 25.3 38.6 51.8 66.0 77.6 87.2 96.1 104.5 112.1 119.4 126.4 132.8 -1.0 -1.0 -1.0 -1.0 -1.0 -1.0 -1.0 -1.0 -1.0 -1.0 -1.0 -1.0 -1.0 -1.0 -1.0 -1.0 -1.0 -1.0 -1.0 -1.0 -1.0 -1.0 -1.0 -1.0 -1.0 -1.0 -1.0 -1.0 -1.0
47.4 37.3 33.5 34.8 38.4 47.6 45.0 41.5 42.4 41.8 41.4 39.1 38.2 28.2 23.0 14.8 13.0 4.7 0.0 6.1 15.7 14.4 15.5 11.7 7.7 12.4 17.1 22.3 26.7 29.9 32.7 35.4 37.9 40.2 0.0 0.0 5.3 10.1 15.7 23.6 33.3 43.7 55.9 18.6 30.5 44.3 56.0 68.0 78.9 88.3 96.8 105.4 111.8 117.9 125.2 132.9 139.4 -1.0 -1.0 -1.0 -1.0 -1.0 -1.0 -1.0 -1.0 -1.0 -1.0 -1.0 -1.0 -1.0 -1.0 -1.0 -1.0 -1.0 -1.0 -1.0 -1.0 -1.0 -1.0 -1.0 -1.0 -1.0 -1.0 -1.0 -1.0
35.2 26.8 24.2 25.7 26.8 33.9 32.4 30.7 30.5 28.2 27.8 24.6 24.3 16.8 13.2 5.1 5.1 0.0 0.0 0.0 0.0 0.0 0.0 0.0 0.0 0.0 0.0 0.0 0.0 0.0 2.5 5.4 8.2 41.9 45.2 6.1 0.0 11.7 17.5 26.4 37.2 49.3 63.4 77.0 39.3 51.1 60.6 71.0 81.5 91.0 100.1 107.7 113.3 119.3 126.0 132.8 139.5 -1.0 -1.0 -1.0 -1.0 -1.0 -1.0 -1.0 -1.0 -1.0 -1.0 -1.0 -1.0 -1.0 -1.0 -1.0 -1.0 -1.0 -1.0 -1.0 -1.0 -1.0 -1.0 -1.0 -1.0 -1.0 -1.0 -1.0 -1.0
24.0 17.2 16.1 17.6 14.9 16.7 17.6 20.7 19.3 16.0 15.3 13.0 13.1 7.3 5.7 0.0 0.0 0.0 0.0 0.0 0.0 0.0 0.0 9.4 12.0 11.0 9.1 8.0 6.2 4.5 4.1 7.0 9.9 13.0 47.7 51.0 12.0 0.0 6.6 15.4 26.4 38.8 53.0 68.1 95.1 56.1 65.1 74.6 84.7 94.6 103.3 110.1 114.7 120.8 127.2 133.4 139.7 -1.0 -1.0 -1.0 -1.0 -1.0 -1.0 -1.0 -1.0 -1.0 -1.0 -1.0 -1.0 -1.0 -1.0 -1.0 -1.0 -1.0 -1.0 -1.0 -1.0 -1.0 -1.0 -1.0 -1.0 -1.0 -1.0 -1.0 -1.0
14.6 8.8 8.1 10.2 8.6 8.0 6.9 9.2 8.4 7.2 5.7 3.9 0.0 0.0 0.0 4.7 8.5 0.0 0.0 8.5 14.3 17.6 18.5 15.3 21.5 22.8 20.3 16.4 13.6 11.0 9.5 9.1 11.9 15.2 18.7 53.5 57.6 20.2 0.0 8.3 19.2 30.9 44.5 59.2 72.0 83.4 92.9 103.3 113.7 123.6 105.6 111.6 116.4 122.1 128.4 134.6 -1.0 -1.0 -1.0 -1.0 -1.0 -1.0 -1.0 -1.0 -1.0 -1.0 -1.0 -1.0 -1.0 -1.0 -1.0 -1.0 -1.0 -1.0 -1.0 -1.0 -1.0 -1.0 -1.0 -1.0 -1.0 -1.0 -1.0 -1.0 -1.0
5.9 0.0 0.0 0.0 0.0 0.0 0.0 0.0 0.0 0.0 0.0 0.0 3.6 8.8 14.8 8.0 11.4 16.1 11.0 15.8 25.1 32.1 33.9 32.0 27.5 32.8 32.1 26.6 21.1 18.2 16.4 14.8 14.4 17.6 21.2 25.4 60.9 66.8 30.5 0.0 0.0 9.4 21.9 36.5 50.3 62.6 73.9 85.4 95.6 104.2 110.7 116.3 122.0 127.9 134.0 140.8 -1.0 -1.0 -1.0 -1.0 -1.0 -1.0 -1.0 -1.0 -1.0 -1.0 -1.0 -1.0 -1.0 -1.0 -1.0 -1.0 -1.0 -1.0 -1.0 -1.0 -1.0 -1.0 -1.0 -1.0 -1.0 -1.0 -1.0 -1.0 -1.0
0.0 4.8 12.0 11.2 10.5 8.2 6.6 9.4 10.1 8.7 11.3 6.4 0.0 12.8 19.0 23.0 16.4 22.5 31.7 29.5 32.7 42.3 48.2 48.9 44.7 36.9 39.1 36.1 23.6 25.1 23.4 21.5 20.3 20.6 24.4 28.9 33.9 71.0 78.3 43.5 13.6 12.8 24.6 38.8 52.5 65.3 77.9 89.3 98.2 105.5 111.4 117.1 123.6 130.0 136.1 -1.0 -1.0 -1.0 -1.0 -1.0 -1.0 -1.0 -1.0 -1.0 -1.0 -1.0 -1.0 -1.0 -1.0 -1.0 -1.0 -1.0 -1.0 -1.0 -1.0 -1.0 -1.0 -1.0 -1.0 -1.0 -1.0 -1.0 -1.0 -1.0 -1.0
4.4 9.1 15.6 16.3 20.6 24.6 28.0 10.6 13.4 17.0 18.6 21.0 25.5 0.0 22.2 27.3 31.4 28.2 38.5 48.9 46.0 49.4 57.2 61.0 57.8 49.6 40.2 42.1 39.1 27.2 30.0 28.6 27.6 27.0 28.0 32.9 38.2 44.9 83.6 91.8 57.9 29.7 32.4 45.2 58.1 71.2 83.5 93.7 101.7 108.1 113.8 120.3 126.7 133.2 -1.0 -1.0 -1.0 -1.0 -1.0 -1.0 -1.0 -1.0 -1.0 -1.0 -1.0 -1.0 -1.0 -1.0 -1.0 -1.0 -1.0 -1.0 -1.0 -1.0 -1.0 -1.0 -1.0 -1.0 -1.0 -1.0 -1.0 -1.0 -1.0 -1.0 -1.0
0.0 3.6 9.1 15.3 19.8 24.1 27.6 30.3 33.5 36.6 38.2 41.9 47.5 33.3 0.0 29.7 34.5 41.6 53.5 64.4 63.8 60.6 61.5 65.1 64.6 66.1 52.4 43.9 46.0 43.2 32.3 35.8 35.3 35.0 34.9 37.4 43.2 50.2 58.9 98.2 107.3 75.5 49.6 53.2 66.6 79.5 91.0 99.7 106.6 112.2 118.7 125.3 131.5 137.9 -1.0 -1.0 -1.0 -1.0 -1.0 -1.0 -1.0 -1.0 -1.0 -1.0 -1.0 -1.0 -1.0 -1.0 -1.0 -1.0 -1.0 -1.0 -1.0 -1.0 -1.0 -1.0 -1.0 -1.0 -1.0 -1.0 -1.0 -1.0 -1.0 -1.0 -1.0
0.0 0.0 5.4 11.1 16.0 20.6 24.1 27.0 31.1 33.9 36.4 40.5 45.8 52.3 41.3 0.0 0.0 8.8 59.0 70.1 80.0 77.6 69.7 65.9 67.7 70.1 70.0 57.1 49.2 51.8 50.2 39.9 44.0 44.3 44.2 45.9 49.2 56.4 65.1 73.6 114.0 125.3 96.0 72.5 77.2 89.7 100.7 108.6 113.6 117.4 124.6 131.0 136.9 -1.0 -1.0 -1.0 -1.0 -1.0 -1.0 -1.0 -1.0 -1.0 -1.0 -1.0 -1.0 -1.0 -1.0 -1.0 -1.0 -1.0 -1.0 -1.0 -1.0 -1.0 -1.0 -1.0 -1.0 -1.0 -1.0 -1.0 -1.0 -1.0 -1.0 -1.0 -1.0
13.8 0.0 0.0 4.3 9.9 14.8 18.4 22.2 25.7 29.4 38.2 42.0 47.0 54.6 61.0 50.8 11.4 0.0 25.8 73.0 81.3 87.6 54.6 58.0 69.5 72.5 75.3 76.0 63.2 56.0 60.1 59.4 49.5 54.2 54.8 55.9 59.0 63.5 71.7 80.1 90.7 134.8 149.2 121.7 97.2 100.6 111.5 118.7 121.7 124.1 130.1 136.3 -1.0 -1.0 -1.0 -1.0 -1.0 -1.0 -1.0 -1.0 -1.0 -1.0 -1.0 -1.0 -1.0 -1.0 -1.0 -1.0 -1.0 -1.0 -1.0 -1.0 -1.0 -1.0 -1.0 -1.0 -1.0 -1.0 -1.0 -1.0 -1.0 -1.0 -1.0 -1.0 -1.0
19.4 5.4 5.0 0.0 0.0 0.0 0.0 3.8 7.2 11.1 14.8 19.2 26.3 58.1 64.6 71.6 64.2 27.7 0.0 36.3 41.1 47.1 54.3 60.1 64.2 77.2 80.0 82.6 82.9 70.2 64.4 69.9 69.6 59.9 66.0 67.5 70.1 73.9 79.8 89.0 101.4 116.1 160.9 175.2 146.1 120.7 120.6 125.3 127.6 130.7 135.7 -1.0 -1.0 -1.0 -1.0 -1.0 -1.0 -1.0 -1.0 -1.0 -1.0 -1.0 -1.0 -1.0 -1.0 -1.0 -1.0 -1.0 -1.0 -1.0 -1.0 -1.0 -1.0 -1.0 -1.0 -1.0 -1.0 -1.0 -1.0 -1.0 -1.0 -1.0 -1.0 -1.0 -1.0
25.5 10.8 10.8 10.5 0.0 5.4 10.7 0.0 0.0 0.0 0.0 21.7 27.8 35.8 43.0 75.0 84.8 96.9 42.5 0.0 42.0 46.7 55.5 63.6 69.1 73.0 84.9 87.0 89.0 89.8 79.9 75.8 80.7 80.4 73.6 80.3 82.2 86.4 93.1 100.7 113.5 127.9 141.7 187.3 200.7 167.4 134.6 127.8 130.8 134.2 -1.0 -1.0 -1.0 -1.0 -1.0 -1.0 -1.0 -1.0 -1.0 -1.0 -1.0 -1.0 -1.0 -1.0 -1.0 -1.0 -1.0 -1.0 -1.0 -1.0 -1.0 -1.0 -1.0 -1.0 -1.0 -1.0 -1.0 -1.0 -1.0 -1.0 -1.0 -1.0 -1.0 -1.0 -1.0
32.9 17.0 16.3 15.7 14.9 0.0 5.5 9.4 13.6 7.4 7.2 0.0 0.0 0.0 6.7 13.6 24.3 36.3 46.5 49.5 0.0 48.7 56.5 65.6 73.0 79.0 82.4 92.6 93.7 97.1 100.4 91.7 87.1 92.6 94.7 88.6 95.5 100.2 107.9 115.4 125.2 139.6 154.7 169.8 210.3 213.4 173.7 176.6 179.6 -1.0 -1.0 -1.0 -1.0 -1.0 -1.0 -1.0 -1.0 -1.0 -1.0 -1.0 -1.0 -1.0 -1.0 -1.0 -1.0 -1.0 -1.0 -1.0 -1.0 -1.0 -1.0 -1.0 -1.0 -1.0 -1.0 -1.0 -1.0 -1.0 -1.0 -1.0 -1.0 -1.0 -1.0 -1.0 -1.0
42.1 24.8 23.1 21.8 20.9 21.5 0.0 5.3 11.2 20.4 24.8 31.1 10.9 10.3 0.0 0.0 11.0 24.4 33.5 38.7 41.6 0.0 6.8 14.7 25.0 31.6 85.9 96.6 98.2 101.9 108.9 113.4 104.6 101.2 108.3 111.2 105.4 114.5 120.6 127.9 136.2 148.8 167.2 179.5 182.3 213.8 215.1 219.3 223.0 -1.0 -1.0 -1.0 -1.0 -1.0 -1.0 -1.0 -1.0 -1.0 -1.0 -1.0 -1.0 -1.0 -1.0 -1.0 -1.0 -1.0 -1.0 -1.0 -1.0 -1.0 -1.0 -1.0 -1.0 -1.0 -1.0 -1.0 -1.0 -1.0 -1.0 -1.0 -1.0 -1.0 -1.0 -1.0 -1.0
51.9 34.1 31.3 29.5 28.1 27.4 4.4 0.0 0.0 5.8 10.8 17.7 25.8 19.9 20.0 10.7 12.6 21.8 33.4 40.9 44.5 48.2 0.0 7.9 16.1 23.4 28.5 32.3 102.2 107.5 114.8 122.9 127.8 120.4 118.2 127.3 130.1 125.4 135.1 141.2 149.3 161.1 174.4 180.8 182.2 182.9 184.0 189.1 194.4 -1.0 -1.0 -1.0 -1.0 -1.0 -1.0 -1.0 -1.0 -1.0 -1.0 -1.0 -1.0 -1.0 -1.0 -1.0 -1.0 -1.0 -1.0 -1.0 -1.0 -1.0 -1.0 -1.0 -1.0 -1.0 -1.0 -1.0 -1.0 -1.0 -1.0 -1.0 -1.0 -1.0 -1.0 -1.0 -1.0
63.5 45.5 41.4 37.9 35.6 33.6 9.9 0.0 7.4 0.0 0.0 20.3 26.8 33.2 40.3 46.7 20.5 26.0 34.5 39.9 44.7 50.5 56.4 0.0 6.8 14.8 21.2 26.4 40.4 112.5 121.1 130.0 138.7 145.6 140.1 138.5 146.7 152.4 150.3 161.9 169.5 178.3 180.3 179.7 181.3 183.5 186.4 191.8 -1.0 -1.0 -1.0 -1.0 -1.0 -1.0 -1.0 -1.0 -1.0 -1.0 -1.0 -1.0 -1.0 -1.0 -1.0 -1.0 -1.0 -1.0 -1.0 -1.0 -1.0 -1.0 -1.0 -1.0 -1.0 -1.0 -1.0 -1.0 -1.0 -1.0 -1.0 -1.0 -1.0 -1.0 -1.0 -1.0 -1.0
77.8 58.0 53.3 47.8 44.4 41.9 17.3 6.9 0.0 16.5 0.0 0.0 7.0 13.7 42.1 48.1 56.6 66.4 36.1 40.3 45.8 51.9 59.0 65.5 11.0 18.3 24.8 31.1 36.9 52.8 129.7 138.7 147.6 159.2 167.4 161.7 161.6 174.1 182.6 180.4 187.1 187.4 185.0 186.8 188.5 192.1 196.4 193.8 -1.0 -1.0 -1.0 -1.0 -1.0 -1.0 -1.0 -1.0 -1.0 -1.0 -1.0 -1.0 -1.0 -1.0 -1.0 -1.0 -1.0 -1.0 -1.0 -1.0 -1.0 -1.0 -1.0 -1.0 -1.0 -1.0 -1.0 -1.0 -1.0 -1.0 -1.0 -1.0 -1.0 -1.0 -1.0 -1.0 -1.0
93.3 72.6 66.5 59.3 54.2 51.0 25.6 15.2 0.0 10.2 27.2 0.0 0.0 7.6 14.3 49.9 58.6 69.5 76.6 42.2 48.3 54.1 60.3 68.9 77.0 23.7 31.0 38.2 44.7 52.5 72.4 146.9 158.3 172.7 184.1 193.6 189.5 191.7 201.2 201.9 192.9 196.9 193.4 188.3 188.8 192.2 197.9 -1.0 -1.0 -1.0 -1.0 -1.0 -1.0 -1.0 -1.0 -1.0 -1.0 -1.0 -1.0 -1.0 -1.0 -1.0 -1.0 -1.0 -1.0 -1.0 -1.0 -1.0 -1.0 -1.0 -1.0 -1.0 -1.0 -1.0 -1.0 -1.0 -1.0 -1.0 -1.0 -1.0 -1.0 -1.0 -1.0 -1.0 -1.0
107.8 87.3 80.8 72.9 66.0 60.9 33.4 8.0 5.9 0.0 20.5 37.4 0.0 0.0 6.0 13.3 21.1 30.7 38.8 44.0 52.3 57.6 64.7 72.2 80.9 89.7 37.7 46.0 55.5 63.3 72.6 90.4 169.8 184.3 198.6 212.7 222.7 216.6 211.2 213.8 211.4 200.4 196.8 191.3 190.4 193.3 198.4 -1.0 -1.0 -1.0 -1.0 -1.0 -1.0 -1.0 -1.0 -1.0 -1.0 -1.0 -1.0 -1.0 -1.0 -1.0 -1.0 -1.0 -1.0 -1.0 -1.0 -1.0 -1.0 -1.0 -1.0 -1.0 -1.0 -1.0 -1.0 -1.0 -1.0 -1.0 -1.0 -1.0 -1.0 -1.0 -1.0 -1.0 -1.0
104.0 100.7 94.1 86.5 80.3 73.2 43.5 14.7 11.5 0.0 12.7 32.2 47.2 0.0 0.0 16.4 22.0 29.4 38.9 47.7 55.2 64.2 69.0 75.7 86.3 95.6 105.9 53.2 63.3 74.4 85.4 96.4 118.0 199.1 213.8 227.7 238.6 240.7 227.6 218.6 219.8 216.4 204.0 193.9 193.4 194.7 198.0 -1.0 -1.0 -1.0 -1.0 -1.0 -1.0 -1.0 -1.0 -1.0 -1.0 -1.0 -1.0 -1.0 -1.0 -1.0 -1.0 -1.0 -1.0 -1.0 -1.0 -1.0 -1.0 -1.0 -1.0 -1.0 -1.0 -1.0 -1.0 -1.0 -1.0 -1.0 -1.0 -1.0 -1.0 -1.0 -1.0 -1.0 -1.0
111.8 111.3 105.7 98.1 92.5 62.6 32.8 24.8 20.4 0.0 16.0 27.3 45.1 58.0 0.0 0.0 0.0 7.8 16.9 25.4 33.5 65.5 74.3 80.0 90.1 100.4 111.4 123.0 74.5 87.0 99.7 112.9 125.9 149.9 229.2 239.9 245.5 246.8 246.3 222.7 222.7 222.8 219.0 196.1 196.6 197.2 197.7 -1.0 -1.0 -1.0 -1.0 -1.0 -1.0 -1.0 -1.0 -1.0 -1.0 -1.0 -1.0 -1.0 -1.0 -1.0 -1.0 -1.0 -1.0 -1.0 -1.0 -1.0 -1.0 -1.0 -1.0 -1.0 -1.0 -1.0 -1.0 -1.0 -1.0 -1.0 -1.0 -1.0 -1.0 -1.0 -1.0 -1.0 -1.0
154.5 119.8 115.8 109.1 80.4 51.7 44.2 36.4 31.4 0.0 15.0 30.0 39.4 64.6 0.0 10.0 15.0 0.0 22.5 30.3 37.8 43.9 76.9 87.5 95.8 106.0 116.7 130.2 147.2 100.0 115.7 130.6 144.3 157.5 174.7 244.3 247.1 249.3 252.0 250.7 224.5 224.1 224.7 198.0 199.7 200.6 -1.0 -1.0 -1.0 -1.0 -1.0 -1.0 -1.0 -1.0 -1.0 -1.0 -1.0 -1.0 -1.0 -1.0 -1.0 -1.0 -1.0 -1.0 -1.0 -1.0 -1.0 -1.0 -1.0 -1.0 -1.0 -1.0 -1.0 -1.0 -1.0 -1.0 -1.0 -1.0 -1.0 -1.0 -1.0 -1.0 -1.0 -1.0 -1.0
162.8 129.8 126.6 96.8 68.5 62.1 54.8 46.8 41.1 0.0 0.0 25.1 37.2 69.3 4.9 0.0 23.1 26.2 0.0 0.0 8.8 17.0 56.1 89.4 100.6 110.7 122.1 137.3 156.8 175.3 130.5 143.5 153.1 160.5 165.2 168.5 171.2 174.0 176.9 253.9 226.3 226.6 227.7 202.1 204.8 206.2 -1.0 -1.0 -1.0 -1.0 -1.0 -1.0 -1.0 -1.0 -1.0 -1.0 -1.0 -1.0 -1.0 -1.0 -1.0 -1.0 -1.0 -1.0 -1.0 -1.0 -1.0 -1.0 -1.0 -1.0 -1.0 -1.0 -1.0 -1.0 -1.0 -1.0 -1.0 -1.0 -1.0 -1.0 -1.0 -1.0 -1.0 -1.0 -1.0
173.3 143.1 116.6 85.7 78.4 72.2 64.0 55.7 50.0 7.2 0.0 0.0 30.4 41.4 9.2 13.0 0.0 0.0 0.0 10.3 0.0 0.0 0.0 0.0 0.0 0.0 0.0 0.0 0.0 0.0 199.2 147.2 154.2 159.8 164.2 167.9 171.6 174.8 178.3 180.5 228.8 229.8 232.0 207.9 211.7 -1.0 -1.0 -1.0 -1.0 -1.0 -1.0 -1.0 -1.0 -1.0 -1.0 -1.0 -1.0 -1.0 -1.0 -1.0 -1.0 -1.0 -1.0 -1.0 -1.0 -1.0 -1.0 -1.0 -1.0 -1.0 -1.0 -1.0 -1.0 -1.0 -1.0 -1.0 -1.0 -1.0 -1.0 -1.0 -1.0 -1.0 -1.0 -1.0 -1.0
185.7 191.2 106.7 98.3 89.1 81.8 73.4 64.3 58.6 15.0 6.3 0.0 0.0 36.3 14.0 17.3 21.9 27.7 36.2 0.0 0.0 7.8 16.8 26.7 35.7 47.1 63.0 82.3 101.7 25.9 0.0 8.2 14.7 20.2 24.4 28.7 32.6 36.5 180.2 182.9 232.2 234.0 236.3 239.6 214.9 -1.0 -1.0 -1.0 -1.0 -1.0 -1.0 -1.0 -1.0 -1.0 -1.0 -1.0 -1.0 -1.0 -1.0 -1.0 -1.0 -1.0 -1.0 -1.0 -1.0 -1.0 -1.0 -1.0 -1.0 -1.0 -1.0 -1.0 -1.0 -1.0 -1.0 -1.0 -1.0 -1.0 -1.0 -1.0 -1.0 -1.0 -1.0 -1.0 -1.0
197.3 197.8 115.5 111.5 101.4 91.6 82.6 73.2 67.1 23.0 13.6 0.0 0.0 43.1 44.3 21.7 25.4 31.2 38.7 44.1 50.9 11.3 20.2 29.6 39.3 53.0 71.5 91.7 112.7 126.7 40.9 9.5 15.8 21.7 26.2 30.8 34.8 38.3 42.1 185.7 188.0 237.6 240.7 243.9 247.1 -1.0 -1.0 -1.0 -1.0 -1.0 -1.0 -1.0 -1.0 -1.0 -1.0 -1.0 -1.0 -1.0 -1.0 -1.0 -1.0 -1.0 -1.0 -1.0 -1.0 -1.0 -1.0 -1.0 -1.0 -1.0 -1.0 -1.0 -1.0 -1.0 -1.0 -1.0 -1.0 -1.0 -1.0 -1.0 -1.0 -1.0 -1.0 -1.0 -1.0
212.1 202.4 120.3 119.7 112.9 101.9 91.2 82.4 35.2 30.5 20.3 0.0 0.0 6.4 47.4 49.8 29.8 37.0 43.3 48.8 56.1 64.4 25.8 35.2 47.3 64.2 83.3 103.8 123.8 135.7 141.6 52.3 20.2 24.8 29.7 34.4 38.2 42.0 46.1 48.9 191.3 193.6 243.8 247.8 251.4 253.8 -1.0 -1.0 -1.0 -1.0 -1.0 -1.0 -1.0 -1.0 -1.0 -1.0 -1.0 -1.0 -1.0 -1.0 -1.0 -1.0 -1.0 -1.0 -1.0 -1.0 -1.0 -1.0 -1.0 -1.0 -1.0 -1.0 -1.0 -1.0 -1.0 -1.0 -1.0 -1.0 -1.0 -1.0 -1.0 -1.0 -1.0 -1.0 -1.0
212.8 214.9 122.4 122.2 119.8 111.1 99.3 50.5 42.7 37.4 26.0 0.0 2.5 0.0 2.0 7.2 59.9 42.4 49.3 55.1 62.6 70.6 79.6 42.7 56.7 74.8 94.9 116.5 134.8 146.1 152.6 156.0 65.8 32.6 37.1 40.4 43.2 46.4 49.2 51.3 53.3 195.8 198.8 250.4 254.1 -1.0 -1.0 -1.0 -1.0 -1.0 -1.0 -1.0 -1.0 -1.0 -1.0 -1.0 -1.0 -1.0 -1.0 -1.0 -1.0 -1.0 -1.0 -1.0 -1.0 -1.0 -1.0 -1.0 -1.0 -1.0 -1.0 -1.0 -1.0 -1.0 -1.0 -1.0 -1.0 -1.0 -1.0 -1.0 -1.0 -1.0 -1.0 -1.0 -1.0
217.8 220.1 220.9 123.3 122.8 117.4 66.4 57.6 49.4 44.2 7.4 0.0 5.5 3.2 6.3 13.2 19.3 72.8 55.0 62.0 69.4 77.6 87.1 98.7 67.0 86.8 108.6 127.9 145.7 156.8 162.9 166.1 74.9 79.0 45.2 47.4 48.4 50.3 52.0 53.2 55.1 57.9 201.2 206.8 -1.0 -1.0 -1.0 -1.0 -1.0 -1.0 -1.0 -1.0 -1.0 -1.0 -1.0 -1.0 -1.0 -1.0 -1.0 -1.0 -1.0 -1.0 -1.0 -1.0 -1.0 -1.0 -1.0 -1.0 -1.0 -1.0 -1.0 -1.0 -1.0 -1.0 -1.0 -1.0 -1.0 -1.0 -1.0 -1.0 -1.0 -1.0 -1.0 -1.0 -1.0
