tests/fixtures/watershed_abstraction/mdobre-womanly-ascot/dem/topaz/ELDCHA.ARC
ncols   776
nrows   755
xllcorner  564333
yllcorner 5021478
cellsize   30.00
nodata_value    -1.0
[rows 342 to 379 of 755, columns 425 to 509 of 776]
59.3 53.1 47.7 43.7 39.8 34.3 29.4 25.3 22.5 18.9 14.8 13.5 12.1 10.4 9.5 7.3 5.5 4.4 2.8 0.0 0.8 0.0 0.3 1.6 2.8 3.2 3.9 4.5 5.3 1.0 0.0 0.8 1.5 2.3 0.9 0.0 1.2 2.5 4.3 7.1 6.8 5.3 6.1 5.6 7.0 9.5 10.0 15.9 23.1 27.9 32.9 35.1 40.4 45.7 51.3 25.9 29.8 32.9 61.9 62.2 0.0 92.3 82.8 87.6 0.0 50.7 121.1 9.1 0.0 50.9 59.2 148.2 155.0 160.7 155.3 162.2 0.0 77.9 91.9 105.1 118.0 133.8 150.7 247.1 263.5
72.5 69.1 64.6 58.3 51.2 45.4 39.5 34.5 30.0 25.6 20.9 19.1 17.0 14.9 13.1 10.4 8.2 6.6 4.5 0.0 2.9 1.1 0.0 1.0 2.3 1.9 0.0 0.0 0.0 0.0 4.9 5.7 6.4 7.4 8.2 1.8 0.0 0.0 1.5 3.5 3.4 4.1 3.7 3.6 4.2 7.1 5.8 6.4 9.6 13.0 16.8 18.4 24.5 36.0 14.4 18.2 20.9 48.9 49.3 0.0 79.2 71.3 77.2 0.0 39.2 109.1 9.6 0.0 38.6 48.2 136.1 142.7 148.6 142.4 148.2 0.0 62.9 75.0 85.9 96.7 108.6 122.6 219.3 236.4 253.7
83.7 82.7 80.5 73.9 65.2 58.3 50.9 44.9 39.6 34.3 28.8 26.0 23.2 20.7 18.0 15.1 12.7 10.1 4.7 0.0 4.5 3.2 1.4 0.0 0.0 0.0 2.5 2.7 3.3 4.0 4.7 6.2 7.8 8.8 9.5 3.4 4.0 1.8 0.0 0.7 2.2 1.8 1.9 1.5 2.9 3.0 2.5 2.3 4.7 8.2 11.7 14.7 19.4 24.4 0.0 8.3 36.7 36.9 0.0 66.5 58.0 64.8 0.0 27.7 97.1 8.5 0.0 26.5 36.9 126.1 131.8 138.2 131.9 137.5 0.0 45.4 54.9 65.0 75.6 86.6 98.0 191.3 206.0 223.8 243.9
94.0 95.8 94.7 87.9 80.3 72.5 61.9 54.2 47.5 42.6 36.9 33.5 29.9 26.5 23.8 20.2 17.5 14.2 0.0 8.0 6.5 4.2 2.9 1.1 0.0 0.9 2.4 2.5 3.2 3.9 4.6 6.4 8.6 10.3 11.9 5.6 6.2 4.0 1.3 0.0 0.0 0.0 0.0 0.0 0.0 0.0 0.0 0.0 1.7 5.0 9.0 12.7 16.9 0.0 20.5 26.7 26.7 0.0 54.3 45.2 52.2 0.0 13.4 87.2 31.5 0.0 14.9 34.3 115.4 122.5 131.6 123.0 127.1 131.0 0.0 36.3 44.6 55.0 65.3 75.6 166.7 179.5 194.0 213.1 234.5
11.7 18.5 22.8 98.6 95.9 87.6 74.5 64.0 55.9 48.4 44.4 40.8 36.6 32.8 29.8 25.3 21.2 0.0 13.2 10.0 7.3 5.3 4.1 2.7 0.0 0.6 1.7 2.1 2.7 3.2 3.6 5.0 7.5 10.2 12.1 13.2 6.8 2.6 1.5 1.1 0.7 0.6 1.3 2.4 1.2 1.8 2.7 4.2 2.6 3.7 6.4 9.3 0.0 9.9 15.9 17.3 0.0 43.0 34.3 40.7 44.7 0.0 70.8 81.3 20.1 0.0 17.1 102.1 111.1 121.2 113.9 118.5 121.2 126.9 0.0 27.2 34.7 45.5 55.1 145.0 155.4 167.9 182.9 201.2 212.0
4.7 9.0 15.6 20.6 23.8 95.3 85.6 74.0 61.6 56.6 51.8 46.9 42.8 39.2 34.4 29.5 0.0 20.6 16.7 12.5 9.4 6.6 5.2 2.9 1.1 0.0 0.5 1.3 1.8 2.5 2.6 3.6 5.4 8.4 10.6 10.7 10.9 11.0 11.2 1.9 2.0 2.5 2.6 2.8 3.3 4.1 4.9 6.1 7.6 0.0 0.0 0.0 3.7 5.7 7.4 0.0 33.0 21.8 27.6 33.3 0.0 60.4 68.6 73.9 8.4 0.0 82.3 95.0 109.0 103.4 109.4 113.8 115.5 120.3 0.0 19.2 25.8 34.8 125.5 135.1 144.5 156.6 170.7 178.5 195.4
0.0 2.7 8.0 13.3 17.8 94.1 89.3 77.5 69.1 63.4 58.7 53.1 49.3 43.2 39.4 0.0 30.8 27.8 22.1 18.8 14.6 10.5 7.6 4.6 3.4 1.4 0.0 0.0 0.9 1.2 2.6 3.3 4.2 6.5 8.8 10.1 10.3 10.6 10.4 11.4 3.0 3.4 2.4 2.7 1.3 0.0 0.0 0.0 0.0 0.0 0.0 0.0 0.0 0.0 0.0 24.6 12.1 16.6 22.1 0.0 45.7 54.6 60.1 11.2 0.0 66.4 74.9 85.0 83.5 98.3 105.9 109.8 111.1 114.4 0.0 11.1 17.1 105.6 115.3 124.1 133.1 144.4 148.5 162.6 177.3
4.2 3.9 6.3 9.8 14.2 18.4 89.0 82.5 75.7 70.6 65.7 60.2 53.4 47.8 8.9 0.0 38.5 35.3 31.1 26.9 23.0 17.7 13.2 8.3 6.1 4.3 1.1 0.5 0.0 0.4 1.7 2.5 3.6 4.5 6.9 8.6 9.6 9.9 10.7 12.5 3.9 3.4 2.1 0.7 0.0 2.3 3.2 4.5 5.4 6.8 10.9 12.7 14.8 17.2 19.5 10.9 7.6 10.9 0.0 35.2 38.8 45.8 10.1 0.0 56.1 59.4 67.5 62.4 76.5 87.9 96.9 103.5 109.0 109.0 0.0 5.6 90.2 97.0 104.9 112.1 120.6 123.2 134.9 146.1 158.7
7.9 8.0 7.5 9.0 12.2 17.4 89.8 86.5 81.8 76.2 69.9 62.6 57.2 18.7 0.0 7.0 45.9 42.5 40.0 36.1 32.4 27.0 20.0 15.3 11.2 7.2 3.4 1.9 0.8 0.0 0.8 1.6 2.1 3.2 4.9 7.5 8.4 9.6 11.5 12.9 3.5 2.6 1.6 0.0 1.1 1.9 2.9 4.8 8.3 8.5 9.5 11.4 13.6 15.6 17.4 7.3 3.9 0.0 25.5 28.3 32.2 37.7 0.0 45.3 49.9 56.2 47.0 58.3 67.0 76.1 84.3 94.5 99.4 44.0 0.0 0.0 83.1 87.8 93.6 100.5 100.1 109.8 120.1 128.8 140.1
12.9 12.1 11.6 10.3 11.4 16.9 90.7 88.3 83.7 77.5 71.0 64.9 26.8 9.4 0.0 15.0 53.0 50.2 49.0 46.4 43.1 36.7 29.5 23.2 17.3 11.8 7.3 4.9 2.5 0.6 0.0 0.5 1.5 2.0 3.4 5.3 7.3 9.1 10.9 9.2 8.8 1.8 0.8 0.0 2.0 2.9 3.7 5.3 7.7 7.0 7.3 8.8 10.7 12.8 10.2 3.6 0.0 18.5 20.9 23.4 26.7 0.0 36.1 40.0 45.8 35.1 43.4 50.8 56.8 64.4 75.7 83.4 29.8 0.0 103.2 0.0 74.7 78.6 82.8 80.5 88.6 97.7 104.3 112.3 164.3
17.8 16.8 15.5 13.3 14.0 17.1 18.8 87.4 84.5 79.3 73.7 34.4 17.4 0.0 5.8 21.2 60.1 58.8 57.6 55.1 50.9 47.0 40.0 31.4 23.7 16.9 12.1 8.3 5.5 2.8 0.1 0.0 0.9 1.0 1.9 3.4 5.7 8.0 9.3 7.5 7.6 1.1 0.0 0.5 1.5 2.8 3.6 6.4 6.7 5.8 5.7 6.4 7.7 9.6 6.8 0.0 12.9 14.3 16.4 19.6 0.0 26.8 31.5 37.0 25.8 30.5 37.5 43.8 48.9 57.8 65.5 13.7 0.0 52.8 94.2 0.0 67.0 69.3 64.8 69.9 77.2 83.7 89.5 139.3 147.2
23.4 21.7 20.8 17.8 18.7 20.5 20.9 88.6 85.7 82.2 43.2 25.4 8.4 0.0 11.0 26.1 65.5 64.5 64.4 63.2 60.0 56.7 50.2 43.0 34.1 25.1 17.3 12.5 9.8 5.9 2.5 0.4 0.0 0.8 1.5 2.4 4.2 6.4 6.8 6.0 0.0 0.0 0.2 1.1 2.1 3.2 5.7 5.4 5.6 5.1 4.7 4.7 5.2 6.7 3.7 0.0 9.9 10.8 13.1 0.0 19.2 23.9 28.6 31.7 20.0 23.8 29.8 36.3 44.5 48.8 55.9 0.0 34.3 79.6 81.7 0.0 56.2 58.1 52.6 57.2 64.8 69.9 119.1 124.8 133.3
31.7 29.4 27.3 24.5 23.9 25.3 95.4 93.1 90.7 53.9 35.6 17.2 8.5 0.0 17.1 31.3 70.8 70.1 70.7 71.0 68.6 65.7 60.9 52.6 43.8 33.4 24.5 18.3 13.9 9.6 6.4 3.1 1.4 0.0 0.7 1.5 2.4 4.1 4.2 0.0 1.4 2.8 1.0 1.8 2.7 2.9 5.0 4.6 4.4 4.1 3.7 3.6 3.9 4.0 1.6 0.0 7.4 9.0 0.0 12.7 17.3 22.4 24.2 27.0 14.0 16.2 21.3 29.8 34.6 41.6 0.0 15.2 65.4 65.2 67.8 0.0 44.1 46.1 40.8 45.4 51.6 100.2 106.3 113.1 120.9
39.9 36.9 36.0 33.1 32.5 32.0 99.8 98.2 62.5 47.8 30.2 19.4 9.2 0.0 23.8 37.4 76.6 76.7 78.5 79.0 77.4 75.1 70.6 61.9 51.6 42.6 32.6 24.1 18.4 12.9 9.8 7.0 3.6 0.6 0.0 0.9 1.1 2.0 0.0 3.9 5.5 7.3 8.5 2.4 2.8 4.8 4.5 4.5 3.1 2.8 2.6 2.6 2.0 1.5 0.0 5.1 6.3 0.0 8.3 13.3 16.7 18.8 20.4 17.4 9.0 10.0 12.9 19.7 26.5 34.0 0.0 51.4 56.5 53.6 55.1 0.0 32.3 34.9 29.5 35.5 82.8 89.5 96.3 102.5 108.3
47.3 46.0 45.4 42.6 40.6 38.6 106.4 104.5 68.1 39.3 32.2 21.5 16.8 0.0 31.5 46.7 85.7 86.4 88.1 89.5 88.1 85.5 80.6 72.2 62.4 52.6 42.1 32.5 24.3 17.7 13.6 10.3 7.6 3.1 0.6 0.0 0.7 0.0 2.0 3.8 5.0 6.6 8.4 8.1 3.4 5.2 4.4 3.9 3.0 1.7 1.4 1.5 0.8 0.0 3.3 4.3 0.0 5.4 9.3 11.5 13.8 15.6 17.4 13.2 4.2 4.6 11.1 16.5 22.7 0.0 36.0 41.2 41.4 43.8 0.0 22.3 22.6 25.2 19.8 68.4 75.0 80.2 85.4 92.5 97.8
55.6 55.9 55.2 51.6 49.9 49.3 118.6 116.2 78.0 45.7 32.1 29.2 26.9 0.0 43.3 57.2 96.3 97.2 101.8 103.4 99.3 95.4 90.6 83.1 74.0 63.4 52.9 42.0 33.1 24.9 18.7 15.1 10.5 7.3 3.4 0.9 0.0 0.0 1.0 3.2 4.1 4.5 6.0 7.7 8.1 5.6 4.8 3.5 2.6 1.7 0.6 0.8 0.0 1.8 2.8 0.0 3.3 6.6 8.3 10.0 11.4 12.8 9.1 9.3 0.0 4.2 9.5 15.0 0.0 27.5 30.5 32.5 33.0 35.7 0.0 11.7 15.3 9.8 54.7 60.4 65.8 70.5 74.7 81.6 86.5
63.6 64.0 63.2 58.6 56.5 57.9 129.0 92.9 59.3 53.1 36.7 33.0 5.0 0.0 48.0 66.4 106.8 107.5 114.3 118.9 113.9 108.0 100.5 94.5 86.5 76.6 64.9 54.0 43.5 32.5 25.4 18.5 13.9 9.5 6.6 4.2 0.0 0.5 0.0 1.3 2.1 3.6 5.2 5.8 7.0 6.4 6.0 4.0 1.9 0.9 0.0 0.0 1.0 0.9 0.0 1.8 4.6 5.5 7.0 8.8 9.4 10.2 6.1 6.3 0.0 3.4 9.1 0.0 19.9 23.5 24.5 27.2 26.7 29.3 0.0 5.1 0.0 45.2 48.9 52.7 56.3 59.9 65.8 71.4 75.5
72.3 71.4 67.7 65.9 64.9 66.5 138.2 73.9 68.5 50.7 44.9 13.4 9.9 3.3 0.0 52.2 58.5 115.0 122.2 131.1 129.2 120.6 113.2 107.0 99.5 89.1 76.2 62.8 51.3 40.4 30.0 22.6 15.9 11.4 8.7 4.7 0.0 3.6 1.4 0.0 0.0 1.3 2.3 3.9 4.5 4.7 4.5 3.7 1.8 0.0 0.0 0.4 0.0 0.0 0.5 3.4 3.9 4.7 5.8 7.2 7.4 7.9 3.2 3.8 0.0 4.1 0.0 13.3 16.1 17.6 20.4 22.8 21.6 0.0 28.9 0.0 36.9 39.9 42.6 46.4 48.8 52.4 57.4 61.7 65.9
85.3 82.3 76.8 74.5 75.1 75.8 82.4 79.9 63.7 59.0 28.4 22.5 13.0 9.7 5.5 0.0 59.0 62.1 70.7 83.5 138.9 135.0 124.2 116.7 109.4 97.4 84.6 71.0 58.6 46.1 36.2 27.6 20.1 14.7 8.7 0.0 8.1 7.6 5.4 1.8 0.6 0.0 0.0 1.6 1.9 2.5 2.7 2.1 0.8 0.0 0.7 0.0 1.3 2.1 2.3 2.8 3.2 3.9 4.7 5.5 5.8 6.2 1.1 0.0 1.4 0.0 9.5 10.1 10.8 14.1 16.4 15.7 0.0 21.3 0.0 31.1 34.1 36.2 39.2 40.8 43.6 46.6 50.7 53.6 59.2
95.5 94.1 90.5 90.2 88.8 87.5 92.6 75.8 71.7 40.8 35.1 26.0 20.7 16.9 11.5 5.4 0.0 0.0 5.9 14.7 19.4 140.1 131.8 121.7 113.0 102.5 91.0 79.0 64.9 52.1 41.3 33.7 26.0 17.0 0.0 3.0 10.9 9.0 6.2 4.5 3.3 0.0 1.1 0.0 0.0 0.6 0.9 0.5 0.0 0.5 0.8 0.0 1.0 1.6 1.3 1.6 2.2 2.7 3.4 3.9 4.4 4.9 0.0 5.6 0.0 6.3 7.5 7.6 7.4 10.3 9.6 0.0 15.3 0.0 24.7 28.1 30.2 32.4 33.8 35.6 37.4 40.1 44.7 49.3 30.4
108.0 107.6 105.1 104.2 100.9 97.0 90.7 84.0 52.2 47.3 39.2 34.2 28.6 21.0 17.9 10.3 0.0 5.1 0.0 4.2 9.7 16.5 132.8 124.5 115.4 106.1 94.0 82.2 70.1 59.4 51.3 43.0 32.5 12.2 0.0 6.5 12.6 9.6 7.8 6.0 3.5 0.0 2.9 1.0 0.3 0.0 0.0 0.0 0.0 0.0 0.0 0.0 0.0 0.0 0.0 0.3 1.1 1.4 1.9 2.6 3.1 0.0 4.5 4.5 0.0 4.5 5.4 5.6 4.6 3.5 0.0 9.3 0.0 16.9 21.5 24.4 26.3 27.5 29.3 30.6 32.7 36.4 40.6 22.4 24.6
120.2 120.3 117.7 116.3 112.6 106.7 99.1 68.8 62.0 50.6 45.7 40.6 33.8 29.2 25.2 16.5 0.0 8.6 9.3 6.1 7.5 9.5 13.7 126.9 117.5 107.4 98.5 88.8 80.3 71.1 61.3 49.6 28.2 0.0 15.2 18.0 13.3 10.3 8.5 5.7 2.3 0.0 4.9 3.0 2.5 2.3 1.8 1.4 1.1 0.0 0.5 1.0 0.9 0.7 0.6 0.0 0.3 0.6 1.1 1.8 0.0 3.1 3.3 3.4 0.0 3.0 3.7 4.3 2.5 0.0 3.4 0.0 10.9 14.3 18.5 20.9 21.9 23.4 25.2 27.0 30.0 33.9 14.5 17.3 19.0
93.0 126.3 123.7 122.7 120.6 113.6 82.8 77.6 69.0 61.1 52.5 44.5 40.1 35.7 26.3 22.2 0.0 13.5 14.0 16.3 9.6 9.9 10.9 126.3 123.3 117.2 109.7 99.6 88.9 78.5 66.4 0.0 0.0 27.6 28.8 21.8 15.8 11.8 8.5 5.4 4.7 0.0 7.1 4.8 3.8 3.4 2.8 2.4 0.0 0.0 1.9 2.2 2.4 2.4 2.0 0.8 0.0 0.0 0.4 0.0 1.8 1.8 2.1 2.4 0.0 1.8 2.4 2.7 1.0 0.0 0.0 6.0 8.2 11.7 15.4 16.6 18.5 19.7 21.7 24.3 27.8 8.1 10.6 12.9 37.5
97.3 129.8 126.6 125.6 121.8 94.4 89.3 80.4 76.5 71.5 60.6 52.0 46.3 36.9 32.8 0.0 7.8 19.4 19.2 21.4 13.8 13.4 13.3 127.6 126.9 122.8 114.7 104.6 95.0 82.6 0.0 18.4 45.7 45.5 38.5 31.0 23.7 17.3 11.6 7.9 7.6 0.0 9.3 6.6 5.4 4.7 4.0 1.4 0.0 0.0 1.4 3.3 3.8 3.8 3.3 2.8 1.2 0.3 0.0 0.8 1.0 0.8 1.0 1.3 0.0 0.7 1.0 1.4 0.0 1.8 3.3 4.7 6.5 9.7 10.6 12.5 14.8 16.3 18.7 21.8 24.7 3.9 6.1 31.6 32.8
134.6 131.5 129.4 125.1 99.1 97.5 89.8 85.1 81.6 75.6 70.2 62.8 49.5 44.4 0.0 7.4 15.2 27.7 27.0 27.5 19.7 19.7 20.0 133.3 133.0 128.4 119.6 110.9 98.2 0.0 37.0 67.0 64.7 54.5 47.7 40.7 33.0 23.6 16.6 11.9 11.1 0.0 10.5 8.9 7.3 6.3 3.3 0.0 1.1 0.0 1.4 2.5 4.6 4.8 4.6 4.4 3.8 2.7 1.4 0.0 0.4 0.3 0.3 0.6 0.0 0.0 0.0 0.0 0.6 1.3 2.2 3.3 5.2 7.3 7.1 8.1 10.5 13.2 16.1 18.6 20.6 0.0 25.1 27.4 0.0
133.9 132.9 128.6 101.9 100.4 95.1 91.4 87.4 82.5 79.2 75.7 66.3 60.7 13.8 8.2 14.9 24.9 36.8 34.8 33.6 25.7 25.9 26.9 143.0 140.7 134.3 126.9 117.0 0.0 55.7 85.4 84.2 73.8 65.0 55.8 47.6 38.2 30.9 24.2 18.1 0.0 4.3 14.1 11.4 9.3 5.8 0.0 3.1 2.2 0.0 0.0 2.3 3.7 5.7 5.6 5.7 5.4 4.7 3.1 1.2 0.0 0.0 0.0 0.0 0.0 0.0 0.0 0.0 0.3 0.9 1.5 2.2 3.6 3.9 4.9 5.7 7.4 10.3 12.8 14.7 0.0 19.6 21.8 0.0 25.4
28.4 28.0 26.9 102.4 95.1 93.1 89.9 86.5 84.2 81.8 74.1 71.8 28.5 24.6 20.3 24.8 32.0 43.7 41.7 39.0 30.1 30.6 31.9 148.5 147.0 142.2 133.8 0.0 73.1 102.9 101.1 92.0 83.7 75.1 66.8 56.2 48.4 39.9 29.9 9.1 5.4 8.6 17.6 14.1 9.6 0.0 5.5 4.5 3.5 0.0 0.0 3.3 3.5 4.5 6.1 6.6 6.2 5.6 4.8 3.3 1.2 0.3 0.0 0.3 0.3 1.0 0.5 0.6 0.3 0.7 1.2 1.7 1.5 2.3 3.5 4.5 6.1 8.1 9.9 0.0 14.7 16.4 0.0 22.4 22.0
25.7 25.6 25.6 96.1 95.1 93.4 90.9 88.1 85.9 78.8 76.7 34.9 33.3 31.6 40.1 37.1 42.8 51.0 47.6 44.9 35.6 35.4 36.3 37.2 150.6 148.0 0.0 91.1 120.3 119.3 107.9 102.6 94.3 84.8 75.0 66.9 58.3 46.3 21.5 17.8 12.0 24.9 21.6 15.4 5.0 2.7 8.1 6.9 5.4 0.0 0.0 4.6 4.9 5.4 5.1 6.5 2.9 5.8 5.4 4.2 2.8 1.3 0.4 0.0 0.3 1.2 1.5 1.7 0.8 1.8 2.3 0.5 0.9 1.6 2.4 3.4 4.7 6.1 0.0 10.6 12.2 0.0 17.4 19.3 18.7
22.6 23.9 25.5 96.9 96.0 94.5 92.4 90.2 82.6 80.8 39.0 37.6 36.7 46.5 45.4 54.6 66.3 64.4 61.3 56.8 46.0 43.0 41.8 41.7 155.0 0.0 106.9 139.7 140.2 129.8 119.3 111.3 102.7 91.7 83.5 74.7 63.8 39.8 31.7 25.5 35.6 30.6 24.1 12.0 9.3 6.9 12.4 10.2 3.5 0.0 0.0 6.5 6.2 6.6 6.1 3.1 2.6 2.5 3.2 2.7 3.2 2.1 0.8 0.0 0.3 0.8 1.0 1.5 1.5 2.0 2.3 0.1 0.4 1.0 1.7 2.3 2.9 0.0 7.1 8.2 0.0 13.0 14.4 16.3 15.6
21.0 24.2 27.3 99.5 99.3 97.4 95.0 87.0 84.4 42.1 40.9 40.1 39.5 49.9 49.4 72.5 71.5 71.1 70.1 68.5 58.9 54.9 51.1 48.4 159.9 0.0 148.0 155.0 147.5 138.0 128.9 119.7 109.2 101.3 93.3 82.9 57.9 49.8 44.4 51.7 43.8 36.2 24.7 20.3 15.4 12.8 16.7 9.1 4.8 2.4 0.0 9.2 8.2 8.5 8.1 4.8 3.5 2.1 1.3 1.6 1.0 1.9 1.0 0.0 0.0 0.0 0.8 1.1 1.3 2.1 2.5 0.6 0.0 0.5 1.0 1.0 0.0 3.8 5.1 0.0 9.6 10.3 11.9 13.3 12.8
21.6 26.5 31.6 105.0 104.9 102.4 93.4 90.3 47.3 44.5 42.8 42.0 41.8 52.4 76.7 76.1 74.8 73.4 72.5 64.6 62.9 59.6 55.6 166.1 5.9 3.3 150.9 157.7 154.3 145.0 136.9 127.8 119.6 111.0 100.5 76.5 68.2 61.0 69.7 61.1 51.9 37.6 32.5 28.7 23.2 19.4 18.5 13.5 9.2 5.6 0.0 12.6 11.2 11.4 10.8 7.3 3.7 1.4 0.0 0.0 0.0 0.0 0.0 0.6 0.0 0.3 0.9 1.2 1.4 1.7 2.3 0.8 0.0 0.0 0.0 0.0 1.8 2.3 0.0 5.7 6.9 7.9 9.2 10.3 10.0
24.0 31.1 38.7 113.2 113.2 104.5 99.4 55.1 51.5 48.0 45.6 43.9 43.6 54.5 79.4 79.5 78.4 76.0 74.2 65.5 64.2 62.0 173.0 12.7 10.8 8.9 155.4 161.2 159.6 153.6 144.3 137.5 129.6 118.2 94.7 86.3 78.4 88.1 80.6 72.6 56.1 49.3 43.3 37.0 31.2 29.5 23.4 19.8 16.2 12.2 0.0 16.4 14.8 15.1 13.8 8.4 5.4 2.7 2.2 1.3 0.0 1.1 0.6 1.1 0.6 0.0 0.8 1.4 0.6 0.8 1.2 0.8 0.0 0.0 0.9 0.7 0.5 1.3 0.0 3.4 4.6 5.3 6.7 7.6 7.3
27.1 36.5 46.2 50.7 121.6 112.8 67.1 61.9 57.4 53.1 49.7 47.5 46.0 56.2 81.3 81.8 81.4 79.6 70.1 67.4 65.7 177.7 18.5 18.1 17.3 16.0 163.1 167.9 166.4 162.2 155.4 147.7 137.5 112.9 104.9 97.5 107.2 100.3 92.4 77.4 70.3 63.0 54.5 47.8 42.4 38.0 32.8 29.5 24.5 20.0 0.0 21.7 20.3 18.9 13.4 10.7 7.5 5.8 4.1 2.4 0.0 2.7 2.0 1.8 0.0 0.0 0.0 0.2 0.7 0.8 0.9 1.2 0.0 0.0 0.8 0.4 0.0 0.0 1.8 2.3 3.0 3.3 4.4 5.4 5.0
30.1 41.0 51.8 56.4 122.2 79.2 74.5 69.5 64.7 59.8 55.3 52.0 49.5 58.9 83.1 83.0 82.6 74.1 72.3 70.0 181.3 21.7 21.5 22.0 22.6 22.9 171.3 176.3 171.4 168.5 163.9 156.2 134.3 124.2 117.7 128.3 121.8 115.1 96.9 89.5 82.6 74.4 68.0 61.2 53.6 47.0 42.4 37.9 33.4 28.8 0.0 28.3 26.1 20.2 16.2 12.3 10.4 7.7 5.2 0.0 2.6 5.1 4.1 3.9 0.0 2.3 1.0 0.0 0.0 0.0 0.6 0.7 0.0 0.4 0.4 0.0 0.5 1.1 1.3 1.6 2.0 1.9 2.8 3.7 3.1
32.6 43.7 53.8 52.5 85.0 83.6 80.6 77.1 72.8 67.5 61.9 57.4 53.7 61.9 85.1 84.0 75.9 74.9 73.5 185.9 26.8 25.8 25.4 25.8 26.9 28.3 178.1 185.9 182.3 177.3 171.3 152.2 147.5 139.5 149.8 143.3 136.3 120.4 110.8 102.7 95.4 87.6 81.0 74.0 66.5 59.7 54.3 47.5 41.5 11.5 0.0 36.2 32.2 25.1 21.4 17.9 14.6 10.0 0.0 2.3 5.7 7.7 6.9 6.5 0.0 5.0 3.9 2.6 1.1 0.7 0.0 0.0 0.0 0.6 0.4 0.0 0.6 0.8 1.0 1.3 1.4 1.2 1.9 1.5 1.9
28.5 35.9 44.6 49.5 52.3 45.6 83.5 82.1 79.9 75.5 70.1 64.8 69.8 65.7 87.5 78.3 76.8 75.9 188.5 30.0 29.8 29.9 31.1 32.1 32.9 34.1 183.7 192.2 190.2 184.3 165.9 162.7 159.7 172.3 166.3 159.5 142.4 134.1 123.4 115.1 108.5 101.8 95.3 87.4 78.9 71.6 65.5 58.0 26.6 21.1 0.0 44.0 36.8 32.1 30.5 30.7 26.8 21.3 0.0 10.5 10.2 11.5 10.8 9.6 0.0 7.7 6.6 5.2 3.9 2.3 0.0 0.6 0.8 0.0 0.0 0.5 0.3 0.4 0.8 1.2 0.9 0.9 1.3 0.5 1.0
22.0 29.8 37.4 42.4 39.4 40.4 39.1 38.6 37.2 79.9 76.9 83.3 77.6 96.4 84.5 81.3 79.1 191.0 190.0 31.8 32.7 34.9 38.4 41.4 43.1 42.5 190.1 197.3 192.7 176.0 174.3 172.4 171.0 185.5 182.8 178.5 163.0 157.1 143.5 131.4 124.0 117.7 110.6 101.7 91.4 83.7 77.2 44.6 37.1 14.8 9.3 49.7 44.9 42.0 42.2 40.3 37.1 34.2 13.5 21.5 18.6 17.1 15.3 13.9 0.0 10.5 9.4 7.9 6.4 3.5 0.0 1.9 1.6 0.3 0.0 0.2 0.0 0.0 0.3 0.4 0.8 0.9 1.0 0.0 0.0
15.9 21.8 28.0 33.0 30.1 31.7 31.3 32.2 32.1 31.3 31.3 86.6 107.9 95.4 90.4 86.3 83.0 194.0 192.6 35.0 37.0 41.0 46.6 51.4 53.4 53.0 199.9 204.5 198.2 182.2 181.3 180.5 180.5 196.0 194.0 194.5 185.1 181.6 170.6 151.4 141.0 130.7 121.9 113.2 104.2 96.0 63.9 56.5 32.6 24.8 19.3 59.4 55.4 53.9 53.1 50.4 46.9 26.1 33.4 29.5 25.4 24.3 20.7 4.9 0.0 13.6 12.8 11.2 8.1 0.0 2.7 4.5 3.9 2.4 0.8 0.0 0.2 0.7 0.0 0.0 0.6 0.8 0.0 0.0 0.0
