tests/fixtures/watershed_abstraction/mdobre-womanly-ascot/dem/topaz/ELDOUT.ARC
ncols   776
nrows   755
xllcorner  564333
yllcorner 5021478
cellsize   30.00
nodata_value    -1.0
[rows 350 to 384 of 755, columns 560 to 639 of 776]
868.6 869.5 873.4 876.2 883.3 895.0 902.6 907.9 911.7 912.9 911.7 907.5 901.0 893.2 885.4 877.6 871.6 866.4 860.6 853.8 847.9 841.6 836.0 831.8 829.6 828.6 828.0 825.8 822.8 820.0 819.2 820.2 823.8 828.5 833.6 839.1 845.1 849.7 853.0 -1.0 -1.0 -1.0 -1.0 -1.0 -1.0 -1.0 -1.0 -1.0 -1.0 -1.0 -1.0 -1.0 -1.0 -1.0 -1.0 -1.0 -1.0 -1.0 -1.0 -1.0 -1.0 -1.0 -1.0 -1.0 -1.0 -1.0 -1.0 -1.0 -1.0 -1.0 -1.0 -1.0 -1.0 -1.0 -1.0 -1.0 -1.0 -1.0 -1.0 -1.0
850.1 850.5 854.2 858.7 868.9 880.1 886.7 891.2 895.9 898.9 899.7 897.9 893.4 887.4 880.4 871.9 864.9 859.1 853.9 847.8 841.5 835.2 830.2 826.2 824.5 823.0 821.2 818.7 814.9 812.5 812.4 814.3 818.2 823.3 829.0 835.0 842.4 847.9 852.0 -1.0 -1.0 -1.0 -1.0 -1.0 -1.0 -1.0 -1.0 -1.0 -1.0 -1.0 -1.0 -1.0 -1.0 -1.0 -1.0 -1.0 -1.0 -1.0 -1.0 -1.0 -1.0 -1.0 -1.0 -1.0 -1.0 -1.0 -1.0 -1.0 -1.0 -1.0 -1.0 -1.0 -1.0 -1.0 -1.0 -1.0 -1.0 -1.0 -1.0 -1.0
831.7 831.6 834.8 842.5 855.3 864.5 869.8 874.4 879.7 883.3 885.4 885.5 883.4 879.1 873.0 864.6 857.4 852.5 847.9 842.0 834.5 828.6 823.5 820.0 817.8 815.8 813.7 810.6 807.2 805.7 806.8 809.8 814.0 819.9 826.6 833.1 841.2 847.1 851.9 -1.0 -1.0 -1.0 -1.0 -1.0 -1.0 -1.0 -1.0 -1.0 -1.0 -1.0 -1.0 -1.0 -1.0 -1.0 -1.0 -1.0 -1.0 -1.0 -1.0 -1.0 -1.0 -1.0 -1.0 -1.0 -1.0 -1.0 -1.0 -1.0 -1.0 -1.0 -1.0 -1.0 -1.0 -1.0 -1.0 -1.0 -1.0 -1.0 -1.0 -1.0
812.7 813.2 817.9 829.5 841.4 848.7 853.5 857.8 863.0 867.7 870.5 872.2 871.7 869.0 864.1 856.7 850.2 845.6 841.3 836.3 830.1 823.2 818.2 813.4 810.7 807.6 804.6 801.9 800.1 800.8 802.9 806.7 811.6 819.0 826.2 833.0 840.7 847.0 852.2 -1.0 -1.0 -1.0 -1.0 -1.0 -1.0 -1.0 -1.0 -1.0 -1.0 -1.0 -1.0 -1.0 -1.0 -1.0 -1.0 -1.0 -1.0 -1.0 -1.0 -1.0 -1.0 -1.0 -1.0 -1.0 -1.0 -1.0 -1.0 -1.0 -1.0 -1.0 -1.0 -1.0 -1.0 -1.0 -1.0 -1.0 -1.0 -1.0 -1.0 -1.0
793.3 794.2 803.1 816.1 825.1 832.4 836.3 841.1 847.2 852.6 856.0 858.2 858.0 856.7 853.6 848.2 843.0 839.0 835.0 830.7 825.5 819.9 814.0 807.4 802.0 797.1 793.8 792.9 794.1 796.6 800.5 806.6 812.7 819.4 826.5 834.0 841.1 847.4 853.2 858.6 -1.0 -1.0 -1.0 -1.0 -1.0 -1.0 -1.0 -1.0 -1.0 -1.0 -1.0 -1.0 -1.0 -1.0 -1.0 -1.0 -1.0 -1.0 -1.0 -1.0 -1.0 -1.0 -1.0 -1.0 -1.0 -1.0 -1.0 -1.0 -1.0 -1.0 -1.0 -1.0 -1.0 -1.0 -1.0 -1.0 -1.0 -1.0 -1.0 -1.0
774.1 777.5 789.6 799.3 808.0 815.3 819.2 824.8 831.2 836.4 840.2 842.6 844.0 844.1 842.4 839.4 836.2 832.3 828.0 824.0 819.8 814.8 808.3 800.8 791.9 785.9 784.0 785.0 787.8 793.1 800.1 806.9 813.6 820.4 827.6 835.0 841.6 848.1 854.1 859.8 -1.0 -1.0 -1.0 -1.0 -1.0 -1.0 -1.0 -1.0 -1.0 -1.0 -1.0 -1.0 -1.0 -1.0 -1.0 -1.0 -1.0 -1.0 -1.0 -1.0 -1.0 -1.0 -1.0 -1.0 -1.0 -1.0 -1.0 -1.0 -1.0 -1.0 -1.0 -1.0 -1.0 -1.0 -1.0 -1.0 -1.0 -1.0 -1.0 -1.0
756.0 762.6 773.2 781.7 791.8 798.1 802.4 808.6 814.9 819.9 823.8 827.0 829.3 830.8 830.9 829.5 826.9 823.4 820.4 817.5 813.6 807.9 800.3 791.7 782.8 777.0 775.6 777.7 784.4 792.7 800.8 808.6 815.7 822.2 829.3 835.9 842.2 848.5 854.6 860.6 -1.0 -1.0 -1.0 -1.0 -1.0 -1.0 -1.0 -1.0 -1.0 -1.0 -1.0 -1.0 -1.0 -1.0 -1.0 -1.0 -1.0 -1.0 -1.0 -1.0 -1.0 -1.0 -1.0 -1.0 -1.0 -1.0 -1.0 -1.0 -1.0 -1.0 -1.0 -1.0 -1.0 -1.0 -1.0 -1.0 -1.0 -1.0 -1.0 -1.0
738.1 744.8 754.5 765.3 775.6 781.4 785.9 791.5 798.2 803.1 807.0 811.0 815.0 817.9 819.1 818.3 816.7 814.7 813.1 810.9 806.1 798.9 790.4 781.2 773.6 769.5 769.2 774.1 783.1 792.4 801.8 810.5 817.9 824.8 831.2 837.1 843.3 849.8 855.3 860.9 865.6 -1.0 -1.0 -1.0 -1.0 -1.0 -1.0 -1.0 -1.0 -1.0 -1.0 -1.0 -1.0 -1.0 -1.0 -1.0 -1.0 -1.0 -1.0 -1.0 -1.0 -1.0 -1.0 -1.0 -1.0 -1.0 -1.0 -1.0 -1.0 -1.0 -1.0 -1.0 -1.0 -1.0 -1.0 -1.0 -1.0 -1.0 -1.0 -1.0
721.0 726.5 736.1 747.6 759.0 765.0 769.8 775.8 782.0 786.2 790.3 795.0 800.1 803.9 805.9 806.3 805.6 804.6 803.2 801.5 797.2 789.7 779.4 769.5 764.2 762.3 763.7 771.2 781.3 791.3 802.3 813.3 822.2 830.0 835.6 839.9 844.7 850.0 854.8 859.9 864.4 -1.0 -1.0 -1.0 -1.0 -1.0 -1.0 -1.0 -1.0 -1.0 -1.0 -1.0 -1.0 -1.0 -1.0 -1.0 -1.0 -1.0 -1.0 -1.0 -1.0 -1.0 -1.0 -1.0 -1.0 -1.0 -1.0 -1.0 -1.0 -1.0 -1.0 -1.0 817.7 820.1 822.8 826.5 830.6 -1.0 -1.0 -1.0
704.9 709.9 719.3 731.0 741.9 748.2 753.9 760.1 765.8 769.4 774.1 779.8 785.4 789.2 791.7 793.1 793.4 792.6 790.4 788.7 786.0 778.4 767.5 757.9 753.6 753.0 757.7 767.1 777.9 788.6 800.8 815.2 827.2 836.6 843.4 844.6 846.0 847.3 850.9 856.3 861.7 866.6 -1.0 -1.0 -1.0 -1.0 -1.0 -1.0 -1.0 -1.0 -1.0 -1.0 -1.0 -1.0 -1.0 -1.0 -1.0 -1.0 -1.0 -1.0 -1.0 -1.0 -1.0 -1.0 -1.0 -1.0 813.3 810.3 807.4 806.5 806.9 807.7 809.5 812.2 815.4 820.3 825.9 -1.0 -1.0 -1.0
690.1 695.7 704.3 714.6 723.7 730.7 737.4 743.8 749.4 752.8 757.8 764.3 769.6 773.8 776.5 778.3 778.9 777.8 776.3 775.1 772.3 765.2 754.4 746.5 743.6 744.4 751.9 762.4 772.6 782.6 794.2 807.7 818.7 827.0 833.9 837.8 839.5 840.8 844.5 849.2 855.2 862.4 868.2 -1.0 -1.0 -1.0 -1.0 -1.0 -1.0 -1.0 -1.0 -1.0 -1.0 -1.0 -1.0 -1.0 -1.0 -1.0 -1.0 -1.0 -1.0 -1.0 -1.0 -1.0 -1.0 807.5 805.7 802.4 798.4 796.9 797.5 799.2 801.5 804.6 808.0 813.0 819.2 820.3 -1.0 -1.0
676.3 682.4 689.9 698.1 706.4 713.8 720.8 727.0 732.0 735.5 741.1 747.2 752.6 757.3 759.8 761.3 761.4 760.4 759.6 758.9 756.3 750.9 742.3 736.0 733.3 734.3 743.3 754.8 765.2 774.2 783.4 793.2 801.4 808.1 814.6 820.8 825.2 827.8 831.7 838.2 844.8 853.1 860.6 867.3 -1.0 -1.0 -1.0 -1.0 -1.0 -1.0 -1.0 -1.0 -1.0 -1.0 -1.0 -1.0 -1.0 -1.0 -1.0 -1.0 -1.0 -1.0 -1.0 801.9 801.2 799.1 796.0 791.9 787.7 786.4 787.5 790.2 793.5 796.9 800.4 804.8 810.2 813.3 812.4 -1.0
662.6 668.3 675.8 683.9 691.7 698.3 704.1 709.5 715.1 719.5 724.8 730.2 735.0 738.9 741.4 742.2 742.2 741.7 742.0 741.6 740.3 737.0 730.4 725.6 723.2 725.2 733.6 746.4 756.1 764.3 771.7 778.7 784.4 790.0 795.8 801.7 806.6 810.6 815.7 823.4 833.3 841.1 850.4 859.4 867.3 871.9 -1.0 -1.0 -1.0 -1.0 -1.0 -1.0 -1.0 -1.0 -1.0 -1.0 -1.0 -1.0 800.0 798.4 797.9 797.6 797.6 795.5 792.9 789.1 785.3 780.7 777.3 776.8 778.3 781.1 784.9 788.8 792.4 796.2 800.8 805.0 806.5 -1.0
649.7 655.1 663.3 672.0 679.0 684.8 688.7 693.2 698.6 704.0 708.5 713.3 717.7 721.0 723.2 723.3 724.4 725.2 725.0 725.6 725.5 723.1 718.5 715.2 714.1 719.1 726.3 736.4 745.8 752.9 758.6 764.1 768.8 773.5 779.5 785.7 790.4 794.2 800.5 809.4 818.2 828.2 837.9 849.1 858.7 865.1 867.5 -1.0 -1.0 -1.0 -1.0 -1.0 -1.0 -1.0 804.8 797.1 795.7 794.6 792.2 790.3 790.0 789.6 788.9 786.2 781.7 777.7 774.5 770.7 767.5 766.5 767.9 771.4 775.8 780.6 784.4 788.0 792.5 797.5 800.1 -1.0
637.7 643.3 651.5 660.0 666.5 671.5 675.3 680.2 684.5 690.1 693.9 697.9 701.4 705.0 708.3 708.3 710.1 710.4 710.3 711.5 712.0 711.1 708.2 705.6 704.6 710.2 717.6 725.0 730.8 737.9 743.4 748.3 752.8 757.6 763.7 769.4 774.3 780.2 787.7 795.3 804.1 814.8 826.8 838.8 850.1 856.6 858.6 858.6 856.6 850.8 842.2 832.6 823.0 815.5 806.1 795.7 787.8 783.6 779.7 777.3 777.3 776.6 775.4 773.5 770.6 767.7 764.6 761.6 759.3 757.8 758.8 761.8 766.6 771.9 776.5 780.5 784.9 790.7 794.4 796.3
626.6 632.1 639.2 646.5 653.5 658.5 663.4 669.0 673.6 678.4 681.8 684.9 687.6 690.8 694.6 695.6 696.3 697.4 698.6 700.1 701.1 700.7 698.3 696.1 695.6 701.7 708.7 713.9 717.3 721.9 727.9 733.6 739.0 743.8 749.9 756.1 761.5 767.5 774.7 783.1 793.2 803.9 817.9 832.0 841.6 846.8 848.3 847.2 842.7 834.2 826.7 820.9 815.2 809.8 801.2 789.4 779.3 771.6 764.0 762.1 763.7 765.5 766.2 764.8 761.7 758.9 756.1 753.4 750.8 749.3 752.1 754.1 758.0 763.1 768.1 773.1 778.2 784.6 789.2 791.5
616.2 621.3 626.5 633.0 641.2 647.4 652.0 657.9 662.9 666.5 669.4 672.5 676.1 679.4 682.0 683.0 682.7 685.0 687.2 689.7 691.3 690.8 688.6 686.4 689.2 696.8 701.8 705.7 710.3 715.5 721.7 727.5 731.2 733.7 737.9 744.3 750.5 755.7 763.4 773.3 783.1 795.0 809.9 824.2 833.2 837.3 837.1 833.4 826.2 818.5 814.2 808.4 804.9 801.3 793.5 782.4 771.7 760.6 754.0 753.1 755.2 757.4 758.1 757.0 754.2 751.2 748.2 745.5 742.6 741.7 744.2 747.8 750.7 754.8 760.4 766.1 772.1 778.9 783.5 786.6
606.0 610.2 614.3 621.3 630.2 636.7 640.9 646.7 651.2 653.9 656.8 660.6 665.3 668.7 670.2 670.5 670.7 672.9 675.6 678.7 680.8 680.7 679.1 676.9 683.9 691.6 697.5 702.9 708.3 713.8 719.1 724.4 728.4 731.2 735.2 740.0 743.8 747.4 754.0 763.9 774.9 787.2 801.4 814.8 823.3 825.0 822.2 818.8 813.5 806.3 801.1 797.0 794.5 789.7 782.4 774.0 763.1 753.7 748.0 746.7 748.0 749.4 749.7 748.3 746.5 743.2 739.9 737.1 735.0 734.4 736.6 740.5 744.6 747.5 752.5 758.6 765.1 771.9 777.8 782.0
595.4 599.8 604.5 612.4 620.6 625.5 630.6 636.0 639.7 641.9 645.3 649.3 653.7 656.8 658.0 658.0 659.2 661.7 665.5 669.0 671.1 671.5 670.1 667.6 676.0 683.1 690.8 699.6 704.8 709.5 714.1 718.9 723.3 726.9 731.0 734.7 738.7 742.0 746.7 756.1 767.4 779.3 793.1 806.3 813.3 814.6 811.8 805.7 797.3 791.5 786.9 784.1 780.7 777.3 771.4 763.8 753.9 747.0 743.3 741.2 741.3 742.4 742.4 741.1 738.5 735.6 733.3 730.3 728.2 727.7 730.2 733.8 736.8 740.6 745.3 750.5 757.4 764.7 772.2 779.5
585.6 589.8 596.2 605.2 610.7 614.8 620.7 625.8 628.7 631.8 636.2 639.7 643.0 645.6 647.1 648.3 650.3 652.8 657.1 660.8 662.7 663.1 661.0 659.6 668.4 674.7 682.6 692.1 697.1 701.9 706.5 711.5 717.2 720.8 724.6 727.4 731.6 735.6 740.1 749.1 759.7 771.1 785.4 798.1 803.6 803.6 800.5 793.8 785.2 779.9 774.8 772.0 769.3 765.5 761.1 754.4 746.5 739.6 735.3 734.5 733.9 733.8 733.8 732.2 729.6 728.6 727.3 724.5 722.3 722.9 725.5 727.4 729.5 733.6 738.6 743.5 750.3 758.5 767.0 776.0
576.1 580.6 589.5 597.8 600.5 604.9 611.4 615.7 617.6 622.4 628.1 632.0 634.8 636.7 638.1 640.9 642.9 645.2 649.5 652.4 653.2 653.5 650.9 654.6 663.5 669.1 676.4 684.1 689.4 695.2 700.3 704.3 708.9 711.9 716.0 718.9 723.0 728.1 733.7 742.2 752.9 764.6 778.3 790.9 795.4 793.9 789.1 782.4 775.1 770.0 764.4 760.5 757.8 753.5 748.1 742.4 737.1 731.5 729.0 728.6 727.5 725.9 725.2 723.4 721.9 722.5 722.5 719.7 717.6 718.7 720.6 722.0 723.7 727.0 732.2 737.8 744.9 754.8 765.7 775.9
566.9 576.0 585.1 589.6 590.1 595.2 602.4 605.7 607.4 613.3 618.9 623.6 626.8 628.0 628.9 631.8 634.6 637.6 641.9 643.1 642.9 642.7 642.5 651.9 661.1 666.9 673.7 679.5 683.8 689.4 694.4 697.7 700.0 702.5 706.2 710.2 715.2 720.3 727.1 737.4 748.4 760.1 773.2 783.9 787.7 783.9 778.8 772.4 765.7 759.6 754.5 749.7 745.5 741.1 735.8 730.9 726.7 724.6 724.2 723.3 721.3 719.0 717.1 717.1 717.7 718.9 716.5 713.6 713.5 714.6 716.0 717.5 719.9 723.5 727.8 734.7 744.2 754.6 765.6 775.5
560.5 572.0 579.5 580.2 579.3 586.3 591.7 594.5 598.0 604.0 609.6 614.5 616.8 616.7 618.4 622.7 627.8 631.9 634.0 632.9 632.3 632.4 639.4 651.4 659.8 665.4 670.9 674.8 678.2 683.6 688.0 690.7 692.2 695.1 699.3 704.6 709.8 715.5 723.2 733.4 744.6 757.1 770.0 778.5 778.8 773.7 768.1 762.2 756.6 750.6 744.0 739.0 734.4 729.2 724.3 721.4 718.5 717.8 718.1 715.8 714.8 713.3 711.3 710.9 712.8 711.7 710.1 708.7 709.3 711.1 712.4 714.2 716.8 720.1 725.3 733.7 742.8 753.6 764.0 774.3
555.0 565.4 569.8 568.0 568.5 575.7 580.2 582.2 587.8 594.2 599.2 603.7 605.3 605.1 608.3 614.6 621.7 626.4 625.1 622.5 621.2 627.2 641.0 650.2 656.1 660.6 664.9 668.4 672.7 677.9 681.6 683.7 686.2 690.8 695.7 701.1 706.1 712.0 720.3 730.6 743.1 756.2 767.6 772.9 769.5 763.7 758.5 753.0 747.8 741.5 734.4 729.0 724.0 719.3 716.1 713.6 711.4 711.0 711.0 710.1 710.5 710.0 709.2 707.6 706.5 705.1 704.7 704.4 706.0 709.0 709.0 710.5 714.4 718.1 723.8 731.1 739.8 750.7 761.1 772.2
550.9 558.1 558.3 555.4 557.9 564.8 568.5 570.7 577.3 584.9 590.2 593.3 594.1 595.7 600.1 606.4 613.6 616.8 614.6 613.0 613.9 627.0 638.9 643.7 648.2 652.5 656.7 662.3 667.4 672.0 675.8 678.9 682.6 687.6 692.4 697.8 703.4 709.9 718.7 730.3 744.6 757.4 764.9 764.9 759.9 755.0 750.2 744.7 739.3 732.7 726.0 720.2 715.6 711.4 709.4 707.2 704.9 703.5 702.6 704.1 706.0 705.4 703.8 702.7 700.2 699.1 698.9 700.2 703.0 705.9 704.5 707.7 712.0 717.3 723.7 730.7 739.3 748.9 759.2 770.5
544.1 546.9 545.1 543.0 547.7 553.8 557.1 561.5 569.5 576.3 581.8 584.0 585.3 587.8 592.9 598.4 602.7 604.6 604.9 605.0 609.5 621.0 628.3 633.7 639.0 644.1 648.8 656.3 662.0 666.5 671.3 676.0 680.2 684.5 688.9 694.4 701.1 708.8 718.3 731.6 747.3 758.4 760.1 755.7 751.5 747.2 741.8 735.2 729.3 723.3 717.3 712.1 708.5 705.7 703.2 701.2 698.9 697.7 697.1 698.0 698.1 697.4 697.2 696.4 694.5 693.8 693.9 693.5 698.3 699.4 702.0 706.7 710.9 716.3 723.1 729.1 738.4 748.3 758.4 769.7
534.0 534.2 533.0 533.6 537.7 543.1 548.1 555.7 562.1 567.3 570.7 573.5 575.2 578.4 582.5 586.6 589.8 592.9 596.8 600.1 605.5 614.4 622.6 628.7 634.1 640.3 646.1 652.7 658.2 663.4 669.0 673.8 678.1 681.8 686.1 692.1 699.4 708.4 719.9 734.2 749.4 756.5 753.3 747.9 743.5 739.1 732.7 725.0 718.7 713.2 708.9 705.1 702.6 700.0 698.1 696.1 694.3 693.1 692.6 692.8 692.2 691.2 690.7 689.8 689.4 689.5 690.1 690.6 691.9 693.7 698.6 704.5 709.9 715.2 721.8 729.0 738.1 747.2 757.3 769.3
522.3 522.4 523.6 525.8 529.5 534.8 541.1 548.5 553.1 554.9 556.6 560.8 564.9 568.8 571.6 576.8 583.1 589.0 596.1 603.4 610.9 619.8 628.4 633.3 637.3 642.7 648.4 652.8 656.8 662.5 668.0 672.1 676.2 679.8 684.6 690.9 698.5 708.8 722.1 737.3 749.1 750.3 745.1 739.9 735.5 730.4 723.2 715.0 708.5 703.5 700.9 698.3 696.4 694.6 692.6 690.8 689.5 688.5 687.6 686.9 686.7 685.6 684.8 684.7 685.0 685.5 685.7 687.0 687.6 691.1 695.7 702.6 707.9 714.6 722.8 727.4 736.5 745.9 756.1 767.9
510.4 513.0 515.3 519.4 523.6 528.3 533.5 538.8 541.0 541.1 548.4 553.1 559.8 571.6 579.8 586.8 595.2 602.8 608.6 614.2 618.5 624.4 632.4 638.2 642.3 646.0 649.5 653.1 656.6 661.7 666.6 670.6 674.5 678.5 684.2 691.1 698.9 708.2 721.2 736.9 743.5 741.0 736.3 731.7 727.6 722.1 714.4 706.5 701.1 697.0 694.3 692.3 690.5 688.7 686.8 685.6 684.7 683.7 682.7 682.0 681.4 680.3 680.1 680.3 681.1 681.8 681.8 683.0 685.5 689.3 694.1 702.1 707.9 713.5 721.2 727.8 733.8 745.1 754.3 765.7
491.2 493.7 497.7 504.6 511.8 519.6 526.2 529.5 533.7 550.0 560.5 568.5 575.4 583.0 589.9 597.6 606.0 612.9 617.5 621.9 626.9 631.9 636.3 640.9 645.2 648.8 651.8 654.8 657.2 661.3 665.9 670.5 674.1 677.9 683.7 691.2 698.8 705.8 717.2 730.7 734.0 731.3 727.6 724.0 719.8 713.9 706.7 699.8 695.3 691.6 688.4 686.2 685.0 683.2 681.8 680.7 679.8 679.0 677.9 676.9 675.8 675.4 675.7 676.3 677.2 677.6 678.6 680.7 684.1 688.6 694.6 702.3 707.5 712.1 718.2 725.2 733.0 742.0 752.0 763.6
495.1 501.9 505.5 514.7 517.3 517.0 524.8 538.2 550.8 560.7 569.7 578.1 585.9 593.6 601.0 608.4 616.3 623.1 627.8 631.8 636.4 641.1 645.1 648.2 651.1 653.9 656.6 659.3 661.4 663.9 668.0 673.2 675.6 678.2 682.4 688.8 696.0 702.1 710.9 720.6 723.4 721.9 719.3 715.9 711.6 706.0 700.0 694.3 690.3 686.4 683.3 680.7 679.4 677.8 676.6 675.4 674.5 674.0 673.2 672.0 671.2 671.1 671.5 672.3 673.0 673.2 676.4 679.5 683.1 687.7 693.9 701.3 706.2 711.0 715.8 723.2 732.7 741.2 749.9 762.2
504.1 513.6 517.2 523.3 530.0 534.3 536.9 541.1 553.6 570.0 579.9 589.0 597.0 606.1 613.8 620.7 627.9 634.0 638.5 642.5 647.1 651.7 654.9 656.6 658.2 659.9 661.6 663.9 666.4 668.8 673.0 677.4 678.7 678.7 679.2 683.4 690.0 695.5 701.7 709.1 712.4 712.3 710.2 706.9 702.4 697.9 693.0 688.9 685.8 682.1 679.1 675.9 673.9 672.2 670.7 669.8 669.3 668.9 668.2 667.0 666.8 667.2 668.0 668.7 669.6 672.3 675.9 679.3 682.9 687.1 692.1 698.7 704.5 710.4 715.1 722.0 730.7 739.8 749.0 760.1
513.8 523.5 532.1 536.9 542.6 542.1 547.4 551.7 555.6 564.9 583.1 600.7 609.8 619.0 627.3 633.5 639.2 644.5 648.8 653.1 657.8 661.6 664.6 665.6 665.3 665.6 666.3 668.0 670.6 673.7 677.3 680.5 681.6 678.3 674.1 676.2 681.1 685.2 690.4 696.7 700.8 701.4 699.0 694.6 691.3 688.8 685.8 683.5 681.3 678.2 675.4 671.5 668.8 666.7 664.9 663.7 663.0 662.9 662.1 661.0 660.9 662.1 664.6 666.5 669.1 672.4 675.8 679.2 682.9 686.7 691.5 697.9 703.3 708.7 714.5 721.2 729.2 738.7 748.3 760.1
522.5 533.8 541.5 549.0 556.3 556.4 556.2 561.1 565.6 572.4 583.1 606.4 624.0 632.4 639.2 643.0 647.1 651.6 656.3 660.7 664.5 668.1 671.2 671.8 671.6 671.9 672.0 673.0 674.6 677.1 680.0 681.4 680.7 675.2 668.0 668.1 670.4 672.4 676.4 682.0 686.4 687.1 684.8 679.0 679.1 679.7 678.9 678.4 676.8 674.5 671.7 667.6 664.3 661.3 658.8 657.0 656.2 655.9 654.7 657.3 659.9 662.1 663.7 666.7 669.9 672.7 675.8 679.1 682.5 686.2 690.6 697.7 702.6 707.5 713.4 720.2 728.8 738.1 748.0 760.0
514.2 526.3 539.0 551.1 557.8 561.6 562.8 568.3 573.9 582.0 589.4 602.6 627.9 642.5 648.2 651.1 654.1 657.5 660.5 663.7 666.8 670.2 673.4 674.3 676.4 677.4 677.2 677.2 677.2 677.2 677.6 676.1 672.0 666.5 661.0 657.8 656.7 657.7 660.1 664.7 669.4 670.5 667.5 664.4 669.3 671.6 672.8 673.4 672.3 670.1 667.1 663.8 660.1 655.5 651.2 647.6 645.4 648.3 653.3 658.8 662.8 665.5 667.2 669.6 670.8 673.3 676.0 679.1 682.0 685.7 689.8 695.4 700.3 706.3 712.8 719.6 727.9 738.1 748.6 760.5
