tests/fixtures/watershed_abstraction/mdobre-womanly-ascot/dem/topaz/ELDOUT.ARC
ncols   776
nrows   755
xllcorner  564333
yllcorner 5021478
cellsize   30.00
nodata_value    -1.0
[rows 350 to 384 of 755, columns 240 to 319 of 776]
-1.0 -1.0 -1.0 -1.0 -1.0 -1.0 -1.0 -1.0 -1.0 -1.0 -1.0 -1.0 -1.0 -1.0 -1.0 -1.0 -1.0 -1.0 -1.0 -1.0 -1.0 -1.0 -1.0 -1.0 -1.0 -1.0 -1.0 -1.0 -1.0 -1.0 -1.0 -1.0 -1.0 -1.0 -1.0 -1.0 -1.0 -1.0 -1.0 -1.0 -1.0 387.7 386.8 385.3 383.2 381.3 379.3 377.3 376.1 375.1 374.0 372.1 369.9 365.8 361.8 358.1 353.1 349.0 345.1 342.0 339.3 336.3 332.3 329.1 325.2 320.9 314.8 303.8 292.8 281.4 269.6 262.4 269.3 279.5 288.6 296.6 304.8 314.1 325.1 336.1
-1.0 -1.0 -1.0 -1.0 -1.0 -1.0 -1.0 -1.0 -1.0 -1.0 -1.0 -1.0 -1.0 -1.0 -1.0 -1.0 -1.0 -1.0 -1.0 -1.0 -1.0 -1.0 -1.0 -1.0 -1.0 -1.0 -1.0 -1.0 -1.0 -1.0 -1.0 -1.0 -1.0 -1.0 -1.0 -1.0 -1.0 -1.0 -1.0 387.5 386.9 385.8 384.0 381.8 379.2 377.1 374.9 373.3 372.3 371.6 369.7 365.4 362.1 356.9 351.8 346.9 341.2 336.4 331.9 328.6 326.1 323.1 319.6 316.7 313.9 310.7 303.8 293.5 282.4 268.1 261.6 265.3 276.9 288.2 297.8 307.3 315.8 325.6 336.8 348.5
-1.0 -1.0 -1.0 -1.0 -1.0 -1.0 -1.0 -1.0 -1.0 -1.0 -1.0 -1.0 -1.0 -1.0 -1.0 -1.0 -1.0 -1.0 -1.0 -1.0 -1.0 -1.0 -1.0 -1.0 -1.0 -1.0 -1.0 -1.0 -1.0 -1.0 -1.0 -1.0 -1.0 -1.0 -1.0 -1.0 -1.0 386.1 386.4 385.5 384.1 382.0 379.8 377.8 374.6 372.1 369.8 368.5 367.4 366.3 363.7 357.7 353.1 347.9 341.5 335.1 328.5 322.7 317.4 313.6 310.8 308.6 305.7 303.3 301.7 298.9 292.9 284.2 271.7 260.5 263.3 271.8 284.3 295.4 305.4 315.0 325.3 336.6 347.9 361.3
-1.0 -1.0 -1.0 -1.0 -1.0 -1.0 -1.0 -1.0 -1.0 -1.0 -1.0 -1.0 -1.0 -1.0 -1.0 -1.0 -1.0 -1.0 -1.0 -1.0 -1.0 -1.0 -1.0 -1.0 -1.0 -1.0 -1.0 -1.0 -1.0 -1.0 -1.0 -1.0 -1.0 -1.0 -1.0 384.2 384.4 384.3 383.7 382.0 379.7 376.7 374.4 372.6 369.1 366.7 364.5 362.9 361.3 359.3 356.5 350.0 343.5 338.0 330.6 322.9 315.6 308.4 302.0 297.3 293.7 291.7 290.1 288.8 288.2 286.9 281.5 274.0 262.4 258.4 266.5 277.9 291.0 302.6 312.5 322.4 333.6 346.2 359.9 376.2
-1.0 -1.0 -1.0 -1.0 -1.0 -1.0 -1.0 -1.0 -1.0 -1.0 -1.0 -1.0 -1.0 -1.0 -1.0 -1.0 -1.0 -1.0 -1.0 -1.0 -1.0 -1.0 -1.0 -1.0 -1.0 -1.0 -1.0 -1.0 -1.0 -1.0 -1.0 -1.0 -1.0 382.3 382.5 382.3 381.9 381.2 379.4 376.8 374.0 371.1 368.4 365.9 363.2 361.2 359.4 357.2 354.9 352.7 349.2 341.4 333.3 326.9 320.1 311.1 302.2 294.2 286.8 281.4 276.8 274.3 273.5 273.3 273.1 271.5 268.5 263.5 256.3 260.8 271.4 284.4 299.3 310.9 321.0 330.5 340.4 352.3 365.6 379.6
-1.0 -1.0 -1.0 -1.0 -1.0 -1.0 -1.0 -1.0 -1.0 -1.0 345.6 345.9 -1.0 -1.0 -1.0 -1.0 -1.0 -1.0 -1.0 -1.0 -1.0 -1.0 -1.0 -1.0 -1.0 -1.0 -1.0 -1.0 -1.0 -1.0 -1.0 378.9 379.5 379.4 379.1 378.6 377.6 376.0 373.4 370.7 368.0 365.0 362.2 359.6 357.6 355.7 353.9 351.1 348.2 344.9 339.7 330.8 321.7 314.4 307.8 298.4 288.7 280.4 271.8 265.4 260.3 256.8 255.5 253.0 253.6 255.7 256.2 255.3 255.8 266.0 278.0 292.2 308.4 320.8 331.4 341.1 350.5 359.3 369.7 381.0
-1.0 -1.0 -1.0 -1.0 -1.0 -1.0 -1.0 341.4 342.7 343.3 343.6 344.6 346.2 347.1 -1.0 -1.0 -1.0 -1.0 -1.0 -1.0 -1.0 -1.0 -1.0 -1.0 -1.0 -1.0 -1.0 -1.0 -1.0 374.0 374.8 375.1 375.0 374.7 374.2 372.9 371.4 369.7 367.0 363.3 360.2 357.4 355.1 353.3 351.5 349.7 347.5 344.0 340.1 334.2 327.7 319.0 309.3 301.1 293.5 283.5 274.3 265.9 256.3 249.3 245.2 242.9 242.9 242.9 244.6 247.5 249.3 252.4 260.7 271.7 285.7 300.8 317.1 331.0 342.0 352.4 361.7 368.9 377.7 387.6
-1.0 -1.0 -1.0 -1.0 -1.0 335.3 336.8 338.9 339.8 339.9 341.0 343.6 345.3 346.5 348.0 -1.0 -1.0 -1.0 -1.0 -1.0 -1.0 -1.0 -1.0 -1.0 -1.0 -1.0 366.3 368.0 368.8 369.4 368.9 368.7 368.5 368.4 367.6 365.4 364.0 362.0 358.7 353.8 350.4 348.1 346.5 345.5 343.9 342.3 339.9 335.9 329.8 322.3 315.4 306.5 296.9 288.8 280.8 270.2 259.9 250.7 241.3 238.2 238.6 243.5 246.2 249.5 252.7 255.0 256.3 261.4 271.2 280.7 295.3 313.0 327.7 341.9 352.8 363.5 373.0 379.9 388.4 397.5
-1.0 -1.0 -1.0 -1.0 333.1 333.0 333.9 337.2 339.2 339.3 340.6 343.4 345.1 346.9 349.5 350.6 -1.0 -1.0 -1.0 -1.0 -1.0 -1.0 -1.0 -1.0 363.3 363.4 363.3 363.5 363.0 361.9 360.9 361.1 360.5 358.8 356.8 353.9 352.1 350.1 346.6 341.7 338.6 337.0 336.5 335.5 334.2 332.1 329.6 325.7 319.8 312.0 304.4 294.3 284.7 276.5 267.4 257.2 246.5 238.0 233.9 240.0 246.4 254.8 259.4 262.7 267.8 271.3 273.8 278.2 287.0 296.0 307.1 325.2 339.3 353.6 364.7 375.9 385.6 392.8 400.8 408.3
-1.0 -1.0 331.4 331.0 330.2 330.4 331.4 334.2 338.5 340.9 342.7 344.7 346.3 347.9 349.2 350.1 351.4 354.0 -1.0 -1.0 -1.0 -1.0 362.1 361.4 360.5 359.3 357.9 356.5 355.2 353.6 351.9 349.6 346.7 344.6 341.7 338.5 335.8 334.6 331.9 328.1 326.0 324.2 323.9 323.0 322.1 320.6 318.3 315.2 309.8 300.8 292.0 282.4 272.0 262.3 251.9 241.0 234.7 232.2 238.9 250.9 260.4 268.4 273.9 278.2 284.6 288.6 292.7 295.3 304.4 314.7 323.0 336.2 351.3 365.2 377.3 389.1 399.2 405.9 413.5 420.0
-1.0 327.0 327.3 326.3 326.8 329.3 331.8 334.2 337.0 339.9 342.4 344.6 346.4 347.7 349.4 351.5 353.1 354.9 356.4 358.1 359.4 359.8 358.6 356.7 354.7 352.6 350.0 348.1 346.2 343.3 340.1 335.6 331.9 329.6 326.8 322.9 319.4 317.4 316.0 311.7 309.6 308.3 307.6 307.4 307.5 307.0 305.2 302.6 297.6 288.4 278.6 269.4 258.6 247.5 237.1 229.7 231.5 237.6 249.9 262.1 272.4 281.7 288.4 294.1 300.6 306.2 311.3 312.9 321.3 331.7 341.2 350.9 365.4 378.0 389.8 401.8 411.9 419.0 425.6 430.8
323.3 322.8 322.8 323.6 326.6 330.3 333.5 336.2 338.3 340.4 342.4 344.6 347.2 348.8 350.6 352.2 353.2 354.2 355.1 355.9 356.1 354.4 351.3 348.0 345.2 343.2 340.8 337.8 335.0 331.9 326.8 321.7 317.8 314.7 311.8 306.7 301.4 298.9 297.6 294.7 292.2 291.5 290.9 291.7 292.4 291.7 290.5 288.5 285.0 276.2 266.2 257.3 245.8 234.4 227.1 227.9 238.9 250.3 261.4 274.1 285.3 294.9 302.7 308.7 314.5 322.4 330.2 331.2 337.4 348.7 361.0 371.0 381.2 391.9 401.3 412.4 421.4 427.7 432.8 436.7
315.9 316.4 318.3 321.8 324.9 327.5 330.4 333.6 336.1 338.1 340.4 342.6 344.7 345.6 346.7 347.9 348.6 348.8 349.0 349.1 347.6 344.3 340.7 337.0 334.5 331.8 328.0 324.9 321.4 317.9 314.0 307.3 302.4 298.4 295.6 290.2 282.4 280.1 278.8 276.6 272.8 273.3 273.7 273.8 274.5 274.8 273.6 271.9 270.3 260.4 253.4 244.8 233.6 226.1 224.1 234.3 248.7 260.3 272.8 286.4 297.9 308.5 317.0 323.1 328.5 336.7 347.2 350.2 354.2 368.5 383.5 392.2 397.3 405.6 413.7 421.9 427.9 431.3 434.5 437.5
304.0 306.2 310.5 315.0 317.5 318.7 321.6 324.2 327.0 331.4 335.2 337.0 336.4 336.1 336.0 336.8 336.8 336.9 337.2 337.3 335.9 330.9 327.4 322.6 319.3 317.3 313.1 309.5 306.0 301.7 297.7 291.1 285.0 278.7 274.1 271.5 263.3 259.0 257.6 254.4 251.3 253.8 254.6 254.7 254.7 254.1 253.0 251.5 248.8 245.3 241.3 231.9 224.4 223.2 226.5 245.9 259.8 271.7 284.7 298.1 309.7 320.7 329.8 336.8 342.6 350.3 360.1 368.2 373.7 386.5 400.8 408.7 413.1 418.8 423.8 428.5 431.4 432.8 434.3 436.5
286.7 289.8 295.9 299.1 302.7 305.0 311.0 311.5 313.9 320.5 324.3 325.9 322.8 321.3 321.0 322.0 322.1 321.5 322.9 324.4 322.4 315.3 311.0 304.1 300.8 298.3 295.0 292.5 288.8 285.1 281.7 275.5 267.5 262.2 251.9 243.8 242.6 240.2 237.3 234.8 234.0 233.1 232.4 236.3 237.9 237.8 237.2 235.4 233.9 232.3 228.5 223.3 219.8 219.5 232.9 254.4 273.0 286.4 297.9 310.4 320.6 331.1 341.1 349.3 357.4 366.5 372.4 382.3 390.7 400.1 410.8 419.5 424.7 427.6 428.6 430.5 432.2 433.3 434.2 435.6
267.1 270.9 277.1 278.4 282.6 285.6 291.3 293.1 296.6 303.4 308.6 312.2 308.4 305.1 302.5 303.4 302.8 302.3 302.9 300.6 297.4 292.9 291.7 285.6 281.8 277.9 275.0 274.2 272.2 267.3 262.8 259.5 250.5 240.1 230.7 225.5 224.7 223.3 218.7 216.8 216.6 214.5 212.8 216.3 221.4 221.3 219.8 218.5 218.2 217.5 218.5 218.0 216.9 219.6 239.6 263.8 285.0 301.3 312.1 322.2 331.9 342.5 352.9 361.7 371.6 382.3 385.4 391.4 401.8 411.7 420.6 426.0 429.0 430.3 430.6 431.1 432.2 433.1 434.1 435.4
246.9 249.1 253.1 255.8 260.9 264.4 267.5 272.6 276.6 282.3 287.6 290.6 288.2 283.8 281.4 282.6 282.3 282.3 282.9 279.4 276.0 273.2 272.0 265.0 258.6 256.3 253.9 254.2 253.6 248.9 242.1 235.9 230.4 224.6 216.2 211.3 212.0 208.8 203.0 199.7 200.3 197.7 198.1 201.5 203.9 205.1 206.3 206.5 207.3 209.7 212.7 215.1 218.4 228.4 251.9 277.5 292.1 311.6 324.8 334.0 343.4 354.9 365.3 373.5 383.9 394.1 398.2 399.3 409.6 419.4 424.4 427.3 429.2 430.2 430.9 431.4 431.9 432.7 433.8 435.1
226.4 227.8 229.0 232.5 236.3 238.1 240.8 246.1 252.9 260.4 266.0 267.7 266.2 263.0 261.2 261.8 262.2 262.1 262.3 258.9 255.7 253.5 251.4 243.8 237.3 233.7 231.6 231.1 230.8 228.4 223.4 218.8 215.2 211.9 206.0 199.6 198.3 194.5 188.3 188.3 190.2 193.2 196.9 198.8 199.2 201.3 203.7 208.5 216.4 218.9 221.8 224.7 234.5 251.9 269.7 290.9 306.3 319.9 335.9 347.1 357.7 368.8 378.8 386.4 396.4 405.4 409.3 409.7 415.5 421.1 424.0 426.4 428.5 429.6 430.8 431.4 431.7 432.4 433.4 434.6
208.5 210.0 211.1 214.0 215.7 216.4 221.1 226.5 231.5 238.4 244.8 246.0 245.0 242.7 240.7 240.4 241.4 241.6 240.9 239.7 237.2 233.9 229.7 223.9 219.2 215.3 213.0 211.7 212.1 212.7 210.1 204.9 200.4 194.8 185.5 182.4 183.9 187.4 191.4 195.8 202.0 207.8 212.3 214.5 216.8 220.8 223.5 227.5 234.4 239.6 242.7 248.0 261.3 274.1 282.9 299.7 317.4 331.3 346.7 360.4 372.0 382.1 390.7 398.5 406.2 411.8 416.5 419.1 420.3 422.3 424.8 426.8 428.7 429.6 430.5 431.3 431.7 432.4 433.3 434.6
194.2 194.1 196.9 200.8 204.4 208.4 213.7 218.9 220.5 220.9 223.3 223.5 224.3 225.2 226.0 227.3 228.7 229.3 227.9 225.6 221.9 217.5 211.8 206.2 201.7 198.2 194.0 194.7 195.0 196.5 195.1 188.6 183.2 180.6 181.0 190.0 200.2 201.7 203.3 208.8 213.5 221.1 225.1 229.1 233.8 236.8 241.2 245.3 251.9 258.2 265.5 270.6 277.4 292.4 299.7 311.7 327.0 343.4 361.6 375.6 386.0 394.5 402.0 407.7 411.8 415.3 419.4 422.3 424.3 425.6 427.0 428.3 429.5 430.3 431.1 431.7 432.2 433.1 434.0 435.1
186.5 185.8 188.0 191.9 196.9 202.6 206.5 211.4 214.1 210.3 206.6 206.7 209.9 214.6 217.9 220.2 222.2 223.0 221.1 216.3 209.5 203.2 196.9 191.0 183.8 175.8 168.8 170.1 177.0 177.7 175.3 174.1 175.0 176.0 185.7 201.9 209.6 209.5 213.7 222.6 228.5 237.6 244.9 249.9 254.5 260.9 266.5 268.4 275.6 281.1 286.6 292.2 297.6 306.7 321.7 326.5 339.2 356.4 372.8 385.9 397.7 405.1 409.4 413.0 415.7 418.4 421.5 423.4 425.4 427.4 428.6 429.6 430.9 431.8 432.4 432.8 433.4 434.2 434.9 436.1
185.3 185.0 185.4 188.1 192.0 195.5 196.3 199.5 202.5 198.8 196.1 199.3 204.1 209.8 213.4 215.6 217.6 218.4 215.3 207.4 197.4 188.5 183.5 176.7 165.6 158.5 157.4 160.6 165.4 167.8 169.0 169.4 174.0 185.4 198.2 206.6 208.2 214.0 226.2 240.0 252.9 264.1 269.2 275.0 278.7 283.1 288.2 290.3 297.1 305.2 311.1 313.9 315.4 318.7 331.9 344.0 355.0 369.8 381.6 395.0 405.0 411.1 415.5 418.5 420.0 421.5 423.3 425.0 426.8 428.3 429.8 431.4 432.5 433.4 434.1 434.6 435.1 435.7 436.1 437.5
184.7 184.3 184.3 186.2 188.9 189.5 187.2 187.3 188.5 188.8 191.4 196.9 201.7 206.4 209.3 211.3 212.8 212.6 206.8 196.3 185.3 175.6 170.8 160.6 154.6 155.3 158.8 165.3 168.5 171.9 180.1 184.6 188.0 195.8 204.2 209.4 215.4 227.5 246.8 264.6 272.1 287.1 293.4 300.1 302.4 304.2 307.2 308.1 312.7 319.7 324.0 327.4 330.0 334.4 343.3 356.9 370.0 382.7 393.9 401.9 409.0 413.7 417.6 420.6 422.5 423.9 425.2 426.5 428.0 429.0 430.5 432.7 434.2 435.2 436.1 436.7 437.2 437.6 437.9 438.9
182.3 182.4 183.1 184.0 184.8 182.5 179.2 177.3 178.3 184.5 189.6 193.3 196.1 198.8 198.8 201.2 203.6 201.2 193.6 183.5 174.0 164.8 158.7 151.0 151.0 155.6 160.5 166.5 170.7 177.8 189.2 197.2 201.5 205.2 210.1 217.4 229.1 252.3 277.6 287.7 289.5 300.7 309.7 316.3 318.5 320.1 323.2 323.9 327.3 332.2 335.1 337.9 341.8 347.2 356.1 368.7 380.0 388.4 396.1 402.6 408.6 413.1 416.5 419.8 422.5 424.9 426.9 428.6 429.7 430.3 431.7 433.7 435.7 437.4 438.5 438.8 439.1 439.5 440.1 441.3
171.6 173.3 178.2 177.5 176.6 172.0 168.5 169.3 172.3 179.9 183.9 184.4 183.6 183.6 181.3 185.0 188.1 184.7 178.3 170.4 162.5 153.9 149.2 147.9 152.9 160.1 167.6 172.7 174.1 180.3 194.0 206.0 213.4 214.9 217.8 229.5 251.6 277.0 291.7 297.0 300.7 306.9 312.7 317.4 320.7 323.3 325.6 327.7 330.2 333.2 336.3 340.0 345.0 351.6 361.7 372.2 380.0 387.2 394.7 400.6 406.1 410.3 413.7 417.0 420.2 423.2 426.3 429.1 431.1 431.9 433.1 435.0 436.9 438.7 440.0 440.9 441.8 442.8 444.4 445.6
152.1 155.1 164.6 163.0 161.9 156.2 154.1 160.2 164.5 167.8 169.6 168.8 166.3 164.8 163.6 168.0 169.8 167.4 158.9 152.3 148.4 144.9 144.4 151.2 161.0 170.5 178.8 184.0 183.4 181.7 194.1 209.9 219.2 221.4 227.3 245.3 272.5 288.5 295.4 298.7 301.9 305.7 310.0 313.4 315.6 317.5 318.6 319.9 322.5 326.1 329.9 334.2 340.0 347.5 358.7 368.8 375.4 382.3 389.7 395.3 401.1 405.6 409.3 413.0 416.4 420.0 423.5 427.0 430.2 433.2 435.4 437.1 439.0 440.6 441.3 442.6 444.7 446.8 448.9 450.8
136.3 138.1 145.1 145.9 145.2 140.6 142.0 148.8 150.1 148.4 147.4 147.0 145.9 147.1 150.0 152.6 150.9 147.9 141.4 139.5 139.9 142.3 149.5 161.1 172.6 183.3 191.6 196.4 194.9 190.2 190.5 206.6 219.1 226.0 238.0 262.3 283.6 289.6 293.1 294.2 296.8 300.6 304.2 306.0 305.6 305.2 305.7 306.4 308.7 311.9 316.7 323.2 328.7 337.5 350.1 360.3 368.0 375.1 381.7 387.1 392.9 398.4 402.7 407.0 411.0 415.1 419.1 423.2 427.1 431.1 434.8 438.7 441.7 443.8 445.0 446.0 447.8 449.1 450.4 452.1
122.9 121.3 125.2 127.3 127.5 125.4 128.0 133.7 130.9 128.6 127.1 127.7 128.5 132.4 137.1 138.3 136.3 134.5 136.8 142.1 146.3 152.7 164.1 175.8 187.8 197.9 204.4 207.9 206.7 202.2 194.3 201.6 216.5 228.6 246.8 272.9 281.2 279.5 280.0 280.5 283.7 288.5 291.2 290.1 289.0 287.7 287.1 287.1 287.1 292.7 300.0 308.3 314.6 324.3 336.7 347.5 357.0 365.2 372.5 378.0 383.3 388.7 394.0 399.2 404.1 408.8 413.2 417.9 422.5 427.2 432.0 436.7 440.1 442.4 444.2 445.0 445.9 446.9 448.4 450.1
108.6 107.5 109.1 112.7 113.4 112.2 113.5 117.7 115.4 116.2 118.5 122.2 125.2 125.8 127.3 129.3 132.3 136.8 144.3 153.3 162.5 172.9 181.2 191.7 203.9 210.9 215.1 216.6 215.3 211.5 202.8 201.3 213.2 229.2 253.1 267.7 264.6 259.8 257.1 258.8 264.2 267.3 269.1 269.2 270.1 271.5 274.2 277.3 278.5 281.1 284.8 289.1 294.4 309.2 324.0 335.2 343.9 351.9 357.6 363.3 369.8 375.3 382.3 389.5 395.6 400.7 405.9 411.4 417.5 423.2 427.9 432.2 435.1 437.3 438.6 439.3 440.0 441.4 443.4 445.5
100.3 102.2 104.4 105.5 107.5 110.6 113.6 115.4 117.0 120.6 124.4 128.1 131.1 130.7 132.0 133.2 138.7 146.6 155.7 166.0 177.8 189.2 197.6 206.3 215.7 221.8 224.4 224.8 223.1 219.7 212.6 205.7 209.9 223.8 241.7 247.0 243.2 242.0 243.7 250.6 256.7 259.3 263.3 267.6 272.7 278.4 282.5 285.5 287.5 289.9 292.8 293.3 293.2 297.9 312.3 325.1 332.4 338.8 344.2 349.7 355.7 360.9 368.1 376.9 384.7 391.3 397.1 403.3 411.1 417.9 422.7 425.8 428.0 429.5 430.7 432.1 433.3 435.0 437.2 439.9
99.5 101.7 104.2 107.8 114.5 120.2 122.2 121.0 124.0 131.2 139.1 140.0 141.5 142.8 144.8 144.6 148.7 158.2 168.1 179.1 190.6 201.3 211.0 218.0 224.0 231.4 234.6 236.3 236.4 233.2 228.0 216.8 211.9 218.9 228.0 231.5 232.7 242.1 251.7 260.6 266.1 269.0 274.3 279.1 285.3 291.9 295.8 298.6 302.0 305.9 307.2 306.2 303.7 301.1 302.8 313.8 321.0 325.5 328.9 334.9 341.3 347.3 354.0 362.4 372.4 381.8 388.9 397.0 404.9 411.4 416.5 418.9 420.3 422.1 423.5 424.8 426.4 428.4 430.6 433.8
109.7 111.5 116.0 125.0 135.5 136.7 137.8 138.4 139.2 141.4 149.8 155.3 159.4 160.1 157.6 156.0 157.9 170.0 184.3 194.2 203.0 212.8 219.8 226.0 231.4 240.3 247.0 253.5 257.0 253.7 247.6 235.1 225.9 228.4 234.7 238.6 242.1 255.2 269.6 277.0 280.5 283.6 288.1 292.1 298.7 304.9 308.7 312.1 316.8 321.6 321.4 319.0 316.4 312.4 308.8 307.0 309.5 312.0 314.9 318.4 326.5 334.8 341.9 350.5 361.3 372.2 381.5 390.0 398.3 405.0 408.8 411.0 412.0 413.0 414.8 416.6 418.2 421.0 423.7 426.7
133.1 133.3 139.3 149.2 155.0 157.6 156.9 156.3 155.9 155.8 159.6 168.5 176.1 179.5 175.3 172.5 172.7 176.2 195.1 205.0 210.6 219.6 227.6 232.8 239.0 251.3 263.5 276.4 280.5 275.2 267.8 255.5 248.1 247.5 251.9 255.8 259.2 267.3 282.1 292.0 295.4 298.7 302.3 305.8 313.3 320.0 323.7 327.1 331.8 334.7 333.7 331.4 329.3 326.0 322.3 320.0 318.1 317.9 318.7 319.4 320.2 324.1 331.0 338.6 350.0 361.1 371.1 380.7 389.3 396.5 401.1 403.3 403.7 403.7 405.7 407.7 410.3 412.8 415.4 419.2
149.3 152.2 158.3 167.8 174.1 177.8 177.5 175.9 175.3 173.4 174.6 179.7 187.0 192.4 192.2 191.7 189.5 183.0 196.4 209.8 215.3 225.7 234.8 240.5 250.1 266.6 283.1 298.7 300.8 292.9 284.9 273.9 267.6 265.4 268.3 271.5 275.1 279.5 289.8 304.1 313.4 316.2 319.8 323.3 330.1 336.1 339.4 342.9 346.8 347.9 347.3 346.5 345.1 342.0 335.8 332.8 330.9 328.8 328.1 328.8 328.7 328.1 326.1 328.7 339.2 348.7 359.0 369.1 377.7 385.4 389.4 390.9 390.4 391.3 393.6 396.8 400.0 402.7 405.6 409.2
163.1 168.4 172.6 178.3 184.4 190.3 193.4 194.8 194.0 191.7 190.6 192.0 195.9 202.6 207.6 208.5 200.7 197.1 206.1 218.1 225.3 232.8 240.9 251.3 266.2 285.5 301.4 314.2 316.5 308.2 298.3 290.5 283.9 282.6 285.2 287.7 290.8 294.9 301.1 317.5 331.7 335.2 339.5 343.1 347.2 350.6 353.8 357.6 361.3 362.1 361.9 361.3 359.2 356.9 350.5 344.4 341.3 339.6 340.3 342.0 341.2 338.8 335.0 330.4 330.4 336.2 345.8 357.6 366.5 373.1 375.8 376.2 376.5 377.2 380.5 383.8 386.1 389.1 393.8 398.9
