tests/fixtures/watershed_abstraction/mdobre-womanly-ascot/dem/topaz/ELDOUT.ARC
ncols   776
nrows   755
xllcorner  564333
yllcorner 5021478
cellsize   30.00
nodata_value    -1.0
[rows 350 to 384 of 755, columns 480 to 559 of 776]
382.2 383.4 385.9 389.1 391.9 395.8 401.3 405.1 410.2 414.8 418.8 423.7 435.0 443.7 452.8 461.0 468.4 473.3 476.3 477.6 478.2 480.9 485.6 491.4 498.3 506.4 516.1 526.4 535.1 546.4 557.5 565.2 573.1 582.8 589.4 597.0 604.2 610.2 616.0 621.3 625.5 628.1 629.0 630.4 637.9 645.7 649.6 658.5 669.8 678.3 681.9 681.5 677.9 673.5 670.6 669.7 675.5 679.4 678.3 686.5 703.1 716.2 727.1 743.4 760.6 767.4 768.5 770.3 778.7 795.4 813.0 830.9 846.3 856.6 863.6 867.7 871.2 874.2 875.7 872.6
378.5 379.5 382.1 384.5 387.0 390.3 394.9 401.0 404.9 408.4 411.8 420.1 427.5 433.5 441.1 449.6 457.3 462.1 468.7 471.7 471.7 472.5 476.4 480.6 486.8 494.9 504.0 510.6 518.6 528.8 537.9 544.6 552.1 560.4 568.3 575.3 582.1 588.5 595.3 600.7 604.9 607.7 608.2 610.7 618.1 624.9 629.6 639.6 649.5 656.1 659.1 659.3 657.5 655.3 654.3 654.5 658.6 660.2 660.9 674.2 687.2 698.4 711.8 730.3 743.8 746.0 746.9 754.6 771.8 790.1 807.7 823.3 834.5 841.8 847.2 851.0 855.4 859.1 858.9 853.9
374.9 376.5 377.9 380.0 383.2 386.6 391.7 396.4 399.6 402.5 407.2 414.2 420.5 425.6 431.7 439.4 446.0 452.0 460.1 462.7 462.7 464.8 467.1 471.1 476.2 483.5 490.0 495.8 503.8 511.7 520.7 525.8 532.7 541.6 549.4 555.8 562.5 569.0 576.6 581.3 585.7 588.6 589.2 593.3 600.4 606.2 610.8 620.0 627.5 632.8 636.1 637.1 637.5 637.6 638.2 639.8 642.8 641.7 646.8 660.9 671.7 683.4 699.3 715.8 724.0 724.2 729.5 745.3 765.6 784.4 799.9 812.1 820.5 826.0 830.4 834.6 839.3 842.7 840.9 835.4
372.5 373.5 374.4 376.7 379.7 384.1 388.8 391.2 394.3 396.7 400.5 406.5 413.0 418.4 422.7 427.8 432.3 441.6 448.1 450.2 450.5 454.0 455.9 458.9 463.5 471.1 476.2 483.6 489.3 497.8 505.9 509.3 516.6 526.2 531.1 539.2 545.3 552.5 559.3 563.5 568.0 570.6 572.2 577.8 584.9 589.3 594.7 601.6 607.2 611.7 614.7 617.1 619.7 621.8 622.8 624.8 625.6 624.8 635.6 647.1 657.3 670.3 686.3 698.3 702.4 705.3 719.8 740.7 759.3 775.2 788.4 799.1 804.7 808.8 812.7 818.0 822.9 825.7 822.9 816.8
370.3 371.0 372.6 374.8 377.6 382.2 385.0 386.8 389.7 390.7 392.9 398.0 403.7 408.5 413.5 417.8 422.5 429.4 433.7 436.3 437.9 441.9 443.9 447.1 451.7 457.9 464.7 470.8 477.6 485.4 490.9 495.2 503.2 509.6 515.4 523.8 529.9 536.5 542.9 546.9 551.6 554.2 556.4 563.5 570.0 573.5 579.9 584.3 589.0 593.1 596.5 600.3 604.4 607.3 608.1 609.1 607.2 612.1 624.7 633.7 643.8 656.7 669.3 676.9 680.9 692.3 714.0 734.4 749.2 762.0 774.2 782.7 786.3 789.6 793.6 800.0 806.0 808.6 805.4 798.7
368.7 369.9 371.4 373.2 375.9 379.3 381.4 383.1 385.4 385.7 386.7 389.6 393.6 398.4 403.2 407.3 415.4 420.5 422.1 423.6 426.2 430.1 432.7 435.8 441.8 447.3 454.0 460.8 467.0 473.7 478.2 483.3 489.6 494.7 502.2 509.5 514.7 520.3 526.2 531.1 535.4 538.2 542.4 550.0 555.5 558.5 564.6 567.8 572.2 576.4 580.7 585.5 589.8 593.1 594.3 593.1 591.8 603.6 613.2 621.2 631.4 642.8 650.5 655.3 663.6 683.2 704.9 721.4 734.3 747.7 758.7 763.8 766.1 768.4 773.5 781.7 788.9 791.8 788.0 780.6
367.9 369.1 370.3 371.9 374.1 376.4 378.3 380.1 381.2 380.9 381.3 385.0 388.4 391.9 396.5 400.0 405.2 409.9 412.3 416.4 420.1 420.4 423.0 426.1 432.9 439.5 444.7 449.9 457.9 463.2 466.5 470.8 475.3 482.2 490.0 496.2 500.5 505.5 511.5 516.7 520.4 522.5 528.4 536.6 540.6 544.3 549.2 553.1 557.2 561.0 566.4 571.6 575.5 579.4 580.8 578.0 583.2 595.2 600.9 609.6 620.3 628.8 633.4 638.5 652.1 672.5 690.8 705.3 719.6 733.0 741.0 743.6 745.5 746.1 753.4 763.3 772.9 775.8 769.7 761.8
367.3 368.2 369.2 370.9 372.6 374.1 375.5 377.1 377.3 376.7 378.1 381.4 384.2 387.2 391.5 394.5 398.1 401.5 404.2 407.2 409.5 413.1 416.1 419.2 424.9 430.3 435.0 440.1 447.0 451.9 455.5 459.4 463.3 471.2 477.4 482.0 486.6 492.5 498.2 502.7 506.5 509.1 515.9 523.0 525.6 531.5 535.4 539.5 543.0 547.3 553.0 558.6 562.6 566.7 566.2 565.3 577.5 584.0 589.4 599.4 609.3 614.4 617.8 627.7 643.0 658.5 674.2 689.7 704.1 715.1 719.9 721.4 723.8 724.6 734.0 745.8 756.0 758.0 751.0 742.6
366.7 367.2 368.1 369.6 371.4 372.1 372.9 374.1 374.3 373.9 375.3 378.3 380.6 383.9 387.5 390.1 392.8 395.2 397.8 400.5 402.9 406.3 409.7 413.4 417.2 420.8 425.3 431.2 436.8 440.9 444.4 447.3 453.6 459.7 464.2 468.7 473.5 480.0 485.3 489.5 492.8 496.1 504.4 509.1 512.6 519.0 523.4 526.9 530.9 536.3 541.9 547.1 551.3 554.4 551.5 558.8 570.0 573.4 578.9 589.7 596.8 600.4 607.1 620.1 633.2 644.6 657.3 672.3 685.7 694.4 696.8 698.2 701.0 704.4 714.9 727.8 736.4 737.9 731.7 724.1
366.0 366.5 367.3 368.4 369.8 370.1 370.6 371.2 371.8 371.9 373.3 375.6 377.3 380.1 383.2 386.0 388.4 390.1 392.8 395.7 397.8 401.4 404.4 407.1 410.9 414.2 417.8 422.8 427.1 431.3 434.9 438.0 443.3 448.2 452.9 456.6 462.3 468.8 473.3 476.0 478.1 485.9 493.2 496.2 500.9 505.7 510.7 514.8 519.2 525.1 530.0 535.0 540.7 542.2 540.8 554.1 560.9 562.7 568.6 578.7 583.9 589.2 600.1 611.7 622.3 631.5 641.2 653.3 665.0 672.2 674.2 675.7 679.0 684.6 696.3 708.7 716.2 717.4 712.3 706.5
365.4 365.8 366.5 367.3 368.2 368.5 368.9 369.1 369.9 370.6 371.9 373.5 374.1 376.4 379.7 382.0 384.2 386.0 388.1 392.1 395.6 398.6 400.7 403.7 406.2 409.0 412.0 416.1 419.0 424.4 427.7 429.6 433.8 438.3 441.4 446.7 453.4 457.8 462.1 463.8 470.3 476.7 481.1 483.7 489.4 494.1 498.5 501.7 507.4 513.0 517.7 524.0 529.8 529.5 535.5 547.2 550.3 552.2 559.2 567.1 572.1 581.6 592.7 601.8 610.7 618.3 626.1 635.4 643.5 649.0 652.9 654.8 659.2 666.4 678.3 689.8 697.3 698.4 693.5 689.9
364.2 364.8 365.3 366.0 366.6 367.1 367.6 368.0 368.7 369.2 370.3 371.5 371.6 373.0 375.9 378.1 380.3 382.1 384.6 389.2 392.6 394.7 396.9 399.2 401.0 402.8 405.5 410.1 414.5 418.0 418.0 421.2 426.3 430.4 434.1 439.1 444.8 448.2 451.8 455.8 462.3 466.7 470.1 473.0 478.9 483.5 488.1 491.8 496.9 502.5 508.3 515.0 518.8 518.5 531.3 536.1 538.5 542.9 550.9 556.7 564.1 575.0 582.4 590.3 597.9 604.5 611.4 618.9 623.7 628.1 633.2 636.6 642.3 650.8 661.2 672.2 680.1 681.1 676.2 674.3
362.9 363.7 364.0 364.6 365.3 365.8 366.6 367.2 367.6 367.9 368.5 369.4 369.6 370.2 372.0 374.3 376.1 378.3 381.4 386.0 388.9 390.8 392.9 394.7 396.0 398.1 401.8 405.8 410.0 412.2 412.7 415.8 420.0 423.6 427.0 432.5 437.1 440.7 444.5 448.2 452.7 457.2 460.3 464.7 469.4 474.1 478.2 482.5 487.8 493.2 500.4 505.5 505.4 513.0 522.4 524.9 528.6 535.9 542.1 548.0 558.5 565.6 571.1 577.5 583.6 589.6 595.6 602.6 606.4 610.6 615.6 620.0 627.2 636.5 646.4 657.4 664.7 664.9 660.5 659.7
362.6 362.9 363.3 363.8 364.5 365.1 365.8 366.4 366.5 366.7 367.0 367.7 368.3 368.1 368.5 370.2 372.5 375.4 378.8 383.0 385.4 387.3 388.8 390.6 392.4 395.4 399.1 402.1 404.9 406.6 408.6 411.1 414.6 417.9 421.6 427.2 431.4 433.4 435.8 439.9 445.1 449.1 451.8 456.7 460.9 466.1 469.9 474.3 478.6 484.1 491.2 495.1 497.0 506.7 511.6 513.7 520.8 528.1 533.4 542.7 550.0 554.6 559.7 565.6 569.3 573.5 578.8 585.0 589.4 594.4 600.4 604.6 613.8 623.4 633.8 644.6 650.2 649.6 645.6 646.2
363.4 362.7 362.7 363.1 364.0 364.5 364.9 365.2 365.5 365.6 365.8 366.4 367.0 366.6 366.8 368.6 370.5 372.7 376.2 379.9 382.0 383.9 385.1 387.1 389.7 393.0 395.7 398.2 400.5 402.6 404.2 406.3 409.9 412.9 416.9 422.0 425.0 425.8 428.9 432.7 437.7 442.2 444.6 448.6 454.3 458.9 463.2 466.7 470.5 476.5 481.7 485.7 491.1 498.6 500.8 506.4 513.7 518.1 526.8 534.4 539.4 543.6 548.7 553.1 555.6 558.7 563.4 568.7 573.2 579.8 586.4 591.2 602.7 611.7 622.3 631.7 635.7 634.6 631.5 633.6
365.4 363.9 363.0 362.7 363.5 364.1 363.9 364.1 364.4 364.6 364.7 365.3 365.7 365.6 366.3 367.8 369.2 371.0 374.2 376.0 377.9 380.2 381.7 384.1 387.0 389.9 391.5 393.7 396.7 398.5 400.0 402.2 406.0 409.3 412.1 415.2 417.6 419.6 422.6 426.8 431.0 435.3 437.4 441.3 446.3 451.3 454.2 459.0 465.3 471.2 475.1 478.5 484.9 489.3 493.0 501.0 505.3 510.6 519.2 524.8 529.6 532.8 537.1 541.0 543.6 546.9 551.2 554.3 558.7 568.1 573.0 579.2 591.8 602.0 612.7 619.5 622.0 620.9 618.2 621.4
367.1 366.5 365.4 364.1 363.1 363.5 363.4 363.4 363.7 363.9 364.0 364.3 364.8 365.1 365.8 366.7 367.8 369.7 371.8 372.5 373.5 375.9 378.6 381.3 383.8 386.3 387.6 390.2 393.1 394.8 396.6 398.3 401.5 404.4 406.6 409.3 411.2 414.3 417.7 421.6 425.7 428.5 431.2 435.6 440.6 445.2 449.2 454.5 460.1 464.4 467.4 471.4 477.7 480.8 486.9 492.9 497.3 504.5 510.0 515.4 519.1 522.8 527.1 530.4 532.6 536.5 541.3 542.5 548.8 558.8 560.7 567.2 580.1 593.6 602.7 607.8 609.8 607.3 605.9 610.2
368.4 368.1 367.4 366.2 364.3 363.1 363.1 363.1 363.3 363.6 363.9 364.1 364.5 364.8 365.4 366.0 366.7 368.1 369.3 370.3 371.1 372.8 375.5 378.0 380.4 382.6 384.7 387.5 389.7 391.6 393.3 394.8 397.2 398.8 400.7 402.9 405.7 409.8 414.0 418.3 421.1 423.4 426.1 430.2 435.3 438.6 442.4 446.8 452.9 458.2 462.4 466.3 470.4 475.0 481.3 486.0 488.6 495.4 501.5 505.0 509.5 513.9 518.4 520.5 523.6 527.2 530.4 531.2 540.4 547.9 549.4 559.5 572.8 584.0 590.7 594.5 595.5 592.6 594.7 600.4
368.8 368.9 368.7 367.9 366.4 364.3 363.4 363.2 363.4 363.6 364.3 364.6 364.7 364.8 365.2 365.7 366.2 366.9 367.7 368.9 369.9 371.3 373.3 375.6 377.9 379.8 382.1 385.0 387.1 388.2 389.4 390.2 392.7 394.0 395.3 398.6 401.9 406.0 409.4 412.2 415.7 418.9 421.5 425.3 429.3 432.1 436.9 441.4 446.1 452.1 456.2 459.4 465.3 470.8 475.3 478.3 481.4 487.5 491.3 495.5 500.5 504.8 507.9 510.4 512.7 515.9 518.3 523.3 533.4 536.5 542.4 555.4 566.1 573.6 578.3 581.7 580.9 579.1 585.0 590.3
368.7 368.8 368.9 368.5 367.3 365.9 364.4 363.6 363.3 363.6 364.5 364.8 365.0 364.9 365.1 365.6 365.9 366.3 367.0 367.8 368.6 369.9 371.8 373.8 375.7 377.9 380.0 382.1 384.0 384.9 385.1 386.0 388.2 389.5 391.0 394.0 397.4 400.4 403.8 407.4 410.5 413.9 417.0 419.6 422.2 427.0 431.7 435.7 440.9 446.8 450.6 454.4 459.4 463.7 467.3 470.3 472.8 478.1 482.4 488.0 492.1 495.5 498.4 500.9 503.2 505.2 509.8 519.1 525.2 526.8 539.4 549.7 558.4 564.9 568.6 572.1 569.9 568.8 576.2 581.1
369.0 368.5 368.4 368.2 367.4 366.3 365.3 364.1 363.3 363.6 364.1 364.3 364.8 364.8 365.3 365.6 365.5 365.8 366.4 366.9 367.5 368.6 370.3 372.2 373.9 376.2 377.7 379.1 381.0 381.8 381.7 382.6 384.1 385.4 387.5 390.0 393.2 395.8 399.7 403.0 405.3 409.3 412.0 414.3 417.9 421.8 425.8 429.5 435.0 440.8 444.3 448.0 452.5 456.0 459.6 461.8 465.4 470.0 474.9 479.6 483.9 487.1 489.5 491.5 492.5 497.5 506.5 512.3 515.6 520.3 533.6 543.5 551.2 555.7 559.6 562.2 558.4 559.9 567.6 572.0
370.7 369.4 368.0 367.2 366.6 365.7 365.2 364.3 363.6 363.3 363.3 364.1 364.4 364.6 365.4 365.8 365.7 365.4 365.7 366.2 366.7 367.6 368.9 370.8 372.5 374.3 375.0 376.6 378.4 379.0 378.6 379.4 380.5 381.6 384.2 386.7 389.5 391.5 394.7 398.5 401.3 404.8 407.3 409.2 413.1 417.0 420.2 424.7 430.0 434.4 438.6 442.1 445.7 449.7 452.7 454.5 459.0 462.5 467.3 472.0 475.9 478.7 481.4 482.2 487.3 495.1 499.6 503.7 505.9 515.0 528.8 536.8 542.6 547.4 551.4 550.2 545.9 552.8 559.1 562.3
373.2 370.7 368.4 367.0 365.9 365.0 364.7 364.1 364.1 363.5 363.6 364.2 364.5 364.7 365.0 365.6 365.9 365.1 365.2 365.7 366.2 366.9 368.0 369.0 370.4 371.6 372.6 374.3 375.4 376.2 376.1 376.8 377.2 378.7 381.3 383.8 385.8 387.1 390.6 395.0 397.8 399.7 401.8 404.5 408.7 410.9 415.7 420.2 424.7 429.6 432.5 436.0 438.9 442.0 445.5 448.8 451.8 455.5 461.1 465.1 469.0 472.5 473.9 475.7 482.4 488.8 492.2 495.7 499.8 510.9 521.1 528.5 533.9 539.1 542.3 537.2 537.5 546.9 551.0 553.9
375.4 372.4 369.7 368.1 366.8 365.5 365.2 364.7 364.6 364.1 363.8 364.1 364.7 364.6 364.8 365.2 365.6 365.1 365.1 365.7 365.8 366.2 367.0 367.4 368.1 369.3 370.4 371.8 372.7 373.5 373.9 374.4 374.7 376.3 379.0 380.7 382.0 383.8 387.1 391.1 393.5 395.4 396.9 400.0 404.2 407.2 410.8 415.3 419.5 423.7 426.4 429.3 433.2 436.9 441.0 444.0 445.6 450.3 454.6 458.3 461.9 464.5 466.0 471.0 475.2 480.0 484.0 488.2 494.6 505.2 513.1 519.3 525.1 531.0 529.9 527.1 532.8 538.9 543.0 545.9
377.7 374.5 371.7 369.6 367.9 366.8 366.8 366.1 365.3 364.6 364.0 364.0 364.2 364.7 364.8 364.9 365.3 364.8 364.8 365.6 365.5 365.7 366.1 366.5 367.0 367.7 368.4 369.5 370.5 371.2 371.8 372.2 372.9 373.8 375.6 377.0 378.3 380.4 383.6 387.6 389.6 391.2 392.9 395.9 400.7 403.3 406.4 410.5 414.9 418.2 419.7 423.8 427.9 431.3 434.7 438.3 440.8 444.8 448.6 452.3 455.1 457.0 461.7 465.4 468.5 472.8 477.1 482.2 489.2 496.9 503.0 509.4 518.2 521.1 515.9 520.0 528.0 532.5 536.4 541.1
379.3 376.3 373.2 370.7 369.1 369.4 369.2 368.2 367.4 366.8 366.3 365.0 364.0 364.0 364.0 364.6 364.8 364.6 365.0 365.2 365.1 365.6 365.8 366.0 366.3 366.7 367.0 367.9 368.8 369.3 369.9 370.7 371.2 371.6 372.9 373.9 375.5 378.8 382.0 384.5 385.5 387.5 389.9 392.8 396.9 399.1 402.2 405.6 409.1 412.4 414.3 418.5 422.0 425.8 428.2 431.7 435.4 438.5 443.1 446.2 448.7 453.2 457.6 460.7 463.9 467.3 472.3 474.8 482.1 487.6 494.3 501.8 509.7 508.0 507.8 517.3 523.2 526.3 529.8 536.1
383.8 380.1 375.5 372.6 371.4 372.5 371.8 371.0 370.0 369.6 369.0 367.9 366.6 365.1 364.7 364.1 364.1 364.6 365.2 365.0 365.0 365.3 365.5 365.7 366.0 366.1 366.3 367.0 367.7 368.1 368.8 369.5 370.0 370.4 371.5 372.5 374.8 378.1 379.6 380.5 382.2 384.6 386.6 389.4 392.5 395.0 397.9 401.3 404.5 406.8 409.3 413.4 417.2 419.9 421.8 425.1 428.6 432.2 436.4 440.0 443.4 449.4 452.3 453.4 454.7 460.1 466.1 467.9 472.5 479.1 487.2 495.1 500.3 497.8 503.5 511.9 516.6 519.6 523.2 529.2
396.6 392.3 386.8 382.1 379.6 377.0 375.6 374.9 373.1 372.1 371.7 370.6 369.2 367.9 366.3 364.9 364.7 364.9 364.6 364.8 365.1 365.0 365.1 365.5 365.9 366.0 366.0 366.4 366.7 367.2 368.0 368.7 369.2 369.8 370.6 371.6 373.9 375.8 376.5 377.8 380.1 381.7 383.4 385.8 388.3 390.7 394.3 397.7 400.1 401.7 403.8 408.6 412.3 414.6 415.7 419.4 423.2 425.9 430.4 434.2 439.7 444.5 446.3 445.5 446.4 449.5 454.8 458.6 462.3 470.5 480.0 486.0 487.8 491.0 498.5 503.3 507.9 511.8 515.8 521.1
405.8 402.6 399.7 395.6 390.6 385.4 381.2 379.4 377.4 375.6 374.5 373.4 371.9 370.4 368.4 367.0 366.0 365.7 364.9 364.6 364.8 364.7 365.1 365.4 365.5 365.9 366.0 366.1 366.2 366.6 367.4 368.1 368.7 369.3 369.9 370.3 371.7 373.1 374.8 376.7 378.0 379.2 380.4 381.9 384.0 386.3 390.5 393.8 395.7 397.2 400.7 403.8 406.8 409.2 410.7 414.5 418.4 421.1 425.7 430.1 435.1 439.2 441.4 442.0 443.5 445.6 448.6 452.3 456.7 462.5 469.6 476.5 483.2 484.1 491.1 497.2 499.3 500.6 503.9 508.0
415.9 412.4 408.2 402.5 396.3 389.5 388.4 384.2 380.5 378.8 377.6 376.8 375.2 373.0 371.0 369.7 368.6 368.0 367.0 365.4 364.7 364.9 365.4 365.1 365.1 365.7 365.9 366.0 366.3 366.6 366.9 367.5 368.2 368.6 369.0 369.4 370.3 371.3 373.1 375.0 375.7 376.9 377.3 378.4 380.5 382.8 386.4 389.9 391.6 393.9 397.0 399.1 401.8 403.9 406.2 409.4 413.7 417.5 421.8 425.9 432.3 437.2 439.1 440.2 441.8 444.0 445.7 449.6 454.2 458.7 465.5 473.4 479.0 482.9 483.9 488.1 492.3 495.4 495.0 492.7
428.6 422.2 415.4 409.9 403.9 398.0 394.2 389.0 385.4 382.5 381.8 380.3 378.2 375.6 374.2 373.2 372.1 370.1 368.7 366.7 364.9 365.1 365.3 365.1 365.2 365.3 365.5 365.7 366.5 366.6 366.8 367.0 367.5 367.8 368.4 368.9 369.6 370.3 371.3 372.8 373.7 374.7 375.2 376.3 378.1 380.0 382.7 386.4 388.0 390.5 392.8 395.2 397.3 399.8 402.3 405.2 409.0 413.4 417.2 423.6 430.2 434.5 436.9 438.0 439.3 440.5 442.6 445.4 450.9 457.0 463.5 470.2 475.1 478.5 480.2 483.1 489.4 493.9 490.1 486.0
437.4 429.6 422.9 417.0 410.0 404.4 399.0 394.7 391.3 387.5 386.7 384.4 381.0 379.3 378.1 376.7 375.0 373.3 370.9 368.0 366.0 365.5 365.4 365.6 365.7 365.2 365.7 365.9 366.4 366.7 366.8 366.8 367.0 367.4 368.0 368.3 369.1 369.6 370.2 371.3 372.4 373.3 374.1 375.0 376.1 377.4 379.8 382.8 384.5 386.7 389.1 391.3 393.3 395.8 398.6 402.0 405.9 411.2 418.1 423.1 428.5 432.6 433.9 434.8 435.8 438.2 440.4 442.9 449.2 455.5 459.4 462.5 467.0 471.0 477.9 484.9 489.6 484.7 485.5 495.7
442.5 437.1 431.3 424.6 415.8 411.6 407.4 402.8 397.5 394.7 393.0 389.4 387.8 386.2 382.6 380.4 378.2 375.9 373.1 370.2 367.9 367.1 366.1 365.6 365.7 365.9 365.6 365.6 366.2 366.8 366.9 367.0 367.2 367.3 367.5 367.9 368.5 368.8 369.6 370.7 371.5 372.2 372.7 373.5 374.3 375.2 377.5 379.6 381.5 383.4 385.7 388.0 389.8 392.7 396.2 400.1 404.1 410.4 416.2 421.0 426.0 429.9 428.7 430.0 433.8 437.0 438.0 440.0 445.2 451.3 455.4 457.0 460.0 464.9 472.7 479.0 477.0 480.6 495.3 506.7
450.8 444.7 439.2 431.7 425.7 420.8 416.6 412.0 406.8 402.4 399.0 396.5 394.2 389.7 386.5 384.2 381.9 379.0 375.7 373.1 370.7 369.6 367.8 366.4 365.9 366.0 366.1 365.7 365.9 366.2 366.7 367.0 367.2 367.2 367.5 367.7 368.0 368.4 369.1 370.0 370.7 371.0 371.4 372.3 372.8 373.6 375.1 377.0 379.0 380.5 382.4 384.5 386.8 390.0 393.9 398.0 403.0 409.1 413.6 418.4 421.8 424.6 427.3 431.1 433.7 435.1 435.8 438.3 443.6 449.5 454.0 456.5 459.3 463.1 468.2 468.9 476.1 488.2 500.1 510.3
458.4 453.0 447.9 442.9 437.5 431.8 427.9 421.8 416.4 412.2 406.9 403.5 399.3 395.3 391.3 388.3 386.0 383.5 379.8 376.6 374.7 371.9 369.9 367.7 366.5 366.2 366.5 366.5 366.4 366.3 366.5 366.6 366.7 367.2 367.5 367.8 368.0 368.3 368.5 369.2 370.0 370.3 370.8 371.4 371.9 372.4 373.4 374.9 376.6 377.8 379.4 381.6 384.3 387.5 391.4 396.3 401.5 406.4 411.6 413.7 417.1 421.6 426.9 430.6 431.1 432.1 433.4 438.0 443.5 450.4 456.6 457.6 459.6 461.4 462.1 463.8 468.3 480.4 492.8 503.1
