tests/fixtures/watershed_abstraction/mdobre-womanly-ascot/dem/topaz/ELDOUT.ARC
ncols   776
nrows   755
xllcorner  564333
yllcorner 5021478
cellsize   30.00
nodata_value    -1.0
[rows 385 to 419 of 755, columns 400 to 479 of 776]
541.4 545.0 548.3 550.5 552.1 553.2 554.1 555.3 556.7 558.1 559.2 559.9 559.9 560.9 561.7 558.6 553.4 548.5 544.3 540.9 539.0 537.1 535.7 535.7 535.6 536.1 537.7 539.4 541.4 544.7 548.5 552.1 554.9 555.1 553.1 552.0 550.7 549.7 549.2 550.4 552.7 555.1 558.5 562.8 566.5 570.3 573.1 575.6 577.5 579.7 582.8 585.9 588.5 591.4 595.2 598.3 599.7 600.3 601.0 601.4 601.2 599.0 594.5 590.1 586.6 583.1 578.1 571.2 560.4 549.3 539.7 530.0 520.8 511.8 503.7 497.0 491.7 485.3 479.2 474.0
541.4 544.5 548.3 550.4 552.5 553.5 554.7 555.8 556.7 557.8 558.9 559.6 561.0 563.0 564.4 564.4 561.9 557.7 552.5 548.6 545.1 541.0 538.6 538.3 538.1 538.8 540.8 543.5 546.7 551.4 556.6 561.2 564.4 564.2 560.8 558.1 555.7 553.2 551.7 550.8 551.6 553.2 556.2 560.7 564.7 568.3 571.6 574.9 577.5 579.7 581.9 584.7 587.7 591.9 597.1 602.1 606.8 610.1 612.0 613.0 613.2 611.7 607.1 602.1 597.4 593.2 588.6 582.8 573.9 564.7 554.5 544.0 535.1 527.4 518.3 508.9 502.3 496.7 494.1 489.3
543.1 545.5 548.2 550.8 553.2 555.0 556.1 557.3 558.0 559.0 559.7 560.7 562.2 564.6 566.9 568.1 567.0 565.6 561.7 555.3 550.6 546.9 543.4 541.6 542.5 544.0 546.4 549.9 553.6 559.8 566.1 570.9 573.8 573.1 568.4 564.6 561.0 557.4 554.8 553.2 552.6 552.9 554.9 557.9 561.1 564.4 568.2 571.9 575.7 578.4 580.9 583.7 586.9 591.0 596.5 601.4 606.3 610.7 614.0 616.5 617.9 618.6 617.5 614.6 611.2 607.0 602.4 596.4 588.4 579.9 569.2 559.6 550.9 543.3 534.4 525.0 519.8 515.4 511.6 506.1
546.1 548.2 550.0 552.2 554.5 556.3 557.9 559.3 560.4 561.0 561.6 563.2 564.9 566.4 568.5 570.1 570.9 570.3 568.4 564.0 559.9 554.4 548.5 545.9 547.1 549.8 552.6 557.0 562.0 568.7 575.6 580.7 581.6 578.8 574.2 569.8 565.4 561.2 557.9 555.8 554.6 554.5 555.0 556.4 558.5 560.9 564.5 568.3 572.5 576.1 579.6 582.7 585.9 589.4 594.4 598.8 602.7 606.5 610.1 613.4 616.0 618.6 620.6 621.6 622.0 621.6 618.5 611.6 603.3 594.2 584.9 575.1 567.4 558.6 551.4 542.6 540.1 536.3 531.5 523.7
549.6 551.0 552.4 554.5 556.7 558.8 560.5 561.8 562.7 564.0 564.9 566.3 567.5 569.0 570.6 572.0 573.4 573.9 573.3 571.6 567.5 560.3 553.5 552.1 554.8 557.1 560.9 565.9 571.8 578.5 585.7 589.2 587.5 582.7 578.3 573.8 569.1 564.5 561.4 558.6 557.1 557.0 557.5 558.2 558.9 560.0 562.6 565.6 569.3 573.0 577.2 580.5 583.6 587.5 591.8 595.7 599.6 602.8 605.9 609.3 612.8 616.4 620.1 623.4 626.5 630.4 631.9 626.9 618.2 608.4 599.6 590.0 582.8 576.0 570.1 560.0 560.1 556.7 551.1 541.6
552.9 553.9 555.2 557.8 560.3 562.3 564.0 565.3 566.3 567.9 568.7 569.7 570.7 571.9 573.6 575.1 576.2 576.7 576.9 575.9 572.8 566.3 560.1 561.0 564.1 567.5 572.3 577.3 583.1 589.6 595.5 596.2 592.3 586.8 581.9 576.9 572.7 568.1 564.7 562.1 560.6 560.3 560.9 561.5 561.9 562.6 563.2 564.6 567.2 570.6 574.3 577.9 581.2 585.2 589.1 592.7 596.5 600.1 603.2 606.8 610.6 614.8 619.2 623.8 628.3 633.8 639.8 639.8 632.4 622.8 613.1 605.2 598.5 594.8 587.2 578.1 580.0 576.5 568.9 558.8
556.9 557.8 559.4 562.0 564.8 567.2 568.8 570.0 571.1 572.5 573.9 574.9 575.2 575.9 577.2 578.6 579.5 579.9 579.9 578.9 576.3 570.9 565.6 568.5 574.8 580.2 584.6 589.4 594.8 599.8 602.0 601.5 597.2 591.5 586.5 580.8 576.3 572.3 568.9 566.1 564.5 564.5 565.3 566.3 566.8 566.9 566.4 566.4 566.6 569.0 572.1 574.9 578.4 582.6 586.4 590.0 594.5 598.6 602.1 606.3 610.1 614.4 618.9 623.9 629.9 636.1 643.3 647.5 645.1 637.1 628.2 620.8 614.6 611.6 603.7 598.0 599.7 594.6 584.7 575.4
562.6 563.2 564.5 566.8 569.5 572.1 574.3 575.4 577.0 579.1 580.9 581.6 581.2 581.1 581.8 582.5 583.1 583.4 583.1 581.9 579.4 574.0 569.8 575.2 583.6 590.8 596.4 602.5 606.3 608.0 607.6 605.2 601.3 596.0 590.7 585.7 580.0 576.3 573.2 570.7 569.0 569.3 569.9 571.4 573.1 573.2 571.6 569.5 568.3 568.6 570.8 573.1 576.1 580.6 584.5 588.0 592.8 597.3 601.9 606.6 611.0 615.2 619.6 624.5 631.2 637.9 644.3 650.3 653.7 650.9 644.4 636.8 630.8 626.9 620.0 617.3 617.4 609.9 599.9 593.4
568.2 569.3 570.6 572.4 574.3 576.8 578.6 580.1 582.0 584.2 586.2 587.1 587.6 587.5 587.2 586.8 587.0 586.9 586.5 585.7 583.4 578.7 573.7 579.7 590.6 598.5 604.3 609.3 612.3 612.6 610.8 607.9 604.6 600.2 595.8 590.9 585.6 580.5 577.7 575.8 574.5 574.9 575.3 576.5 578.8 579.4 577.9 575.3 571.6 570.0 570.6 572.3 575.0 579.4 583.8 587.8 592.4 597.9 603.1 608.2 612.9 617.4 621.5 626.1 632.4 638.7 644.4 650.2 656.0 659.8 658.5 653.6 647.9 643.0 636.6 635.2 632.8 624.1 615.6 610.0
573.7 574.7 576.0 577.7 579.6 581.7 583.3 584.9 586.5 588.5 590.4 591.7 592.7 592.6 592.1 591.1 590.6 590.8 590.7 590.4 589.1 585.9 581.1 585.5 595.8 603.1 608.7 612.6 615.6 616.3 614.5 611.3 608.3 604.6 600.7 595.6 590.9 586.3 582.5 580.1 579.4 579.7 581.1 582.4 582.7 582.6 581.7 581.3 577.3 572.6 571.7 572.4 575.8 580.6 585.1 589.2 594.4 599.9 605.2 610.5 615.8 620.4 624.4 628.6 634.2 640.0 645.2 650.2 655.7 661.8 665.8 666.2 663.8 660.1 655.2 652.3 647.1 638.1 630.0 624.1
579.1 579.0 580.1 582.1 584.5 586.3 587.8 588.8 590.0 591.7 593.5 595.3 596.6 596.8 595.8 595.2 595.1 595.6 595.9 595.8 595.1 592.7 589.5 589.7 598.4 605.4 610.9 614.9 617.6 619.2 618.1 615.0 611.6 608.3 604.7 600.4 595.4 590.7 587.4 585.0 584.6 584.9 585.7 586.6 587.0 586.3 585.6 584.2 581.6 576.6 573.4 573.6 577.7 584.0 588.2 591.3 596.1 601.2 606.1 612.0 617.7 623.4 628.9 633.2 638.1 643.5 648.5 653.3 657.7 662.5 666.7 670.1 672.2 672.0 670.9 667.8 660.8 651.8 643.6 637.5
583.7 583.2 584.3 586.6 589.0 590.8 592.1 592.9 593.7 594.9 596.7 598.8 600.2 600.7 600.1 599.7 600.2 601.0 601.9 601.8 601.3 599.2 597.0 596.9 600.1 605.6 611.0 616.1 619.4 621.3 621.6 619.1 615.0 611.7 608.5 604.3 599.4 595.2 592.4 590.5 589.2 589.0 589.1 589.7 589.6 589.1 587.1 584.5 581.5 578.2 575.1 574.9 578.2 585.7 591.0 594.4 598.5 602.5 606.4 611.5 617.3 623.6 630.2 636.2 641.9 646.8 651.5 656.1 660.2 663.8 666.9 670.1 673.1 675.3 677.9 678.3 674.1 666.3 658.3 652.0
587.9 587.6 588.9 591.6 594.1 595.7 596.8 597.7 598.4 599.2 600.5 602.2 603.5 604.2 604.3 604.2 605.0 605.7 606.4 606.6 606.7 605.7 604.3 603.7 604.7 607.4 611.2 616.6 620.8 623.2 624.6 623.6 619.7 615.2 611.8 608.2 603.5 599.0 596.0 594.5 593.6 593.2 592.9 591.9 591.2 590.1 587.2 584.9 582.8 580.5 578.2 576.8 577.6 583.1 589.4 594.7 599.7 603.3 605.7 609.6 615.1 620.9 626.7 632.8 639.0 644.2 648.3 653.2 658.0 662.7 666.9 670.3 673.2 676.0 679.1 682.0 683.2 680.1 673.7 667.5
592.9 593.0 594.9 597.6 599.6 600.8 601.6 602.0 602.7 603.4 604.4 605.6 606.7 607.4 607.8 608.1 609.0 610.0 610.8 611.4 611.6 611.4 610.5 609.8 610.9 612.4 613.9 617.8 621.8 624.6 626.4 626.8 624.5 619.3 614.8 611.2 606.9 603.1 599.7 598.1 597.0 596.0 594.8 593.1 591.6 590.5 588.8 586.7 584.5 582.5 580.6 579.4 578.8 581.3 586.5 591.8 597.3 601.9 604.6 607.2 611.7 617.8 622.4 627.4 633.1 638.6 643.3 648.6 653.5 659.1 664.8 669.1 672.4 675.8 679.5 682.8 686.1 688.5 686.9 682.5
597.9 599.2 601.7 603.8 605.2 606.0 606.2 606.1 606.4 607.0 607.8 608.5 609.5 610.6 611.5 612.0 612.6 613.3 614.2 614.7 614.6 614.8 614.7 614.9 616.3 617.8 618.9 620.9 623.5 625.9 627.7 628.9 628.1 624.3 618.9 614.5 610.7 606.9 603.4 600.9 599.3 598.3 597.0 595.0 593.2 592.1 590.6 588.7 586.6 584.6 583.9 582.6 582.0 581.8 584.7 588.7 594.4 599.2 602.9 605.8 609.2 613.7 618.1 622.8 628.0 633.5 638.8 644.5 649.1 654.2 660.1 665.3 669.3 673.4 678.0 682.4 686.4 690.2 693.0 692.8
600.8 603.1 605.8 608.2 610.0 611.1 611.2 610.6 610.5 610.6 611.0 611.6 612.8 614.1 615.3 616.3 616.7 617.2 617.7 618.1 618.3 618.4 618.4 619.1 620.4 621.9 623.1 624.0 625.5 627.5 629.3 630.8 630.8 628.5 623.6 618.3 614.3 610.8 607.0 604.0 601.9 601.1 600.0 597.7 594.8 593.5 592.1 590.6 589.0 587.7 587.1 586.3 585.3 584.9 585.7 587.8 592.4 596.9 600.7 603.4 606.4 609.9 613.8 618.5 623.1 628.1 633.8 639.8 644.0 648.5 653.7 659.1 664.1 668.9 673.9 679.3 684.3 689.0 692.7 695.3
602.1 604.8 607.6 610.4 612.9 614.8 615.9 615.8 615.5 615.2 615.3 615.7 616.7 617.9 619.3 620.5 621.2 621.8 622.3 622.6 622.7 622.4 622.4 623.0 624.1 625.4 626.3 627.1 628.2 629.6 631.2 632.7 633.2 631.7 627.7 623.1 619.2 615.5 611.4 607.9 606.2 604.9 603.6 601.1 597.3 595.9 594.8 594.0 592.5 591.2 590.4 589.3 588.8 588.2 587.9 589.2 591.4 594.7 597.6 600.2 603.1 605.8 609.7 613.5 618.1 623.3 629.2 634.9 638.4 642.9 647.9 652.4 657.3 662.3 667.7 673.5 679.3 685.1 690.2 694.4
603.8 606.7 609.6 612.2 614.7 617.0 619.2 620.5 621.0 621.1 621.2 621.5 621.9 622.8 623.8 624.6 625.6 626.5 627.1 627.6 627.5 627.1 627.2 627.5 628.2 629.0 629.4 630.0 631.0 632.3 633.5 634.7 635.3 634.6 631.7 627.9 624.7 621.4 617.6 614.6 611.7 609.3 607.1 604.3 601.2 599.2 598.0 597.4 596.7 595.8 594.7 593.0 592.6 592.5 592.2 592.3 593.6 595.3 597.5 599.9 602.0 604.1 606.9 610.2 614.6 619.8 624.9 629.6 633.0 637.1 641.9 646.3 650.6 655.5 660.8 666.0 671.7 678.3 684.8 690.9
607.1 609.8 612.3 614.5 616.8 618.9 621.5 623.7 625.3 626.5 627.2 628.0 628.5 628.8 629.2 630.0 630.8 631.6 632.1 632.5 632.5 632.2 632.1 632.2 632.5 633.1 633.3 633.7 634.3 635.2 636.1 637.1 637.6 637.5 635.8 632.9 630.2 627.9 624.8 621.9 618.7 615.2 612.1 609.0 605.4 603.3 601.7 601.4 601.3 600.7 599.6 597.8 597.2 596.7 596.7 597.2 598.1 600.3 602.7 604.1 605.3 606.6 608.9 610.1 612.3 615.7 620.0 624.4 627.6 631.6 635.4 639.7 644.8 649.9 654.7 658.6 664.0 670.5 677.6 684.4
610.8 613.2 615.6 617.6 619.7 621.6 624.0 626.4 628.4 630.1 631.5 633.0 634.3 635.2 636.1 636.8 636.9 637.0 637.1 637.1 637.0 636.9 636.6 636.7 636.9 637.2 637.5 637.9 638.4 638.7 639.3 640.0 640.6 640.6 640.0 638.3 636.0 633.7 631.3 628.7 625.8 622.0 617.8 613.8 610.3 608.3 606.8 606.6 605.6 604.9 603.8 602.2 601.8 601.8 602.3 603.2 606.2 608.1 609.1 610.5 611.3 611.8 613.5 615.4 616.4 617.1 619.0 621.4 623.9 627.2 631.0 634.9 639.3 643.9 648.7 653.4 658.3 664.1 671.2 677.4
615.0 617.1 619.4 621.6 623.6 625.5 627.6 629.9 632.1 633.9 635.4 637.1 639.2 641.5 643.2 643.8 643.4 642.5 641.9 641.5 641.2 641.1 641.0 640.9 640.9 640.9 641.3 641.7 642.3 642.7 643.0 643.7 644.2 644.4 644.4 643.9 642.6 640.6 638.0 635.6 632.8 628.3 623.9 619.4 615.3 612.8 611.4 610.9 610.5 609.5 608.2 607.1 606.5 606.9 608.4 612.1 616.5 619.0 618.6 617.2 617.4 619.0 619.7 619.8 620.8 620.8 620.7 621.5 622.9 625.0 627.6 630.9 635.2 639.5 643.8 647.8 652.4 658.9 665.6 671.6
618.5 620.8 623.2 625.7 627.8 629.8 632.1 634.5 636.9 639.2 640.7 642.2 644.6 647.5 649.4 650.0 649.5 648.4 647.0 646.1 645.4 645.0 645.0 644.9 644.7 644.5 644.6 644.9 645.5 646.1 646.9 647.7 648.1 648.4 648.3 648.3 648.0 646.8 644.5 642.1 639.5 635.6 630.7 625.1 621.1 618.3 616.5 616.0 615.3 614.2 613.3 612.5 612.3 614.0 617.3 620.8 624.3 626.4 626.8 626.1 625.6 625.7 626.2 626.1 626.2 626.1 624.7 623.9 625.0 625.7 626.9 629.5 632.9 636.5 640.2 644.0 647.7 653.7 660.3 667.0
622.8 625.5 628.5 631.1 633.4 635.4 637.5 639.7 642.0 644.4 646.5 648.2 650.5 652.7 653.9 654.3 654.0 653.4 652.3 651.0 649.8 649.3 649.1 648.9 648.8 648.5 648.4 648.6 649.1 649.9 650.9 651.5 651.7 651.9 651.8 652.0 652.0 651.6 650.0 648.1 646.3 643.5 639.0 633.1 628.7 625.3 623.1 622.3 621.2 620.1 619.2 619.1 620.1 622.1 625.2 629.0 632.4 634.6 635.0 634.7 634.4 633.8 632.9 632.7 632.4 631.5 630.2 628.8 628.8 627.6 627.9 629.8 633.0 636.9 639.3 642.5 645.5 649.1 654.8 661.7
627.7 630.2 633.4 636.5 638.7 640.3 641.9 643.7 645.7 648.0 650.2 652.0 653.7 655.1 655.8 656.2 656.6 656.8 656.6 655.8 654.8 654.5 653.7 653.4 653.2 652.9 653.0 653.2 653.6 654.4 655.0 655.1 654.7 654.8 655.1 655.3 655.5 655.8 655.5 653.6 651.6 650.0 647.3 643.1 638.2 634.1 631.9 631.1 629.6 628.1 627.2 628.4 630.6 633.3 636.8 640.2 643.0 645.3 646.3 645.7 644.0 643.0 641.7 640.6 639.3 638.0 636.8 634.4 632.4 631.2 630.4 631.1 634.8 639.6 644.4 646.8 647.1 648.3 651.1 656.6
631.4 633.2 635.3 637.3 639.4 641.2 642.3 644.5 646.4 648.2 650.3 652.1 653.6 654.8 656.1 657.3 658.3 659.2 659.6 659.5 659.5 659.4 658.7 658.1 657.8 657.3 657.5 657.8 658.1 658.5 658.6 658.4 658.0 658.1 658.4 659.3 660.3 661.4 662.4 661.0 658.0 655.7 654.4 652.6 648.8 645.1 643.3 642.4 641.3 639.7 639.4 641.1 643.5 646.1 649.7 652.5 654.5 656.0 656.9 657.4 656.9 655.6 653.0 650.4 647.2 644.8 642.7 640.4 637.4 637.0 635.9 635.5 638.8 642.8 647.0 650.4 651.1 650.4 651.4 653.7
630.7 632.1 633.8 635.4 637.6 639.6 641.6 643.7 645.5 647.3 649.0 651.0 652.6 654.1 656.0 658.0 659.8 661.2 662.1 662.6 663.1 663.6 663.1 662.3 662.0 661.6 661.5 661.8 661.9 661.6 661.4 661.3 661.4 661.6 662.2 663.9 665.7 667.5 668.9 668.9 666.8 664.2 662.3 660.8 659.0 657.0 656.0 655.3 654.1 652.2 652.2 654.0 656.5 659.5 662.4 664.8 666.0 666.8 667.2 667.8 667.2 665.6 663.6 661.2 657.6 653.3 650.2 647.7 645.8 644.6 643.6 643.3 644.4 646.7 650.4 653.3 654.2 654.1 655.0 655.6
628.3 629.5 631.2 633.4 636.1 638.3 641.2 643.8 645.5 647.5 649.0 650.6 652.3 654.1 656.7 659.2 661.5 663.4 664.7 665.5 666.5 667.2 667.1 666.5 666.1 665.8 665.5 665.3 664.9 664.3 664.3 664.5 664.9 665.6 666.7 668.4 670.3 672.3 674.2 675.4 675.2 674.2 672.6 669.9 667.5 666.4 666.3 666.0 665.0 663.6 663.3 664.4 666.3 668.6 671.1 672.6 673.5 674.2 674.4 675.0 675.0 673.7 671.5 669.7 667.8 664.7 660.2 657.9 655.0 653.5 652.4 650.9 651.7 653.6 655.5 657.7 658.6 658.9 658.5 658.3
625.3 627.2 629.2 632.3 636.0 639.4 642.6 645.2 647.0 648.9 650.8 652.3 653.7 655.7 658.6 661.6 664.0 665.9 667.5 668.7 669.8 670.8 671.1 670.9 670.4 670.0 669.5 668.8 667.9 667.4 667.5 668.0 668.8 669.9 671.2 672.7 674.8 676.8 678.9 680.6 681.5 682.2 682.0 680.0 677.3 675.1 674.0 673.7 673.2 672.6 672.8 673.0 673.7 675.5 677.4 678.6 679.2 679.6 679.6 680.2 680.4 679.3 677.7 676.6 675.9 674.6 672.1 668.7 665.7 664.3 662.7 661.4 661.2 661.4 661.9 663.4 664.5 664.8 663.8 663.2
624.9 627.2 630.2 633.7 638.1 642.4 644.9 646.9 648.9 651.8 654.2 655.8 657.1 658.7 661.7 664.6 667.1 669.2 670.9 672.1 673.4 674.4 674.7 674.6 674.4 674.2 673.8 673.0 671.9 671.3 671.2 671.6 672.6 674.0 675.7 677.2 679.3 681.5 683.4 684.9 686.1 687.3 688.0 687.6 686.3 684.8 683.4 681.8 680.3 679.9 680.3 680.2 680.1 681.3 683.5 684.8 684.9 684.5 684.6 685.2 685.2 684.4 683.6 682.7 682.4 682.6 682.2 679.9 677.5 676.2 675.0 672.8 671.8 671.0 670.6 670.4 671.2 671.8 671.0 670.1
630.7 633.4 636.2 639.4 642.7 645.8 648.4 651.2 653.8 656.0 658.2 660.2 662.0 664.0 666.1 668.4 670.7 672.6 674.2 675.7 677.1 677.9 678.3 678.3 678.6 678.7 678.5 677.6 676.8 676.5 676.4 676.6 677.3 678.5 680.2 681.6 683.1 685.0 686.6 688.0 689.3 690.6 691.6 692.3 692.5 692.4 691.9 690.6 688.7 687.2 686.6 686.2 686.2 688.1 690.5 691.7 691.8 691.0 690.6 691.5 691.1 690.1 689.5 689.1 689.3 689.7 689.9 689.4 688.5 687.2 685.6 683.3 681.5 679.9 679.7 679.4 679.4 679.6 678.5 677.5
635.9 638.2 640.9 643.6 646.5 649.4 651.8 654.8 657.7 660.4 662.5 664.4 667.0 669.2 671.0 673.1 674.5 676.3 678.1 680.0 681.2 682.2 682.9 683.2 683.9 684.4 684.2 682.9 682.5 682.1 682.4 682.4 682.5 683.3 684.4 685.4 686.4 687.9 689.3 690.8 692.2 693.5 694.7 695.8 696.4 696.4 696.0 695.5 694.6 693.2 692.0 690.8 690.8 692.5 694.1 695.0 695.1 695.1 695.5 696.4 696.3 696.3 696.4 696.3 696.7 698.0 698.9 698.2 697.0 696.3 695.2 692.9 690.7 689.1 688.5 688.3 688.5 687.7 687.1 685.9
641.1 643.3 645.5 647.9 650.6 653.5 656.3 659.3 661.8 664.4 666.7 669.0 671.6 673.8 675.6 677.7 679.4 681.3 683.2 684.8 686.0 687.2 687.8 688.5 689.3 690.0 690.4 689.8 689.1 688.9 689.0 688.8 688.4 688.1 688.5 689.1 690.2 691.9 693.5 694.9 695.7 696.2 696.5 697.0 697.0 696.6 695.7 694.9 694.2 693.4 692.4 691.2 690.9 691.6 692.4 692.8 693.0 693.4 694.3 695.0 695.4 696.4 697.5 698.6 699.9 701.6 702.5 702.0 701.4 701.4 701.3 700.4 698.7 697.6 696.9 696.7 696.6 696.0 695.4 694.9
647.3 649.8 651.8 653.9 656.1 658.7 661.1 663.5 665.8 668.1 670.1 672.5 675.2 677.7 679.8 682.0 684.7 687.0 688.5 689.6 690.8 692.1 693.3 694.5 695.5 696.3 696.9 697.2 697.0 696.9 696.5 696.3 695.3 694.1 694.0 694.4 695.4 696.6 697.6 698.1 697.7 696.5 695.5 694.7 694.0 693.2 692.1 690.8 689.9 689.0 688.1 687.3 686.8 686.9 687.3 687.6 687.9 688.1 688.5 689.0 690.0 691.3 692.7 694.6 696.5 698.2 699.3 699.9 700.8 701.7 702.3 702.7 702.9 703.5 703.9 704.6 705.2 705.7 705.9 705.3
652.3 654.4 656.8 658.5 660.7 663.1 665.1 667.0 668.7 670.9 672.9 675.1 677.7 680.1 682.7 685.4 688.4 691.4 693.5 695.2 696.9 698.3 699.3 700.3 701.1 701.7 701.8 701.9 701.5 701.2 700.6 700.0 699.3 699.0 699.0 698.9 698.7 698.5 697.8 696.7 695.2 693.2 691.7 690.2 688.9 688.0 686.9 685.8 685.0 684.3 683.7 683.2 682.8 682.7 683.0 683.1 683.3 683.4 683.6 684.0 684.9 685.8 686.9 688.7 690.5 692.3 693.8 695.2 697.1 698.8 700.1 701.5 702.8 704.4 705.4 706.6 707.8 709.2 710.7 711.8
655.0 656.5 658.7 660.9 663.5 665.7 667.6 669.3 671.4 673.6 675.5 677.6 679.7 682.6 685.8 689.0 691.6 694.3 696.9 698.9 700.5 701.5 701.9 702.2 702.5 702.3 701.9 701.7 700.9 700.3 699.3 698.5 697.7 697.3 697.0 696.3 695.4 694.4 693.2 691.8 690.3 688.6 687.1 685.7 684.3 683.5 682.8 682.2 681.9 681.6 681.4 681.1 681.0 681.0 681.1 681.1 681.2 681.3 681.5 681.8 682.3 682.7 683.2 684.1 685.8 687.6 689.2 691.4 694.0 696.2 698.6 701.0 703.0 704.6 705.6 706.5 707.4 709.0 710.8 712.7
