tests/fixtures/watershed_abstraction/mdobre-womanly-ascot/dem/topaz/SUBWTA.ARC
ncols   776
nrows   755
xllcorner  564333
yllcorner 5021478
cellsize   30.00
nodata_value     0.0
[rows 360 to 404 of 755, columns 192 to 287 of 776]
0 0 0 0 0 0 0 0 0 0 0 0 0 0 0 0 0 0 0 0 0 0 0 0 0 0 0 0 0 0 0 0 0 0 0 0 0 0 0 0 0 0 0 0 0 0 0 0 0 202 202 202 204 201 201 201 201 201 201 201 201 201 201 201 201 201 201 252 252 252 252 252 262 262 262 262 262 262 262 262 262 262 262 262 262 262 262 262 262 262 262 262 262 262 262 262
0 0 0 0 0 0 0 0 0 0 0 0 0 0 0 0 0 0 0 0 0 0 0 0 0 0 0 0 0 0 0 0 0 0 0 0 0 0 0 0 0 0 0 182 182 182 182 182 202 202 202 204 203 203 203 203 212 221 221 221 221 223 242 242 242 252 252 252 252 252 252 252 262 262 262 262 262 262 262 262 262 262 262 262 262 262 262 262 262 262 262 262 262 262 262 262
0 0 0 0 0 0 0 0 0 0 0 0 0 0 0 0 0 0 0 0 0 0 0 0 0 0 0 0 0 0 0 0 0 0 0 0 0 0 0 0 141 141 182 182 182 182 182 182 202 202 204 203 203 203 203 212 221 221 221 221 223 223 242 242 242 252 252 252 252 252 252 252 262 262 262 262 262 262 262 262 262 262 262 262 262 262 262 262 262 262 262 262 262 262 262 262
0 0 0 0 0 0 0 0 0 0 0 0 0 0 0 0 0 0 0 0 0 0 0 0 0 0 0 0 0 0 0 0 0 0 0 0 0 141 141 141 141 141 182 182 182 182 182 182 202 204 203 203 203 203 203 212 221 221 221 221 223 223 242 242 242 252 252 252 252 252 252 252 262 262 262 262 262 262 262 262 262 262 262 262 262 262 262 262 262 262 262 262 262 262 262 262
0 0 0 0 0 0 0 0 0 0 0 0 0 0 0 0 0 0 0 0 0 0 0 0 0 0 0 0 0 0 0 0 0 0 121 121 121 141 141 141 141 141 182 182 182 182 182 182 202 204 203 203 203 203 203 212 221 221 221 221 223 223 242 242 242 252 252 252 252 252 252 252 262 262 262 262 262 262 262 262 262 262 262 262 262 262 262 262 262 262 262 262 262 262 262 262
0 0 0 0 0 0 0 0 0 0 0 41 41 41 41 41 0 0 0 0 0 0 0 0 0 81 81 102 102 112 112 112 121 121 121 121 121 121 141 141 141 141 182 182 182 182 182 182 202 204 203 203 203 203 203 212 221 221 221 221 223 223 242 242 242 252 252 252 252 252 252 252 262 262 262 262 262 262 262 262 262 262 262 262 262 262 262 262 262 262 262 262 262 262 262 262
0 0 0 0 0 0 0 0 0 0 41 41 41 41 41 41 72 72 72 72 81 81 81 81 81 81 81 102 102 112 112 112 121 121 121 121 121 121 141 141 141 141 182 182 182 182 182 182 202 204 203 203 203 203 203 212 221 221 221 221 223 223 242 242 242 252 252 252 252 252 252 252 262 262 262 262 262 262 262 262 262 262 262 262 262 262 262 262 262 262 262 262 262 262 262 264
0 0 0 0 0 0 0 0 0 41 41 41 41 41 41 72 72 72 72 81 81 81 81 81 81 81 81 102 102 112 112 112 121 121 121 121 121 121 141 141 141 141 182 182 182 182 182 182 202 204 203 203 203 203 203 212 221 221 221 221 223 223 242 242 242 252 252 252 252 252 252 252 262 262 262 262 262 262 262 262 262 262 262 262 262 262 264 264 264 264 264 264 264 264 264 263
0 0 0 0 0 0 0 0 41 41 41 41 41 41 72 72 72 72 72 81 81 81 81 81 81 81 81 102 102 112 112 112 121 121 121 121 121 121 141 141 141 141 182 182 182 182 182 182 202 204 203 203 203 203 203 212 221 221 221 221 223 223 242 242 242 252 252 252 252 252 252 252 262 262 262 262 262 262 262 262 262 262 262 264 264 264 263 263 263 263 263 263 263 263 263 263
0 0 0 0 0 0 41 41 41 41 41 41 41 41 72 72 72 72 72 81 81 81 81 81 81 81 81 102 102 112 112 112 121 121 121 121 121 121 141 141 141 141 182 182 182 182 182 182 202 204 203 203 203 203 212 221 221 221 221 221 223 223 242 242 242 252 252 252 252 252 252 252 262 262 262 262 262 262 262 262 262 262 264 263 263 263 263 263 263 263 263 263 263 263 263 263
0 0 0 0 0 41 41 41 41 41 41 41 41 41 72 72 72 72 72 81 81 81 81 81 81 81 81 102 102 112 112 112 121 121 121 121 121 121 141 141 141 141 182 182 182 182 182 182 202 204 203 203 203 212 221 221 221 221 221 221 223 223 242 242 242 252 252 252 252 252 252 252 252 262 262 262 262 262 262 262 262 264 263 263 263 263 263 263 263 263 263 263 263 263 263 263
0 0 0 0 0 41 41 41 41 41 41 41 41 41 72 72 72 72 72 81 81 81 81 81 81 81 81 102 102 112 112 112 121 121 121 121 121 121 141 141 141 141 182 182 182 182 182 182 202 204 203 203 212 221 221 221 221 221 221 223 223 242 242 242 252 252 252 252 252 252 252 252 252 262 264 264 264 264 264 264 264 263 263 263 263 263 263 263 263 263 263 263 263 263 263 263
0 0 0 0 32 41 41 41 41 41 41 41 41 41 72 72 72 72 72 81 81 81 81 81 81 81 81 102 102 112 112 112 122 121 121 121 121 141 141 141 141 141 182 182 182 182 182 182 182 204 203 212 212 221 221 221 221 221 223 223 242 242 242 252 252 252 252 252 252 252 252 252 252 264 263 263 263 263 263 263 263 263 263 263 263 263 263 263 263 263 263 263 263 263 263 263
0 0 0 0 32 44 41 41 41 41 41 41 41 41 72 72 72 72 72 81 81 81 81 81 81 81 81 102 102 112 112 112 122 121 121 121 121 141 141 141 141 141 182 182 182 182 182 182 182 204 203 212 212 212 221 221 221 223 242 242 242 242 242 252 252 252 252 252 252 252 252 252 254 3074 3074 3074 3072 3072 263 263 263 263 263 263 263 263 263 263 263 263 263 263 263 263 263 263
0 0 0 32 44 43 43 41 41 41 41 41 41 52 72 72 72 72 72 81 81 81 81 81 81 81 102 102 102 112 112 112 122 121 121 121 141 141 141 141 182 182 182 182 182 182 182 182 182 204 203 212 212 212 221 221 223 242 242 242 242 242 242 252 252 252 252 252 252 252 252 254 253 253 3073 3073 3074 3072 3072 3072 263 263 263 263 263 263 263 263 263 263 263 263 3082 3082 3082 3092
32 32 32 44 32 32 32 32 32 32 52 52 52 72 72 72 72 72 72 72 81 84 81 81 81 102 102 102 102 112 112 112 122 121 121 141 162 162 162 162 162 182 182 182 182 182 182 182 182 204 192 212 212 212 224 223 242 242 242 242 242 242 242 252 252 252 252 252 252 252 254 253 253 253 253 3073 3073 3074 3072 3072 3072 263 263 263 263 263 263 263 3082 3082 3082 3082 3082 3082 3082 3092
32 32 44 32 32 32 32 32 32 32 52 52 52 72 72 72 72 72 72 72 82 84 83 92 102 102 102 102 102 112 112 112 122 124 141 162 162 162 162 162 162 162 182 182 182 182 182 182 182 204 192 212 212 212 224 223 242 242 242 242 242 242 242 252 252 252 252 254 254 254 253 253 253 253 253 253 3073 3073 3074 3072 3072 3072 3072 263 263 263 3082 3082 3082 3082 3082 3082 3082 3082 3082 3092
32 44 32 32 32 32 32 32 32 52 52 52 72 72 72 72 72 72 72 72 84 83 92 102 102 102 102 102 102 112 112 112 124 144 162 162 162 162 162 162 162 162 182 182 182 182 182 182 182 204 192 212 212 212 224 223 242 242 242 242 242 242 242 252 252 254 254 253 253 253 253 253 253 253 253 253 3073 3073 3074 3072 3072 3072 3072 3072 3072 3082 3082 3082 3082 3082 3082 3082 3082 3082 3082 3092
44 32 32 32 32 32 32 32 52 52 52 72 72 72 72 72 72 72 72 72 84 83 92 102 102 102 102 102 102 112 112 112 124 144 162 162 162 162 162 162 162 162 172 182 182 182 182 182 182 204 192 212 212 212 224 223 244 244 244 244 244 244 244 254 254 253 253 253 253 253 253 253 253 253 253 253 3073 3073 3073 3074 3072 3072 3072 3072 3072 3082 3082 3082 3082 3082 3082 3082 3084 3084 3084 3094
44 32 32 32 32 32 32 52 52 52 72 72 72 72 72 72 72 72 72 72 84 83 92 102 102 102 102 102 102 112 112 112 124 144 152 162 162 162 162 162 162 162 172 172 182 184 184 182 182 194 214 214 214 214 234 234 3734 243 243 243 243 243 243 3684 253 253 253 253 253 253 253 253 253 253 253 253 3073 3073 3073 3074 3072 3072 3072 3072 3072 3084 3084 3084 3084 3084 3084 3084 3083 3083 3604 3093
44 32 32 32 32 32 52 52 52 62 72 72 72 72 72 72 72 72 72 72 84 92 92 102 102 102 102 102 102 112 112 112 124 144 152 162 162 162 162 162 162 162 172 172 184 183 183 184 184 182 182 182 213 213 233 233 3734 243 243 243 243 243 243 3684 3682 253 253 253 253 253 253 253 253 253 253 253 3073 3073 3073 3073 3074 3074 3074 3074 3074 3072 3072 3083 3083 3083 3083 3083 3083 3083 3604 3093
44 32 32 32 32 52 52 52 62 62 72 72 72 72 72 72 72 72 72 72 84 92 92 102 102 102 102 102 102 112 112 112 124 144 152 162 162 162 162 164 164 164 174 184 183 183 183 183 3744 182 182 182 213 213 233 233 3733 3734 243 243 243 243 243 3683 3684 3682 253 253 253 253 253 253 253 253 253 253 3073 3073 3073 3073 3073 3073 3073 3073 3614 3072 3072 3072 3083 3083 3083 3083 3083 3083 3604 3093
44 32 32 32 52 52 52 52 62 62 72 72 72 72 72 72 72 72 72 72 84 92 92 102 102 102 102 102 102 112 112 112 124 144 152 162 164 164 164 163 163 163 3764 3754 3754 183 183 183 3744 182 182 182 182 213 233 233 3733 3734 3732 243 243 243 243 3683 3704 3694 3692 253 253 253 253 253 253 253 253 253 3073 3073 3073 3073 3073 3073 3073 3073 3614 3612 3072 3072 3083 3083 3083 3083 3083 3083 3604 3093
34 32 32 52 52 52 52 52 62 62 72 72 72 72 72 72 72 72 72 72 84 92 92 102 102 102 102 102 102 114 114 114 134 154 164 164 163 163 163 163 163 163 3764 3753 3753 3754 183 183 3744 182 182 182 182 213 233 233 3733 3734 3732 3732 243 243 243 3683 3703 3704 3694 3692 253 253 253 253 253 253 253 253 3073 3073 3073 3073 3073 3073 3073 3073 3613 3614 3612 3072 3083 3083 3083 3083 3083 3083 3604 3093
33 54 52 52 52 52 52 52 62 62 72 72 72 72 72 72 72 72 72 72 84 92 92 102 102 102 104 104 104 3784 113 113 113 133 3774 3774 163 163 163 163 163 163 3763 3764 3753 3753 3754 183 3744 182 182 182 182 213 233 233 3733 3734 3732 3732 3732 243 243 3683 3724 3714 3702 3694 3692 253 253 253 253 253 253 253 3073 3073 3073 3073 3073 3073 3073 3073 3613 3613 3614 3612 3072 3083 3083 3083 3083 3083 3604 3093
33 53 54 54 52 52 52 52 62 62 74 74 74 72 72 72 74 74 74 74 84 92 92 104 104 104 103 103 103 3784 113 113 113 133 3773 3773 3774 163 163 163 163 163 3763 3764 3762 3753 3753 3754 3743 3744 182 182 182 182 233 233 3733 3734 3732 3732 3732 3732 243 3723 3724 3714 3712 3702 3694 3692 253 253 253 253 253 253 3073 3073 3073 3073 3073 3073 3073 3073 3613 3613 3614 3612 3612 3083 3083 3083 3083 3083 3604 3093
33 53 53 53 54 54 52 52 64 64 62 73 73 74 74 74 73 73 73 73 94 94 104 103 103 103 103 103 103 3784 113 113 113 133 133 3773 3774 3772 163 163 163 163 3763 3764 3762 3762 3753 3753 3754 3744 182 182 182 182 182 233 3733 3734 3732 3732 3732 3732 3732 3723 3724 3714 3712 3712 3702 3694 3692 253 253 253 253 253 3073 3073 3073 3073 3073 3073 3073 3073 3613 3613 3613 3614 3612 3612 3083 3083 3083 3083 3604 3602
33 53 53 53 53 53 54 54 52 3824 62 73 73 73 73 73 73 73 73 73 93 3794 103 103 103 103 103 103 103 3784 113 113 113 133 133 3773 3773 3774 3772 163 163 163 3763 3764 3762 3762 3762 3753 3753 3754 3744 3742 3742 3742 182 182 233 3731 3731 3732 3732 3732 3732 3732 3724 3714 3712 3712 3712 3702 3694 3692 253 253 253 253 3073 3073 3073 3073 3073 3073 3073 3073 3613 3613 3613 3614 3612 3612 3612 3083 3083 3083 3601 3601
33 53 53 53 53 53 53 3854 52 52 3824 73 73 73 73 73 73 73 73 73 3793 3794 103 103 103 103 103 103 103 3783 3784 113 113 133 133 3773 3773 3774 3772 3772 163 163 3763 3764 3762 3762 3762 3762 3753 3753 3754 3744 3742 3742 3742 182 182 182 3731 3731 3732 3732 3732 3732 3724 3714 3712 3712 3712 3712 3702 3694 3692 253 253 253 253 3073 3073 3073 3073 3073 3073 3073 3613 3613 3613 3613 3614 3612 3612 3612 3083 3083 3601 3601
33 53 53 53 53 53 53 3874 3864 52 3824 73 73 73 73 73 73 73 73 73 3793 3794 103 103 103 103 103 103 103 3783 3783 3784 113 133 133 3773 3773 3774 3772 3772 3772 163 3763 3764 3762 3762 3762 3762 3762 3753 3754 3752 3744 3741 3741 182 182 182 3731 3731 3732 3732 3732 3732 3724 3714 3712 3712 3712 3712 3712 3702 3694 3692 253 253 253 253 3691 3073 3073 3073 3073 3073 3613 3613 3613 3613 3613 3614 3612 3612 3612 3083 3601 3601
33 53 53 53 53 53 3873 3874 3864 3862 3824 73 73 73 73 73 73 73 73 73 3793 3794 103 103 103 103 103 103 103 3783 3783 3784 3782 133 133 3773 3773 3774 3772 3772 3772 163 3763 3763 3764 3762 3762 3762 3762 3762 3753 3754 3741 3741 3741 182 182 182 3731 3731 3732 3732 3732 3732 3724 3714 3712 3712 3712 3712 3712 3712 3702 3694 3692 253 3691 3691 3691 3691 3691 3073 3073 3073 3073 3613 3613 3613 3613 3613 3614 3612 3612 3083 3601 3601
33 53 53 53 53 53 3873 3874 3864 3862 3824 3822 73 73 73 73 73 73 73 73 3793 3794 103 103 103 103 103 103 103 103 3783 3783 3784 3782 133 3773 3773 3774 3772 3772 3772 3772 3772 3763 3764 3762 3762 3762 3762 3762 3762 3754 3741 3741 3741 3741 182 182 3731 3731 3732 3732 3732 3732 3724 3713 3714 3712 3712 3712 3712 3712 3712 3702 3694 3694 3691 3691 3691 3691 3691 3691 3073 3073 3073 3073 3613 3613 3613 3613 3613 3614 3612 3083 3601 3601
33 53 53 53 53 53 3874 3861 3861 3862 3824 3822 73 73 73 73 73 73 73 73 3793 3793 3794 103 103 103 103 103 103 103 3783 3783 3784 3782 3782 3773 3773 3773 3774 3772 3772 3772 3772 3772 3764 3762 3762 3762 3762 3762 3762 3754 3752 3741 3741 3741 3741 182 3731 3731 3732 3732 3732 3732 3723 3724 3713 3714 3712 3712 3712 3712 3712 3712 3712 3712 3691 3691 3691 3691 3691 3691 3691 3073 3073 3073 3073 3613 3613 3613 3613 3614 3612 3612 3083 3601
33 53 53 53 53 3874 3861 3861 3861 3862 3823 3824 73 73 73 73 73 73 73 73 3793 3793 3793 3794 103 103 103 103 103 103 103 3783 3783 3784 3782 3773 3773 3773 3774 3772 3772 3772 3772 3772 3764 3762 3762 3762 3762 3762 3762 3753 3754 3752 3741 3741 3741 182 3731 3731 3731 3732 3732 3732 3723 3724 3722 3713 3714 3712 3712 3712 3712 3712 3712 3712 3691 3691 3691 3691 3691 3691 3691 3691 3073 3073 3073 3613 3613 3613 3613 3614 3612 3612 3612 3083
33 53 53 53 3873 3874 3861 3861 3861 3862 3823 3824 73 73 73 73 73 73 73 73 73 3793 3793 3793 3794 3804 3804 3804 3802 3802 3802 3783 3783 3783 3784 3773 3773 3773 3774 3772 3772 3772 3772 3772 3764 3762 3762 3762 3762 3762 3762 3762 3751 3751 3752 3741 3741 3741 182 3731 3731 3731 3732 3732 3723 3724 3722 3722 3714 3712 3712 3712 3712 3712 3712 3712 3712 3691 3691 3691 3691 3691 3691 3691 3691 3073 3073 3613 3613 3613 3613 3614 3612 3612 3612 3083
33 53 53 3873 3873 3874 3861 3861 3861 3862 3823 3823 3824 73 73 73 73 73 73 73 73 3793 3793 3793 3814 3792 3792 3804 3802 3802 3802 3802 3783 3783 3781 3781 3773 3773 3774 3772 3772 3772 3772 3772 3761 3761 3762 3762 3762 3762 3762 3762 3751 3751 3751 3741 3741 3741 3741 182 3731 3731 3731 3732 3732 3724 3722 3722 3713 3714 3712 3712 3712 3712 3712 3712 3712 3691 3691 3691 3691 3691 3691 3691 3691 3691 3073 3613 3613 3613 3613 3614 3612 3612 3612 3083
53 53 3873 3873 3874 3872 3861 3861 3861 3862 3823 3823 3823 3824 3822 73 73 73 73 73 3813 3813 3813 3814 3812 3792 3792 3804 3802 3802 3802 3802 3802 3783 3781 3781 3781 3773 3774 3772 3772 3772 3772 3772 3761 3761 3761 3762 3762 3762 3762 3762 3762 3751 3751 3751 3741 3741 3741 3741 182 3731 3731 3731 3732 3732 3724 3722 3722 3714 3712 3712 3712 3712 3712 3712 3712 3712 3691 3691 3691 3691 3691 3691 3691 3691 3073 3613 3613 3613 3613 3614 3612 3612 3612 3612
53 3873 3873 3874 3872 3872 3861 3861 3861 3862 3823 3823 3823 3844 3834 3832 3832 3832 3832 3813 3813 3814 3814 3812 3812 3792 3792 3804 3802 3802 3802 3802 3802 3783 3781 3781 3781 3781 3774 3772 3772 3772 3772 3772 3761 3761 3761 3761 3762 3762 3762 3762 3762 3762 3751 3751 3751 3741 3741 3741 3741 182 3731 3731 3731 3732 3723 3724 3722 3713 3714 3712 3712 3712 3712 3712 3712 3712 3712 3691 3691 3691 3691 3691 3691 3691 3073 3613 3613 3613 3613 3614 3612 3612 3612 3612
3873 3873 3874 3872 3872 3872 3861 3861 3862 3862 3823 3823 3823 3844 3833 3834 3832 3832 3832 3811 3814 3812 3812 3812 3812 3812 3792 3804 3802 3802 3802 3802 3802 3802 3781 3781 3781 3781 3781 3774 3772 3772 3772 3772 3761 3761 3761 3761 3761 3762 3762 3762 3762 3762 3751 3751 3751 3751 3741 3741 3741 3741 182 3731 3731 3731 3723 3721 3721 3722 3714 3712 3712 3712 3712 3712 3712 3712 3712 3712 3712 3691 3691 3691 3712 3712 3712 3613 3613 3613 3613 3614 3612 3612 3612 3612
3873 3874 3872 3872 3872 3872 3861 3861 3862 3823 3823 3823 3823 3844 3833 3834 3832 3832 3832 3811 3811 3812 3812 3812 3812 3812 3812 3803 3804 3802 3802 3802 3802 3802 3802 3781 3781 3781 3781 3781 3774 3772 3772 3772 3772 3761 3761 3761 3761 3761 3762 3762 3762 3762 3762 3751 3751 3751 3751 3741 3741 3741 3741 182 3731 3731 3731 3721 3721 3721 3722 3714 3712 3712 3712 3712 3712 3712 3712 3712 3712 3712 3712 3712 3712 3712 3712 3712 3712 3613 3613 3613 3614 3612 3612 3612
3873 3874 3872 3872 3872 3872 3861 3861 3862 3823 3823 3823 3844 3833 3833 3834 3832 3832 3832 3811 3811 3812 3812 3812 3812 3812 3812 3803 3801 3801 3802 3802 3802 3802 3802 3781 3781 3781 3781 3781 3774 3772 3772 3772 3772 3772 3761 3761 3761 3761 3761 3762 3762 3762 3762 3762 3751 3751 3751 3751 3741 3741 3741 182 182 3731 3731 3731 3721 3721 3721 3713 3714 3712 3712 3712 3712 3712 3712 3712 3712 3712 3712 3712 3712 3712 3712 3712 3712 3613 3613 3613 3613 3614 3614 3614
3871 3871 3872 3872 3872 3872 3861 3861 3862 3862 3823 3844 3833 3833 3831 3831 3832 3832 3832 3811 3811 3811 3812 3812 3812 3812 3812 3812 3801 3801 3801 3802 3802 3802 3802 3781 3781 3781 3781 3781 3774 3772 3772 3772 3772 3772 3772 3761 3761 3761 3761 3761 3762 3762 3762 3762 3751 3751 3751 3751 3751 3741 3741 3741 182 182 3731 3731 3731 3721 3721 3721 3713 3714 3714 3714 3714 3714 3714 3714 3712 3712 3712 3712 3712 3712 3712 3712 3712 3712 3613 3613 3613 3613 3613 3613
3871 3871 3871 3872 3872 3872 3861 3861 3862 3862 3823 3844 3833 3831 3831 3831 3832 3832 3832 3811 3811 3811 3811 3812 3812 3812 3812 3812 3801 3801 3801 3802 3802 3802 3802 3781 3781 3781 3781 3781 3773 3774 3772 3772 3772 3772 3772 3772 3761 3761 3761 3761 3761 3762 3762 3762 3762 3751 3751 3751 3751 3751 3741 3741 3741 182 182 3731 3731 3721 3721 3721 3721 3713 3713 3713 3713 3713 3713 3713 3714 3714 3714 3714 3714 3714 3714 3711 3712 3712 3613 3613 3613 3613 3613 3613
3871 3871 3871 3872 3872 3872 3861 3861 3862 3862 3823 3844 3842 3833 3831 3831 3832 3832 3832 3811 3811 3811 3811 3811 3812 3812 3812 3812 3801 3801 3801 3801 3802 3802 3802 3802 3781 3781 3781 3781 3773 3773 3774 3772 3772 3772 3772 3772 3772 3761 3761 3761 3761 3761 3762 3762 3762 3762 3751 3751 3751 3751 3751 3741 3741 3741 182 3731 3731 3721 3721 3721 3721 3713 3713 3713 3713 3713 3713 3713 3713 3713 3713 3713 3713 3713 3713 3711 3711 3712 3712 3613 3613 3613 3613 3613
3871 3871 3871 3872 3872 3872 3861 3861 3861 3862 3823 3844 3842 3842 3831 3831 3831 3832 3811 3811 3811 3811 3811 3811 3811 3812 3812 3812 3801 3801 3801 3801 3802 3802 3802 3802 3802 3781 3781 3781 3773 3773 3771 3771 3772 3772 3772 3772 3772 3772 3761 3761 3761 3761 3761 3762 3762 3762 3751 3751 3751 3751 3751 3751 3741 3741 3741 3731 3731 3721 3721 3721 3721 3713 3713 3713 3713 3713 3713 3713 3713 3713 3713 3713 3713 3713 3713 3713 3711 3711 3712 3712 3613 3613 3613 3613
