tests/fixtures/watershed_abstraction/mdobre-womanly-ascot/dem/topaz/SUBWTA.ARC
ncols   776
nrows   755
xllcorner  564333
yllcorner 5021478
cellsize   30.00
nodata_value     0.0
[rows 360 to 404 of 755, columns 384 to 479 of 776]
2901 2902 2881 2881 2872 2861 2861 2861 2861 2821 2821 2822 2793 2793 2811 2811 2811 2811 2812 2812 2803 2803 2803 2803 2803 2803 2803 2803 2803 2803 2801 2801 2801 2801 2801 2781 2781 2781 2781 2773 2773 2773 2773 2771 2771 2771 2771 2733 2733 2733 2733 2733 2733 2733 2733 2733 2734 2732 2732 2732 2732 923 923 923 923 923 923 923 923 923 923 923 923 923 923 2723 2724 933 933 973 973 973 974 984 982 982 982 982 982 992 994 993 1044 1043 1112 1112
2901 2901 2902 2881 2881 2872 2861 2861 2861 2861 2821 2822 2793 2811 2811 2811 2811 2811 2812 2812 2803 2803 2803 2803 2803 2803 2803 2803 2803 2803 2801 2801 2801 2801 2801 2781 2781 2781 2781 2781 2773 2773 2773 2771 2771 2771 2771 2733 2733 2733 2733 2733 2733 2733 2733 2733 2733 2734 2744 2742 2742 2741 923 923 923 923 923 923 923 923 923 923 923 923 2723 2724 2722 933 973 973 973 973 2714 972 984 984 982 982 982 994 1022 1032 1044 1112 1112 1112
2901 2901 2901 2902 2881 2881 2881 2881 2881 2881 2861 2822 2793 2811 2811 2811 2811 2811 2812 2812 2803 2803 2803 2803 2803 2803 2803 2803 2803 2803 2801 2801 2801 2801 2801 2781 2781 2781 2781 2781 2773 2773 2773 2771 2771 2771 2771 2733 2733 2733 2733 2733 2733 2733 2733 2733 2733 2754 2732 2744 2741 2741 2741 923 923 923 923 923 923 923 923 923 923 2723 2723 2724 2722 973 973 973 973 2713 2714 972 983 983 984 984 984 1024 1024 1034 1034 1114 1114 1114
2901 2901 2901 2901 2902 2881 2881 2881 2881 2881 2881 2861 2793 2811 2811 2811 2811 2811 2812 2812 2803 2803 2803 2803 2803 2803 2803 2803 2803 2803 2801 2801 2801 2801 2801 2781 2781 2781 2781 2781 2781 2773 2773 2771 2771 2771 2771 2733 2733 2733 2733 2733 2733 2733 2733 2733 2733 2754 2732 2732 2741 2741 2741 2741 923 923 923 923 923 923 923 923 2723 2723 2724 2722 973 973 973 973 2713 2713 2714 972 983 983 983 983 983 983 2664 1033 1033 1033 1113 1113
2901 2901 2901 2901 2902 2881 2881 2881 2881 2881 2881 2881 2793 2811 2811 2811 2811 2811 2812 2812 2803 2803 2803 2803 2803 2803 2803 2803 2803 2803 2801 2801 2801 2801 2801 2781 2781 2781 2781 2781 2781 2781 2773 2771 2771 2771 2733 2733 2733 2733 2733 2733 2733 2733 2733 2733 2733 2754 2732 2732 2732 2741 2741 2741 923 923 923 923 923 923 923 2723 2724 2724 2722 973 973 973 973 2713 2713 2713 2714 972 983 983 983 983 983 2704 2674 1033 1033 1033 1113 1113
2901 2901 2901 2901 2902 2881 2881 2881 2881 2881 2881 2881 2793 2811 2811 2811 2811 2811 2812 2812 2803 2803 2803 2803 2803 2803 2803 2803 2803 2803 2801 2801 2801 2801 2801 2781 2781 2781 2781 2781 2781 2781 2773 2771 2771 2733 2733 2733 2733 2733 2733 2733 2733 2733 2733 2733 2754 2752 2732 2732 2732 2741 2741 2741 923 923 923 923 923 923 2723 2724 2722 2722 973 973 973 973 973 2713 2713 2713 2714 972 983 983 983 983 2703 2704 2674 2672 1033 1033 1113 1113
2901 2901 2901 2901 2902 2881 2881 2881 2881 2881 2881 2881 2793 2811 2811 2811 2811 2811 2812 2812 2803 2803 2803 2803 2803 2803 2803 2803 2803 2803 2801 2801 2801 2801 2801 2781 2781 2781 2781 2781 2781 2773 2771 2771 2733 2733 2733 2733 2733 2733 2733 2733 2733 2733 2733 2754 2752 2752 2732 2732 2732 2741 2741 2741 923 923 923 923 923 2723 2724 2722 2722 973 973 973 973 973 2713 2713 2713 2713 2714 983 983 983 983 2703 2704 2702 2674 2672 2672 1033 1113 1113
2901 2901 2901 2901 2902 2902 2881 2881 2881 2881 2881 2881 2881 2793 2811 2811 2811 2812 2812 2803 2803 2803 2803 2803 2803 2803 2803 2803 2803 2803 2801 2801 2801 2801 2801 2801 2781 2781 2781 2781 2781 2771 2771 2733 2733 2733 2733 2733 2733 2733 2733 2733 2733 2733 2751 2751 2752 2752 2732 2732 2732 2741 2741 2741 923 923 923 923 2723 2724 2722 2722 973 973 973 973 973 2713 2713 2713 2713 2714 2712 983 983 983 2703 2704 2702 2702 2694 2684 2672 2672 1033 1113
2901 2901 2901 2901 2902 2902 2902 2881 2881 2881 2881 3142 3142 3142 3142 3142 3142 3142 2803 2803 2803 2803 2803 2803 2803 2803 2803 2803 2803 2803 2801 2801 2801 2801 2801 2801 2801 2781 3142 3142 3142 3142 3142 3142 2733 2733 2733 2733 2733 2733 2733 2733 2733 2751 2751 2751 2752 2752 2732 2732 2732 2741 2741 2741 923 923 923 2723 2724 2722 2722 973 973 973 973 973 2713 2713 2713 2713 2711 2711 2712 983 983 2703 2704 2702 2702 2702 2694 2684 2672 2672 2672 1033
2901 2901 2901 2901 2902 2902 2902 2881 2881 2881 3142 3142 3142 3142 3142 3142 3142 3142 3142 3142 3142 3142 3142 3142 2803 2803 2803 2803 2803 2803 2803 2801 3142 3142 3142 3142 3142 3142 3142 3142 3142 3142 3142 3142 2733 2733 2733 2733 2733 2733 2733 2733 2751 2751 2751 2752 2752 2752 2732 2732 2732 2741 2741 2741 2741 923 2723 2724 2722 2722 973 973 973 973 973 2713 2713 2713 2713 2711 2711 2711 983 983 2703 2701 2701 2702 2702 2702 2694 2684 2672 2672 2672 2672
2901 2901 2901 2901 2902 2902 3142 3142 3142 3142 3142 3142 3142 3142 3142 3142 3142 3142 3142 3142 3142 3142 3142 3142 3142 3142 3142 3142 3142 3142 3142 3142 3142 3142 3142 3142 3142 3142 3142 3142 3142 3142 3142 3142 2733 2733 2733 2733 2733 2733 2733 2751 2751 2751 2752 2752 2752 2732 2732 2732 2732 2741 2741 2741 2741 923 2724 2722 2722 973 973 973 973 973 2713 2713 2713 2713 2711 2711 2711 983 983 2703 2701 2701 2701 2702 2702 2693 2694 2684 2672 2672 2672 2672
3132 3132 3132 3132 3132 3132 3132 3142 3142 3142 3142 3142 3142 3142 3142 3142 3142 3142 3142 3142 3142 3142 3142 3142 3142 3142 3142 3142 3142 3142 3142 3142 3142 3142 3142 3142 3142 3142 3142 3142 3142 3142 3142 3142 2733 2733 2733 2733 2733 2733 2751 2751 2751 2751 2752 2752 2732 2732 2732 2732 2732 2741 2741 2741 2741 923 2724 2722 973 973 973 973 973 2713 2713 2713 2713 2711 2711 2711 983 983 2703 2701 2701 2701 2701 2702 2693 2691 2691 2684 2672 2672 2672 2672
3132 3132 3132 3132 3132 3132 3132 3142 3142 3142 3142 3142 3142 3142 3142 3142 3142 3142 3142 3142 3142 3142 3142 3142 3142 3142 3142 3142 3142 3142 3142 3142 3142 3142 3142 3142 3142 3142 3142 3142 3142 3142 3142 3142 2733 2733 2733 2733 2733 2751 2751 2751 2751 2751 2752 2732 2732 2732 2732 2732 2741 2741 2741 2741 923 2721 2721 2722 973 973 973 973 2713 2713 2713 2713 2711 2711 2711 983 983 2703 2701 2701 2701 2701 2701 2693 2691 2691 2691 2684 2672 2672 2672 2672
3132 3132 3132 3132 3132 3132 3132 3142 3142 3142 3142 3142 3142 3142 3142 3142 3142 3142 3142 3142 3142 3142 3142 3142 3142 3142 3142 3142 3142 3142 3142 3142 3142 3142 3142 3142 3142 3142 3142 3142 3142 3142 3142 3142 2733 2733 2733 2733 2751 2751 2751 2751 2751 2751 2752 2732 2732 2732 2732 2732 2741 2741 2741 923 2721 2721 2721 2722 973 973 973 2713 2713 2713 2713 2711 2711 2711 983 983 2703 2701 2701 2701 2701 2701 2693 2691 2691 2691 2691 2684 2672 2672 2672 2672
3132 3132 3132 3132 3132 3132 3132 3142 3142 3142 3142 3142 3142 3142 3142 3142 3142 3142 3142 3142 3142 3144 3144 3144 3144 3144 3144 3144 3142 3142 3142 3142 3142 3142 3142 3142 3142 3142 3142 3142 3142 3142 3142 3142 3142 2733 2733 2751 2751 2751 2751 2751 2751 2751 2752 2732 2732 2732 2732 2741 2741 2741 923 2721 2721 2721 2721 2722 973 973 2713 2713 2713 2713 2711 2711 2711 983 983 2703 2701 2701 2701 2701 2701 2701 2691 2691 2691 2691 2691 2684 2672 2672 2672 2651
3132 3132 3132 3132 3132 3132 3132 3132 3142 3142 3142 3142 3142 3142 3144 3144 3144 3144 3144 3144 3144 3143 3143 3143 3143 3143 3143 3143 3144 3144 3144 3142 3142 3142 3142 3142 3142 3142 3142 3142 3142 3142 3142 3142 3142 2733 2751 2751 2751 2751 2751 2751 2751 2751 2752 2732 2732 2732 2741 2741 2741 923 2721 2721 2721 2721 2721 2722 973 2713 2713 2713 2713 2711 2711 2711 983 983 983 2701 2701 2701 2701 2701 2701 2691 2691 2691 2691 2691 2691 2684 2672 2672 2651 2651
3132 3132 3132 3132 3132 3132 3132 3132 3144 3144 3144 3144 3144 3144 3143 3143 3143 3143 3143 3143 3143 3143 3143 3143 3143 3143 3143 3143 3143 3143 3143 3144 3142 3142 3142 3142 3142 3142 3142 3142 3142 3142 3142 3142 3162 2751 2751 2751 2751 2751 2751 2751 2751 2751 2752 2732 2732 2741 2741 2741 923 2721 2721 2721 2721 2721 2721 2722 973 2713 2713 2713 2711 2711 2711 983 983 983 2701 2701 2701 2701 2701 2701 2691 2691 2691 2691 2691 2691 2683 2684 2672 2672 2651 2651
3132 3132 3132 3132 3132 3132 3134 3134 3294 3143 3143 3143 3143 3143 3143 3143 3143 3143 3143 3143 3143 3143 3143 3143 3143 3143 3143 3143 3143 3143 3143 3143 3144 3144 3142 3142 3142 3142 3142 3142 3142 3152 3162 3162 3162 3162 3162 2751 2751 2751 2751 2751 2751 2752 2752 2732 2741 2741 2741 923 2721 2721 2721 2721 2721 2721 2721 2722 973 2713 2713 2711 2711 2711 983 983 983 2701 2701 2701 2701 2701 2701 2691 2691 2691 2691 2691 2691 2683 2683 2684 2672 2651 2651 2652
3132 3132 3132 3134 3134 3134 3133 3133 3133 3294 3143 3143 3143 3143 3143 3143 3143 3143 3143 3143 3143 3143 3143 3143 3143 3143 3143 3143 3143 3143 3143 3143 3143 3143 3144 3142 3142 3142 3142 3152 3152 3162 3162 3162 3162 3162 3162 3162 3162 3162 2751 2751 2752 2752 2732 2741 2741 2741 923 923 2721 2721 2721 2721 2721 2721 2721 2722 973 2713 2711 2711 2711 2711 983 983 983 2701 2701 2701 2701 2701 2691 2691 2691 2691 2691 2691 2683 2683 2681 2681 2651 2651 2651 2652
3134 3134 3134 3133 3133 3133 3133 3133 3133 3133 3294 3143 3143 3143 3143 3143 3143 3143 3143 3143 3143 3143 3143 3143 3143 3143 3143 3143 3143 3143 3143 3143 3143 3143 3143 3144 3142 3142 3152 3152 3162 3162 3162 3162 3162 3162 3162 3162 3162 3162 3162 3162 2752 2732 2741 2741 2741 2741 923 923 2721 2721 2721 2721 2721 2721 2721 2722 973 2713 2711 2711 2711 2711 983 983 983 2701 2701 2701 2701 2691 2691 2691 2691 2691 2691 2683 2683 2681 2681 2681 2651 2651 2651 2652
3133 3133 3133 3133 3133 3133 3133 3133 3133 3133 3294 3292 3143 3143 3143 3143 3143 3143 3143 3143 3143 3143 3143 3143 3143 3143 3143 3143 3143 3143 3143 3143 3143 3143 3143 3144 3142 3152 3152 3152 3162 3162 3162 3162 3162 3162 3162 3162 3162 3162 3162 3162 3162 3162 2741 2741 2741 923 923 923 2721 2721 2721 2721 2721 2721 2721 2722 973 2713 2711 2711 2711 2711 983 983 983 2701 2701 2701 2691 2691 2691 2691 2691 2691 2683 2683 2681 2681 2681 2681 2651 2651 2651 2652
3133 3133 3133 3133 3133 3133 3133 3133 3133 3133 3293 3294 3292 3143 3143 3143 3143 3143 3143 3143 3143 3143 3143 3143 3143 3143 3143 3143 3143 3143 3143 3143 3143 3143 3143 3143 3144 3154 3152 3152 3162 3162 3162 3162 3162 3162 3162 3162 3162 3162 3162 3162 3162 3162 3162 3162 923 923 923 923 2721 2721 2721 2721 2721 2721 2721 973 2713 2711 2711 2711 2711 2711 983 983 983 2701 2701 2691 2691 2691 2691 2691 2691 2683 2683 2681 2681 2681 2681 2681 2651 2651 2651 2643
3133 3133 3133 3133 3133 3133 3133 3133 3133 3133 3293 3334 3304 3292 3292 3292 3143 3143 3143 3143 3143 3143 3143 3143 3143 3143 3143 3143 3143 3143 3143 3143 3143 3143 3143 3143 3143 3284 3154 3164 3162 3162 3162 3162 3162 3162 3162 3162 3162 3162 3162 3162 3162 3162 3162 3162 3172 923 923 923 923 2721 2721 2721 2721 2721 2721 2713 2711 2711 2711 2711 2711 2711 983 983 983 2701 2701 2691 2691 2691 2691 2691 2683 2683 2681 2681 2681 2681 2681 2681 2651 2651 2651 2641
3342 3342 3133 3133 3133 3133 3133 3133 3133 3133 3293 3333 3334 3304 3302 3302 3302 3302 3302 3302 3312 3312 3312 3312 3143 3143 3143 3143 3143 3143 3143 3143 3143 3143 3143 3143 3143 3284 3153 3274 3164 3164 3164 3164 3164 3164 3164 3164 3164 3164 3164 3162 3162 3162 3162 3162 3172 3172 3172 923 923 923 923 923 923 923 2721 2713 2711 2711 2711 2711 2711 2711 983 983 983 2701 2701 2691 2691 2691 2691 2683 2683 2681 2681 2681 2681 2681 2681 2651 2651 2651 2641 2642
3344 3342 3342 3342 3342 3342 3133 3133 3133 3133 3293 3333 3334 3303 3304 3302 3302 3302 3312 3312 3312 3312 3312 3312 3312 3312 3143 3143 3143 3143 3143 3143 3143 3143 3143 3143 3143 3281 3153 3274 3163 3163 3163 3163 3163 3163 3163 3163 3163 3163 3163 3164 3164 3164 3162 3172 3172 3172 3172 3172 3172 3172 3172 3172 3172 3172 3172 2721 2711 2711 2711 2711 2711 2711 983 983 983 2701 2701 2691 2691 2691 2683 2683 2681 2681 2681 2681 2681 2681 2651 2651 2651 2641 2642 2642
3123 3344 3342 3342 3342 3342 3342 3342 3133 3133 3333 3333 3333 3334 3303 3304 3314 3314 3314 3314 3314 3314 3314 3314 3312 3312 3312 3312 3143 3143 3143 3143 3143 3143 3143 3143 3281 3281 3153 3274 3163 3163 3163 3163 3163 3163 3163 3163 3163 3163 3163 3163 3163 3163 3164 3174 3172 3172 3172 3172 3172 3172 3182 3182 3182 3182 3182 3182 3182 2711 2711 2711 2711 2711 983 983 983 2701 2701 2691 2691 2683 2683 2681 2681 2681 2681 2681 2681 2651 2651 2651 2641 2642 2642 2632
3123 3123 3344 3354 3352 3352 3352 3352 3352 3352 3352 3333 3333 3333 3334 3303 3324 3322 3322 3322 3322 3322 3322 3313 3314 3314 3314 3312 3312 3143 3143 3143 3143 3143 3143 3143 3281 3281 3153 3274 3163 3163 3163 3163 3163 3163 3163 3163 3163 3163 3163 3163 3163 3163 3163 3264 3174 3172 3172 3172 3172 3182 3182 3182 3182 3182 3182 3182 3182 3182 3182 3182 2711 2711 983 983 983 2701 2701 2691 2691 2683 2681 2681 2681 2681 2681 2681 2651 2651 2651 2641 2642 2642 2642 2632
3123 3123 3123 3364 3354 3352 3352 3352 3352 3352 3352 3352 3333 3333 3333 3334 3303 3324 3324 3324 3324 3324 3322 3322 3313 3313 3313 3314 3312 3312 3143 3143 3143 3143 3143 3281 3281 3281 3153 3274 3163 3163 3163 3163 3163 3163 3163 3163 3163 3163 3163 3163 3163 3163 3163 3263 3264 3174 3172 3172 3182 3182 3182 3182 3182 3182 3182 3182 3182 3182 3182 3182 3192 3192 3192 3192 983 2701 2691 2691 2691 2683 2681 2681 2681 2681 2681 2651 2651 2651 2641 2641 2642 2642 2642 2632
3123 3123 3123 3363 3364 3354 3351 3351 3351 3351 3351 3352 3352 3333 3333 3334 3332 3303 3323 3323 3323 3323 3324 3322 3313 3313 3313 3311 3311 3312 3312 3143 3143 3143 3281 3281 3281 3153 3153 3274 3163 3163 3163 3163 3163 3163 3163 3163 3163 3163 3163 3163 3163 3163 3263 3263 3264 3254 3184 3184 3182 3182 3182 3182 3182 3182 3182 3182 3182 3182 3182 3192 3192 3192 3192 3192 3191 3191 2691 2691 2691 2683 2681 2681 2681 2681 2651 2651 2651 2641 2641 2641 2642 2642 2642 2632
3123 3123 3123 3363 3363 3364 3351 3351 3351 3351 3351 3351 3352 3333 3333 3331 3331 3332 3303 3323 3323 3323 3323 3324 3322 3313 3313 3313 3311 3311 3312 3312 3143 3281 3281 3281 3153 3153 3274 3272 3163 3163 3163 3163 3163 3163 3163 3163 3163 3163 3163 3163 3163 3263 3263 3263 3264 3254 3183 3183 3184 3184 3184 3182 3182 3182 3182 3182 3182 3192 3192 3192 3192 3192 3192 3191 3191 3191 3191 3191 2691 2683 2681 2681 2681 2651 2651 2651 2641 2641 2641 2641 2642 2642 2642 2632
3123 3123 3123 3363 3363 3364 3351 3351 3351 3351 3351 3351 3351 3333 3333 3331 3331 3331 3332 3303 3323 3323 3323 3324 3322 3313 3313 3313 3311 3311 3311 3312 3312 3281 3281 3153 3153 3273 3274 3272 3163 3163 3163 3163 3163 3163 3163 3163 3163 3163 3163 3163 3263 3263 3263 3264 3262 3254 3183 3183 3183 3183 3183 3184 3182 3182 3182 3182 3192 3192 3192 3192 3192 3192 3191 3191 3191 3191 3191 3191 3191 3191 2681 2681 2651 2651 2651 2641 2641 2641 2641 2641 2642 2642 2632 2632
3123 3123 3123 3363 3363 3364 3351 3351 3351 3351 3351 3351 3351 3333 3333 3331 3331 3331 3332 3332 3303 3323 3323 3324 3322 3313 3313 3313 3311 3311 3311 3311 3312 3281 3281 3153 3273 3273 3274 3272 3163 3163 3163 3163 3163 3163 3163 3163 3163 3163 3163 3263 3263 3263 3263 3264 3262 3254 3183 3183 3183 3183 3183 3183 3184 3182 3182 3192 3192 3192 3192 3192 3192 3191 3191 3191 3191 3191 3191 3191 3191 3191 3191 2651 2651 2651 2641 2641 2641 2641 2641 2641 2642 2632 2632 2632
3123 3123 3123 3363 3363 3364 3351 3351 3351 3351 3351 3351 3351 3333 3333 3331 3331 3331 3332 3332 3332 3303 3323 3324 3322 3313 3313 3313 3311 3311 3311 3311 3312 3281 3281 3273 3273 3273 3274 3272 3272 3163 3163 3163 3163 3163 3163 3163 3163 3163 3263 3263 3263 3263 3263 3264 3262 3254 3183 3183 3183 3183 3183 3183 3183 3184 3194 3194 3194 3194 3194 3194 3194 3191 3191 3191 3191 3191 3191 3191 3191 3191 3191 3191 2651 2641 2641 2641 2641 2641 2641 2641 2642 2632 2632 2632
3123 3123 3123 3363 3363 3364 3351 3351 3351 3351 3351 3351 3351 3333 3333 3331 3331 3331 3332 3332 3332 3332 3303 3324 3322 3313 3313 3313 3311 3311 3311 3311 3312 3281 3281 3273 3273 3273 3274 3272 3272 3272 3163 3163 3163 3163 3163 3163 3163 3263 3263 3263 3263 3263 3263 3264 3262 3254 3183 3183 3183 3183 3183 3183 3183 3204 3182 3182 3182 3182 3182 3182 3182 3182 3182 3182 3182 3191 3191 3191 3191 3191 3191 3191 3191 2641 2641 2641 2641 2641 2641 2641 2632 2632 2632 2632
3123 3123 3123 3363 3363 3364 3351 3351 3351 3351 3351 3351 3351 3333 3333 3331 3331 3331 3332 3332 3332 3332 3303 3321 3321 3322 3313 3313 3311 3311 3311 3311 3312 3281 3281 3273 3273 3273 3274 3272 3272 3272 3272 3163 3163 3163 3163 3163 3263 3263 3263 3263 3263 3263 3263 3264 3262 3254 3183 3183 3183 3183 3183 3183 3183 3203 3204 3182 3182 3182 3182 3182 3182 3182 3182 3182 3182 3182 3191 3191 3191 3191 3191 3191 3191 3191 2641 2641 2641 2641 2641 2641 2632 2632 2632 2621
3123 3123 3123 3363 3363 3364 3351 3351 3351 3351 3351 3351 3351 3333 3333 3331 3331 3331 3332 3332 3332 3332 3303 3321 3321 3321 3322 3313 3311 3311 3311 3311 3312 3281 3281 3273 3273 3273 3273 3274 3272 3272 3272 3272 3163 3163 3163 3263 3263 3263 3263 3263 3263 3263 3263 3264 3262 3254 3183 3183 3183 3183 3183 3183 3203 3203 3244 3214 3212 3212 3182 3182 3182 3182 3182 3182 3182 3182 3182 3191 3191 3191 3191 3191 3191 3191 3191 2641 2641 2641 2641 2641 2632 2632 2621 2621
3123 3123 3123 3363 3363 3364 3351 3351 3351 3351 3351 3351 3351 3333 3333 3331 3331 3331 3332 3332 3332 3332 3303 3321 3321 3321 3321 3322 3311 3311 3311 3311 3312 3281 3281 3273 3273 3273 3273 3273 3274 3272 3272 3272 3272 3163 3263 3263 3263 3263 3263 3263 3263 3263 3261 3261 3262 3254 3183 3183 3183 3183 3203 3203 3203 3243 3244 3214 3212 3212 3212 3182 3182 3182 3182 3182 3182 3182 3182 3212 3212 3191 3191 3212 3212 3191 3191 3191 3191 2641 2641 2632 2632 2621 2621 2621
3123 3123 3123 3363 3363 3364 3362 3351 3351 3351 3351 3351 3351 3333 3331 3331 3331 3331 3332 3332 3332 3332 3303 3321 3321 3321 3321 3321 3322 3311 3311 3311 3312 3281 3281 3273 3273 3273 3273 3273 3273 3274 3272 3272 3272 3272 3263 3263 3263 3263 3263 3263 3263 3261 3261 3261 3262 3254 3183 3183 3183 3203 3203 3203 3243 3244 3242 3214 3212 3212 3212 3212 3212 3212 3212 3212 3212 3212 3212 3212 3212 3212 3212 3212 3212 3212 3212 3212 3212 3212 3212 2632 2621 2621 2621 2621
3123 3123 3123 3363 3363 3364 3362 3362 3351 3351 3351 3351 3351 3333 3331 3331 3331 3331 3332 3332 3332 3332 3303 3321 3321 3321 3321 3321 3322 3311 3311 3311 3312 3281 3281 3273 3273 3273 3273 3273 3273 3273 3274 3272 3272 3272 3272 3263 3263 3263 3263 3263 3261 3261 3261 3261 3262 3254 3183 3203 3203 3203 3203 3243 3244 3242 3213 3213 3214 3212 3212 3212 3212 3212 3212 3212 3212 3212 3212 3212 3212 3212 3212 3212 3212 3212 3212 3212 3212 3212 3212 3212 2621 2621 2621 2621
3382 3382 3382 3363 3363 3363 3364 3362 3362 3351 3351 3351 3351 3333 3331 3331 3331 3331 3332 3332 3332 3332 3303 3321 3321 3321 3321 3321 3322 3311 3311 3311 3312 3281 3281 3273 3273 3273 3273 3273 3273 3273 3274 3272 3272 3272 3272 3263 3263 3263 3263 3261 3261 3261 3261 3261 3254 3183 3203 3203 3203 3203 3243 3244 3242 3213 3213 3213 3213 3214 3214 3212 3212 3212 3212 3212 3212 3212 3212 3212 3212 3212 3212 3212 3212 3212 3212 3212 3212 3212 3212 3222 3222 3222 2621 2621
3382 3382 3382 3382 3382 3382 3363 3364 3362 3362 3362 3362 3361 3361 3361 3331 3331 3331 3331 3332 3332 3332 3303 3321 3321 3321 3321 3321 3322 3311 3311 3311 3312 3281 3281 3273 3273 3273 3273 3273 3273 3273 3273 3274 3272 3272 3272 3272 3263 3263 3261 3261 3261 3261 3261 3251 3251 3203 3203 3203 3203 3243 3244 3242 3213 3213 3213 3213 3213 3213 3213 3214 3212 3212 3212 3212 3212 3212 3212 3212 3212 3212 3212 3212 3212 3212 3212 3212 3212 3212 3222 3222 3222 3222 3222 2611
3382 3382 3382 3382 3382 3382 3382 3363 3364 3364 3364 3361 3361 3361 3361 3361 3361 3331 3331 3331 3332 3332 3303 3321 3321 3321 3321 3321 3322 3311 3311 3311 3312 3281 3281 3273 3273 3273 3273 3273 3273 3273 3273 3271 3271 3272 3272 3272 3263 3261 3261 3261 3261 3261 3251 3251 3251 3203 3203 3203 3243 3244 3242 3213 3213 3213 3213 3213 3213 3213 3213 3213 3214 3212 3212 3212 3212 3212 3212 3212 3212 3212 3212 3212 3212 3212 3212 3212 3212 3222 3222 3222 3222 3222 3222 3222
3384 3381 3381 3381 3381 3382 3382 3382 3363 3363 3363 3361 3361 3361 3361 3361 3361 3361 3331 3331 3331 3332 3303 3321 3321 3321 3321 3321 3322 3311 3311 3311 3312 3281 3281 3273 3273 3273 3273 3273 3273 3273 3273 3271 3271 3271 3272 3272 3261 3261 3261 3261 3261 3251 3251 3251 3251 3203 3203 3243 3243 3244 3242 3213 3213 3213 3213 3213 3213 3213 3213 3213 3213 3214 3214 3214 3214 3214 3214 3212 3212 3212 3212 3212 3212 3212 3212 3212 3222 3222 3222 3222 3222 3222 3222 3222
3383 3381 3381 3381 3381 3381 3382 3382 3363 3363 3363 3363 3361 3361 3361 3361 3361 3361 3361 3331 3331 3331 3332 3321 3321 3321 3321 3321 3322 3311 3311 3311 3312 3281 3281 3273 3273 3273 3273 3273 3273 3273 3273 3271 3271 3271 3271 3272 3261 3261 3261 3261 3251 3251 3251 3251 3251 3203 3243 3243 3243 3244 3242 3213 3213 3213 3213 3213 3213 3213 3213 3213 3213 3213 3213 3213 3213 3213 3213 3214 3214 3214 3212 3212 3212 3212 3212 3222 3222 3222 3222 3222 3222 3222 3222 3222
3383 3381 3381 3381 3381 3381 3381 3382 3363 3363 3363 3363 3361 3361 3361 3361 3361 3361 3361 3361 3331 3331 3331 3332 3321 3321 3321 3321 3322 3311 3311 3311 3312 3281 3281 3273 3273 3273 3273 3273 3273 3273 3273 3271 3271 3271 3271 3272 3261 3261 3261 3251 3251 3251 3251 3251 3203 3243 3243 3243 3241 3241 3242 3213 3213 3213 3213 3213 3213 3213 3213 3213 3213 3213 3213 3213 3213 3213 3213 3213 3213 3213 3214 3212 3212 3212 3222 3222 3222 3222 3222 3222 3222 3222 3222 3222
