tests/fixtures/watershed_abstraction/mdobre-womanly-ascot/dem/topaz/SUBWTA.ARC
ncols   776
nrows   755
xllcorner  564333
yllcorner 5021478
cellsize   30.00
nodata_value     0.0
[rows 315 to 359 of 755, columns 288 to 383 of 776]
0 0 0 0 0 0 0 0 0 0 0 0 0 0 0 0 0 0 0 0 0 0 0 0 0 0 0 0 0 0 0 0 0 311 311 311 351 351 351 351 351 351 351 351 354 351 351 351 353 353 0 0 0 362 362 362 0 0 0 0 0 362 362 362 362 362 362 362 362 372 372 372 372 372 371 371 371 373 373 373 411 411 411 411 411 411 413 422 422 422 421 421 423 432 452 452
0 0 0 0 0 0 0 0 0 0 0 0 0 0 0 0 0 0 0 0 0 0 0 0 0 0 0 0 0 0 0 0 0 311 311 311 311 351 351 351 351 351 351 352 354 353 353 353 353 353 362 362 362 362 362 362 362 362 362 362 362 362 362 362 362 362 362 362 362 362 362 372 372 372 372 371 371 373 373 373 411 411 411 411 411 411 413 422 422 421 421 423 423 432 442 452
0 0 0 0 0 0 0 0 0 0 0 0 0 0 0 0 0 0 0 0 0 0 0 0 0 0 0 0 0 0 0 0 0 311 311 311 311 311 351 351 351 351 351 352 352 354 353 353 353 353 362 362 362 362 362 362 362 362 362 362 362 362 362 362 362 362 362 362 362 362 362 362 372 372 372 372 374 373 373 373 411 411 411 411 411 411 413 422 421 421 423 423 432 432 442 442
0 0 0 0 0 0 0 0 0 0 0 0 0 0 0 0 0 0 0 0 0 0 0 0 0 0 0 0 0 0 0 0 0 311 311 311 311 311 311 351 351 351 351 352 352 352 354 353 353 353 362 362 362 362 362 362 362 362 362 362 362 362 362 362 362 362 362 362 362 362 362 362 362 372 372 372 374 373 373 373 411 411 411 411 411 414 413 422 424 423 423 432 432 432 442 442
0 0 0 0 0 0 0 0 0 0 0 0 0 0 0 0 0 0 0 0 0 0 0 0 0 0 0 0 0 0 0 0 0 311 311 311 311 311 311 311 311 351 342 342 342 352 352 354 353 353 362 362 362 362 362 362 362 362 362 362 362 362 362 362 362 362 362 362 362 362 362 362 362 362 372 372 374 373 373 373 382 412 412 412 412 412 414 422 424 423 432 432 432 432 442 442
0 0 0 0 0 0 0 0 0 0 0 0 0 0 0 0 0 0 0 0 0 0 0 0 0 0 0 0 0 0 0 0 0 311 311 311 311 311 311 311 311 311 342 342 342 352 352 352 354 353 353 362 362 362 362 362 362 362 362 362 362 362 362 362 362 362 362 362 362 362 362 362 362 362 362 372 374 373 373 382 382 392 412 412 412 412 412 414 424 423 432 432 432 432 442 442
0 0 0 0 0 0 0 0 0 0 0 0 0 0 0 0 0 0 0 0 0 0 0 0 0 0 0 0 0 0 0 0 0 311 311 311 311 311 311 311 311 342 342 342 342 352 352 352 352 354 353 353 362 362 362 362 362 362 362 362 362 362 362 362 362 362 362 362 362 362 362 362 362 362 362 372 374 373 382 382 382 392 392 392 392 412 412 412 414 424 432 432 432 442 442 442
0 0 0 0 0 0 0 0 0 0 0 0 0 0 0 0 0 0 0 0 0 0 0 0 0 0 0 0 0 0 0 0 0 311 311 311 311 311 311 311 311 342 342 342 342 342 352 352 352 352 354 353 362 362 362 362 362 362 362 362 362 362 362 362 362 362 362 362 362 362 362 362 362 362 362 372 374 373 382 382 382 392 392 392 392 392 392 392 402 404 432 432 432 442 442 442
0 0 0 0 0 0 0 0 0 0 0 0 0 0 0 0 0 0 0 0 0 0 0 0 0 0 0 0 0 0 0 0 0 311 311 314 311 311 311 311 311 322 322 342 342 342 342 352 352 352 354 353 362 362 362 362 362 362 362 362 362 362 362 362 362 362 362 362 362 362 362 362 362 362 362 362 372 374 382 382 382 392 392 392 392 392 392 392 392 404 432 432 432 442 442 442
0 0 0 0 0 0 0 0 0 0 0 0 0 0 0 0 0 0 0 0 0 0 0 0 0 0 0 0 0 0 0 0 0 311 312 314 313 313 313 322 322 322 322 322 342 342 342 342 352 352 352 354 362 362 362 362 362 362 362 362 362 362 362 362 362 362 362 362 362 362 362 362 362 362 362 362 362 374 382 382 382 392 392 392 392 392 392 392 392 404 432 432 442 442 442 442
0 0 0 0 0 0 0 0 0 0 0 0 0 0 0 0 0 0 0 0 0 0 0 0 0 0 0 0 0 0 0 0 0 0 312 312 314 313 322 322 322 322 322 322 322 342 342 342 342 352 352 354 362 362 362 362 362 362 362 362 362 362 362 362 362 362 362 362 362 362 362 362 362 362 362 362 362 374 382 382 382 392 392 392 392 392 392 392 394 434 434 434 444 444 444 444
0 0 0 0 0 0 0 0 0 0 0 0 0 0 0 0 0 0 0 0 0 0 0 0 0 0 0 0 0 0 0 0 0 0 312 312 314 322 322 322 322 322 322 322 322 322 342 342 342 342 352 354 362 362 362 362 362 362 362 362 364 364 364 364 364 364 362 362 362 362 362 362 362 362 362 362 362 374 382 382 382 392 392 392 392 392 392 394 393 393 433 433 2834 2834 2832 443
0 0 0 0 0 0 0 0 0 0 0 0 0 0 0 0 0 0 0 0 0 0 0 0 0 0 0 0 0 0 0 0 0 0 302 302 302 314 322 322 322 322 322 322 322 322 322 342 342 342 342 354 364 364 364 364 364 364 364 364 363 363 363 363 363 363 364 364 364 364 362 362 362 362 362 362 362 374 382 382 382 392 392 392 392 392 394 393 393 393 433 433 2833 2833 2834 2832
0 0 0 0 0 0 0 0 0 0 0 0 0 0 0 0 0 0 0 0 0 0 0 0 0 0 0 0 0 0 0 0 0 0 302 302 302 302 314 322 322 322 322 322 322 322 322 322 342 342 342 344 343 363 363 363 363 363 363 363 363 363 363 363 363 363 363 363 363 363 364 364 364 362 362 362 362 374 382 382 382 392 392 392 394 394 393 393 393 393 433 433 2833 2833 2833 2834
0 0 0 0 0 0 0 0 0 0 0 0 0 0 0 0 0 0 0 0 0 0 0 0 0 0 0 0 0 0 0 0 0 302 302 302 302 302 302 314 322 322 322 322 322 322 322 322 322 342 342 344 343 343 363 363 363 363 363 363 363 363 363 363 363 363 363 363 363 363 363 363 363 364 364 364 364 374 384 384 384 394 394 394 393 393 393 393 393 393 433 433 2833 2833 2833 2833
0 0 0 0 0 0 0 0 0 0 0 0 0 0 0 0 0 0 0 0 0 0 0 0 0 0 0 0 0 0 0 0 0 302 302 302 302 302 302 302 314 322 322 322 322 322 322 322 322 322 322 344 343 343 343 363 363 363 363 363 363 363 363 363 363 363 363 363 363 363 363 363 363 363 363 363 363 384 383 383 2844 393 393 393 393 393 393 393 393 393 433 433 2833 2833 2833 2833
0 0 0 0 0 0 0 0 0 0 0 0 0 0 0 0 0 0 0 0 0 0 0 0 0 0 0 0 0 0 0 302 302 302 302 302 302 302 302 302 302 314 322 322 322 322 322 322 322 324 324 2934 2932 343 343 343 363 363 363 363 363 363 363 363 363 363 363 363 363 363 363 363 363 363 363 363 363 383 383 383 2844 393 393 393 393 393 393 393 393 393 433 433 2833 2833 2833 2833
0 0 0 0 0 0 0 0 0 0 0 0 0 0 0 0 0 0 0 0 0 0 0 0 0 0 0 0 0 0 302 302 302 302 302 302 302 302 302 302 302 302 314 322 322 322 322 322 324 323 3024 2934 2932 2932 343 343 343 363 363 363 363 363 363 363 363 363 363 363 363 363 363 363 363 363 363 363 363 383 383 383 2844 393 393 393 393 393 393 393 393 393 433 433 2833 2833 2833 2833
0 0 0 0 0 0 0 0 0 0 0 0 0 0 0 0 0 0 0 0 0 0 0 0 0 0 0 0 302 302 302 302 302 302 302 302 302 302 302 302 302 302 302 314 322 322 322 324 323 323 3023 3024 2934 2932 2932 343 343 343 363 363 363 363 363 363 363 363 363 363 363 363 363 363 363 363 363 363 363 383 383 383 2844 2842 393 393 393 393 393 393 393 393 433 433 2833 2833 2833 2833
0 0 0 0 0 0 0 0 0 0 0 0 0 0 0 0 0 0 0 0 0 0 0 0 0 0 0 302 302 302 302 302 302 302 302 302 302 302 302 302 302 302 302 302 314 324 324 323 323 323 323 3023 3024 2934 2932 2932 343 343 343 363 363 363 363 363 363 363 363 363 363 363 363 363 363 363 363 363 363 383 383 383 2844 2842 2842 393 393 393 393 393 393 433 433 433 2833 2833 2833 2833
0 0 0 0 0 0 0 0 0 0 0 0 0 0 0 0 0 0 0 0 0 0 0 0 0 0 302 302 302 302 302 302 302 302 302 302 302 302 302 302 302 302 302 302 304 303 323 323 323 323 323 323 3023 3024 2934 2932 2932 343 343 343 363 363 363 363 363 363 363 363 363 363 363 363 363 363 363 363 363 383 383 383 2843 2844 2842 2842 393 393 393 393 393 393 433 433 2833 2833 2833 2833
0 0 0 0 0 0 0 0 0 0 0 0 0 0 0 0 0 0 0 0 0 0 0 0 0 302 302 302 302 302 302 302 302 302 302 302 302 302 302 302 302 302 304 304 303 303 323 323 323 323 323 323 323 3023 3024 2934 2932 2932 343 343 363 363 363 363 363 363 363 363 363 363 363 363 363 363 363 363 363 383 383 383 2843 2843 2844 2842 2842 393 393 393 393 393 2842 2833 2833 2833 2833 2833
0 0 0 0 0 0 0 0 0 0 0 0 0 0 0 0 0 0 0 0 0 0 0 0 302 302 302 302 302 302 302 302 302 302 302 302 302 302 302 302 304 304 303 303 303 303 323 323 323 323 323 323 323 323 3023 3024 2934 2932 2932 343 343 363 363 363 363 363 363 363 363 363 363 363 363 363 363 363 363 383 383 383 2843 2843 2843 2844 2842 2842 393 393 393 2842 2842 2842 2852 2852 2852 2833
0 0 0 0 0 0 0 0 0 0 0 0 0 0 0 0 0 0 0 0 0 0 302 302 302 302 302 302 302 302 302 302 302 302 302 302 302 304 304 304 303 303 303 303 303 303 303 323 323 323 323 323 323 323 323 3023 3024 2934 2932 2932 343 343 363 363 363 363 363 363 363 363 363 363 363 363 363 363 363 383 383 383 2843 2843 2843 2843 2844 2842 2842 2842 2842 2842 2842 2842 2852 2852 2852 2852
0 0 0 0 0 0 0 0 0 0 0 0 0 0 0 0 0 0 0 302 302 302 302 302 302 302 302 302 302 302 302 302 302 302 302 302 304 303 303 303 303 303 303 303 303 303 303 323 323 323 323 323 323 323 323 323 3023 3024 2934 2932 2932 343 343 363 363 2942 363 363 363 363 363 363 363 363 363 363 363 383 383 383 2843 2843 2843 2843 2843 2844 2844 2844 2842 2842 2842 2842 2854 2854 2852 2852
0 0 0 0 0 0 0 0 0 0 0 0 0 0 0 0 0 302 302 302 302 302 302 302 302 302 302 302 302 302 302 302 302 302 302 304 303 303 303 303 303 303 303 303 303 303 303 323 323 323 323 323 323 323 323 323 323 3021 3021 2934 2932 2932 343 2942 2942 2942 2942 2942 2942 2942 363 363 363 363 363 363 383 383 383 383 2843 2843 2843 2843 2843 2843 2843 2843 2844 2844 2844 2844 2842 2853 2854 2852
0 0 0 0 0 0 0 0 0 0 0 0 0 0 0 292 292 292 302 302 302 302 302 302 302 302 302 302 302 302 302 302 302 304 304 303 303 303 303 303 303 303 303 303 303 303 303 303 323 323 323 323 323 323 323 323 323 3021 3021 3021 2934 2932 2932 2942 2942 2942 2942 2942 2942 2942 2942 363 363 363 363 383 383 383 383 383 2843 2843 2843 2843 2843 2843 2843 2843 2843 2843 2843 2924 2842 2853 2854 2852
0 0 0 0 0 0 0 0 0 0 0 0 0 292 292 292 292 292 292 302 302 302 302 302 302 302 302 302 302 302 302 302 304 303 303 303 303 303 303 303 303 303 303 303 303 303 303 303 323 323 323 323 323 323 323 323 323 3021 3021 3021 3021 2934 2944 2944 2942 2942 2942 2942 2942 2942 2942 2942 363 363 383 383 383 383 383 383 2843 2843 2843 2843 2843 2843 2843 2843 2843 2843 2843 2924 2842 2842 2854 2852
0 0 0 0 0 0 0 0 0 0 271 271 282 292 292 292 292 292 292 292 302 302 302 302 302 302 302 302 302 302 302 302 304 303 303 303 303 303 303 303 303 303 303 303 303 303 303 303 323 323 323 323 323 323 323 323 323 3021 3021 3021 3021 3021 2974 2943 2944 2942 2942 2942 2942 2942 2942 2942 363 383 383 383 383 383 383 383 2843 2843 2843 2843 2843 2843 2843 2843 2843 2843 2843 2924 2842 2842 2854 2852
0 0 0 0 0 271 271 271 271 271 271 271 282 292 292 292 292 292 292 292 292 302 302 302 302 302 302 302 302 302 302 304 303 303 303 303 303 303 303 303 303 303 303 303 303 303 303 303 323 323 323 323 323 323 323 323 3021 3021 3021 3021 3021 3021 2974 2972 2943 2944 2944 2942 2942 2942 2942 2942 2942 383 383 383 383 383 383 383 2843 2843 2843 2843 2843 2843 2843 2843 2843 2843 2924 2922 2842 2842 2874 2864
0 262 262 262 271 271 271 271 271 271 271 271 282 292 292 292 292 292 292 292 292 292 302 302 302 302 302 302 302 302 304 303 303 303 303 303 303 303 303 303 303 303 303 303 303 303 303 303 303 323 323 323 323 3021 3021 3021 3021 3021 3021 3021 3021 3021 2973 2974 2972 2943 2943 2944 2944 2944 2944 2942 2942 2942 383 383 383 383 383 383 2843 2843 2843 2843 2843 2843 2843 2843 2843 2921 2921 2922 2842 2842 2873 2874
262 262 262 262 271 271 271 271 271 271 271 271 282 282 292 292 292 292 292 292 292 292 292 302 302 302 302 302 302 304 303 303 303 303 303 303 303 303 303 303 303 303 303 303 303 303 303 303 303 303 3021 3021 3021 3021 3021 3021 3021 3021 3021 3021 3021 2973 2973 2974 2972 2972 2972 2943 2943 2943 2943 2944 2942 2942 2942 383 383 383 383 2843 2843 2843 2843 2843 2843 2843 2843 2843 2921 2921 2921 2922 2842 2842 2873 2873
262 262 262 262 271 271 271 271 271 271 271 271 282 282 282 292 292 292 292 292 292 292 292 292 302 302 302 304 304 303 303 303 303 303 303 303 303 303 303 303 303 303 303 303 303 303 303 303 3021 3021 3021 3021 3021 3021 3021 3021 3021 3013 3021 3021 2973 2973 2974 2972 2972 2972 2972 2972 2943 2943 2943 2943 2944 2942 2942 2942 2942 2942 2942 2843 2843 2843 2843 2843 2843 2843 2843 2921 2921 2921 2921 2922 2842 2842 2873 2873
262 262 262 262 271 271 271 271 271 271 271 271 282 282 282 282 292 292 292 292 292 292 292 292 292 304 304 303 303 303 303 303 303 303 303 303 303 303 303 303 303 303 303 303 303 303 3021 3021 3021 3021 3021 3021 3021 3021 3021 3011 3011 3013 3013 2993 2973 2994 2984 2972 2972 2972 2972 2972 2972 2943 2943 2943 2943 2944 2942 2942 2942 2942 2942 2942 2843 2843 2843 2843 2843 2843 2921 2921 2921 2921 2921 2922 2842 2842 2873 2873
262 262 262 262 272 271 271 271 271 271 271 271 282 282 282 282 292 292 292 292 292 292 292 292 294 3034 303 303 303 303 303 303 303 303 303 303 303 303 303 303 303 303 303 303 303 303 303 3021 3021 3021 3021 3021 3021 3021 3021 3011 3014 3014 3014 2994 2994 2984 2982 2972 2972 2972 2972 2972 2972 2972 2943 2943 2943 2943 2944 2942 2942 2942 2942 2942 2942 2843 2843 2843 2843 2921 2921 2921 2921 2921 2921 2922 2842 2842 2873 2873
262 262 262 262 262 272 271 271 271 271 271 271 282 282 282 282 292 292 292 292 292 292 292 294 293 293 3034 303 303 303 303 303 303 303 303 303 303 303 303 303 303 303 303 303 303 303 303 3021 3021 3021 3021 3021 3021 3021 3011 3011 3011 3012 3004 2992 2984 2982 2982 2982 2972 2972 2972 2972 2972 2972 2972 2943 2943 2943 2943 2944 2942 2942 2942 2942 2942 2942 2843 2843 2921 2921 2921 2921 2921 2921 2921 2842 2842 2842 2873 2873
262 262 262 262 262 262 272 271 271 271 271 271 282 282 282 282 292 292 292 292 292 292 294 293 293 293 293 3034 303 303 303 303 303 303 303 303 303 303 303 303 303 303 303 303 303 303 3032 3032 3021 3021 3021 3021 3021 3011 3011 3011 3011 3003 3004 2984 2982 2982 2982 2982 2982 2972 2972 2972 2972 2972 2972 2972 2943 2943 2943 2943 2944 2942 2942 2942 2942 2942 2843 2921 2921 2921 2921 2921 2921 2921 2921 2842 2842 2873 2873 2873
262 262 262 262 262 262 262 272 271 271 271 271 282 282 282 282 292 292 292 292 292 294 293 293 293 293 293 293 3034 303 303 303 303 303 303 303 303 303 303 3032 3032 3032 3032 3032 3032 3032 3032 3032 3032 3032 3021 3021 3011 3011 3011 3011 3011 3003 3004 2984 2982 2982 2982 2982 2982 2982 2972 2972 2972 2972 2972 2972 2943 2943 2943 2943 2944 2942 2942 2942 2942 2942 2942 2921 2921 2921 2921 2921 2921 2921 2921 2842 2873 2873 2873 2873
262 262 262 262 262 262 262 262 272 271 271 271 282 282 282 282 292 292 292 292 292 294 293 293 293 293 293 293 293 3034 303 303 303 303 303 303 3032 3032 3032 3032 3032 3032 3032 3032 3032 3032 3032 3032 3032 3032 3032 3021 3011 3011 3011 3011 3011 3003 3004 2984 2982 2982 2982 2982 2982 2982 2982 2972 2972 2972 2972 2972 2943 2943 2943 2943 2964 2954 2942 2942 2942 2942 2942 2942 2921 2921 2921 2921 2921 2921 2921 2873 2873 2873 2873 2914
262 262 262 262 262 262 262 262 262 272 271 271 282 282 282 282 292 292 292 292 294 293 293 293 293 293 293 293 293 293 3034 3034 3034 3034 3034 3034 3034 3034 3034 3034 3034 3032 3032 3032 3032 3032 3032 3032 3032 3032 3032 3032 3011 3011 3011 3011 3003 3003 3004 2984 2982 2982 2982 2982 2982 2982 2982 2982 2972 2972 2972 2972 2943 2943 2943 2964 2962 2953 2954 2942 2942 2942 2942 2942 2942 2921 2921 2921 2921 2921 2921 2873 2873 2873 2914 2904
262 262 262 262 262 262 262 262 262 262 272 274 282 282 282 282 292 292 292 294 293 293 293 293 293 293 293 293 293 293 293 293 293 293 293 3033 3033 3033 3033 3033 3033 3034 3044 3044 3044 3044 3044 3041 3041 3041 3032 3032 3032 3011 3011 3011 3003 3003 3004 2984 2982 2982 2982 2982 2982 2982 2982 2982 2972 2972 2972 2943 2943 2943 2963 2964 2962 2953 2953 2951 2942 2942 2942 2942 2942 2942 2921 2921 2921 2921 2921 2873 2873 2914 2901 2901
262 262 262 262 262 262 262 262 262 262 262 274 282 284 284 284 294 294 294 293 293 293 293 293 293 293 293 293 293 293 293 293 293 293 293 293 3033 3033 3033 3033 3033 3054 3032 3043 3043 3043 3043 3041 3041 3041 3041 3032 3032 3011 3011 3011 3003 3003 3004 2981 2981 2982 2982 2982 2982 2982 2982 2982 2972 2972 2943 2943 2943 2963 2963 2964 2962 2953 2953 2953 2951 2951 2951 2942 2942 2942 2942 2921 2921 2921 2873 2873 2914 2901 2901 2901
262 262 262 262 262 262 262 262 262 262 262 264 284 283 283 3064 293 293 293 293 293 293 293 293 293 293 293 293 293 293 293 293 293 293 293 293 293 3033 3033 3033 3033 3054 3032 3043 3043 3043 3043 3043 3041 3041 3041 3041 3032 3011 3011 3011 3003 3003 3004 2981 2981 2981 2982 2982 2982 2982 2982 2982 2972 2943 2943 2943 2963 2963 2961 2961 2962 2953 2953 2953 2951 2951 2951 2951 2942 2942 2942 2921 2921 2873 2873 2911 2911 2901 2901 2901
262 262 262 262 262 262 262 262 262 262 264 263 283 283 283 3064 293 293 293 293 293 293 293 293 293 293 293 293 293 293 293 293 293 293 293 293 293 3033 3033 3033 3033 3054 3032 3043 3043 3043 3043 3043 3041 3041 3041 3041 3032 3011 3011 3011 3003 3003 3004 2981 2981 2981 2981 2982 2982 2982 2982 2972 2943 2943 2943 2963 2963 2961 2961 2961 2962 2953 2953 2953 2951 2951 2951 2951 2951 2942 2942 2921 2921 2873 2911 2911 2911 2901 2901 2901
262 262 262 262 262 262 262 262 262 264 263 263 263 283 283 3064 293 293 293 293 293 293 293 293 293 293 293 293 293 293 293 293 293 293 293 293 293 3033 3033 3033 3033 3051 3051 3043 3043 3043 3043 3043 3041 3041 3041 3041 3032 3011 3011 3011 3003 3003 3004 3002 2981 2981 2981 2981 2981 2981 2981 2943 2943 2943 2963 2963 2961 2961 2961 2961 2962 2953 2953 2953 2953 2951 2951 2951 2951 2951 2942 2921 2921 2911 2911 2911 2911 2901 2901 2901
