tests/fixtures/watershed_abstraction/mdobre-womanly-ascot/dem/topaz/SUBWTA.ARC
ncols   776
nrows   755
xllcorner  564333
yllcorner 5021478
cellsize   30.00
nodata_value     0.0
[rows 315 to 359 of 755, columns 480 to 575 of 776]
871 871 871 881 881 892 892 892 892 892 892 892 892 892 892 892 892 892 892 892 892 892 892 892 892 892 892 892 1011 1051 1053 1053 1062 1062 1072 1072 1071 1071 1071 1071 1071 1071 1071 1082 1091 1091 1091 1091 1091 1091 0 0 0 0 0 0 0 0 0 0 0 0 0 0 0 0 0 0 0 0 0 0 0 0 0 0 0 0 0 0 0 0 0 0 0 0 0 0 0 0 0 0 0 0 0 0
871 871 881 881 892 892 892 892 892 892 892 891 891 891 891 891 891 891 892 892 892 892 892 892 892 892 892 1011 1051 1053 1053 1062 1062 1072 1072 1071 1071 1071 1071 1071 1071 1071 1082 1091 1091 1091 1091 1091 1091 1091 1091 0 0 0 0 0 0 0 0 0 0 0 0 0 0 0 0 0 0 0 0 0 0 0 0 0 0 0 0 0 0 0 0 0 0 0 0 0 0 0 0 0 0 0 0 0
871 881 881 892 892 892 892 892 892 892 891 891 891 891 891 891 891 891 891 891 891 891 891 891 961 1011 1011 1051 1053 1053 1062 1062 1072 1072 1071 1071 1071 1071 1071 1071 1071 1082 1091 1091 1091 1091 1091 1091 1091 1091 1091 0 0 0 0 0 0 0 0 0 0 0 0 0 0 0 0 0 0 0 0 0 0 0 0 0 0 0 0 0 0 0 0 0 0 0 0 0 0 0 0 0 0 0 0 0
881 881 892 892 892 892 892 892 892 891 891 891 891 891 891 891 891 891 891 891 891 893 961 961 1011 1011 1051 1053 1053 1062 1062 1072 1072 1072 1071 1071 1071 1071 1071 1071 1082 1091 1091 1091 1091 1091 1091 1091 1091 1091 1091 1091 0 0 0 0 0 0 0 0 0 0 0 0 0 0 0 0 0 0 0 0 0 0 0 0 0 0 0 0 0 0 0 0 0 0 0 0 0 0 0 0 0 0 0 0
881 892 892 892 892 892 892 892 891 891 891 891 891 891 891 891 891 891 891 891 893 961 961 1011 1011 1051 1053 1053 1062 1062 1072 1072 1072 1072 1071 1071 1071 1071 1071 1082 1091 1091 1091 1091 1091 1091 1091 1091 1091 1091 1091 1091 0 0 0 0 0 0 0 0 0 0 0 0 0 0 0 0 0 0 0 0 0 0 0 0 0 0 0 0 0 0 0 0 0 0 0 0 0 0 0 0 0 0 0 0
892 892 892 892 892 894 894 894 891 891 891 891 891 891 891 891 891 891 891 893 961 961 1011 1011 1051 1053 1053 1062 1062 1072 1072 1072 1072 1072 1071 1071 1071 1071 1082 1094 1091 1091 1091 1091 1091 1091 1091 1091 1091 1091 1091 1091 1091 0 0 0 0 0 0 0 0 0 0 0 0 0 0 0 0 0 0 0 0 0 0 0 0 0 0 0 0 0 0 0 0 0 0 0 0 0 0 0 0 0 0 0
892 892 892 892 894 893 893 893 893 893 893 893 893 893 893 893 893 893 893 961 961 1011 1011 1051 1053 1053 1062 1062 1072 1072 1072 1072 1072 1072 1071 1071 1071 1082 1094 1093 1093 1093 1093 1093 1093 1093 1093 1093 1093 1093 1093 1093 1093 1093 0 0 0 0 0 0 0 0 0 0 0 0 0 0 0 0 0 0 0 0 0 0 0 0 0 0 0 0 0 0 0 0 0 0 0 0 0 0 0 0 0 0
892 892 892 894 893 893 893 893 893 893 893 893 893 893 893 893 893 893 961 961 1011 1011 1051 1053 1053 1062 1062 1062 1072 1072 1072 1072 1072 1072 1071 1071 1082 1094 1093 1093 1093 1093 1102 1102 1102 1102 1102 1102 1102 1102 1102 1102 1102 1102 1102 0 0 0 0 0 0 0 0 0 0 0 0 0 0 0 0 0 0 0 0 0 0 0 0 0 0 0 0 0 0 0 0 0 0 0 0 0 0 0 0 0
892 892 894 893 893 893 893 893 893 893 893 893 893 893 893 893 893 961 961 1011 1011 1051 1053 1053 1062 1062 1062 1062 1072 1072 1072 1072 1072 1072 1074 1082 1094 1093 1102 1102 1102 1102 1102 1102 1102 1101 1101 1101 1101 1101 1101 1101 1101 1101 1101 0 0 0 0 0 0 0 0 0 0 0 0 0 0 0 0 0 0 0 0 0 0 0 0 0 0 0 0 0 0 0 0 0 0 0 0 0 0 0 0 0
892 894 893 893 893 893 893 893 893 893 893 893 893 893 893 961 961 961 1011 1011 1051 1051 1053 1053 1062 1062 1062 1062 1072 1072 1072 1072 1072 1074 1082 1094 1093 1102 1102 1102 1102 1101 1101 1101 1101 1101 1101 1101 1101 1101 1101 1101 1101 1101 1101 0 0 0 0 0 0 0 0 0 0 0 0 0 0 0 0 0 0 0 0 0 0 0 0 0 0 0 0 0 0 0 0 0 0 0 0 0 0 0 0 0
894 893 893 893 893 893 893 893 893 893 893 893 893 961 961 961 961 1011 1011 1051 1051 1051 1053 1053 1062 1062 1062 1062 1072 1072 1072 1072 1074 1082 1094 1093 1102 1102 1102 1102 1101 1101 1101 1101 1101 1101 1101 1101 1101 1101 1101 1101 1101 1101 1101 1101 0 0 0 0 0 0 0 0 0 0 0 0 0 0 0 0 0 0 0 0 0 0 0 0 0 0 0 0 0 0 0 0 0 0 0 0 0 0 0 0
893 893 893 893 893 893 893 893 893 893 951 951 961 961 961 961 1011 1011 1051 1051 1051 1051 1053 1053 1062 1062 1062 1062 1072 1072 1072 1074 1082 1094 1093 1102 1102 1102 1102 1101 1101 1101 1101 1101 1101 1101 1101 1101 1101 1101 1101 1101 1101 1101 1101 1101 1101 0 0 0 0 0 0 0 0 0 0 0 0 0 0 0 0 0 0 0 0 0 0 0 0 0 0 0 0 0 0 0 0 0 0 0 0 0 0 0
893 893 912 912 912 951 951 951 951 951 951 961 961 961 961 1011 1011 1051 1051 1051 1051 1051 1053 1053 1062 1062 1062 1062 1072 1072 1074 1082 1094 1093 1102 1102 1102 1102 1101 1101 1101 1101 1101 1101 1101 1101 1101 1101 1101 1101 1101 1101 1103 1103 1103 1103 1103 0 0 0 0 0 0 0 0 0 0 0 0 0 0 0 0 0 0 0 0 0 0 0 0 0 0 0 0 0 0 0 0 0 0 0 0 0 0 0
893 912 912 912 951 951 951 951 951 951 961 961 961 961 1011 1011 1052 1051 1051 1051 1051 1051 1053 1053 1062 1062 1062 1062 1072 1074 1082 1094 1102 1102 1102 1104 1104 1104 1101 1101 1101 1101 1101 1101 1101 1101 1101 1101 1101 1101 1101 1103 1103 1162 1162 1162 1162 1162 1162 0 0 0 0 0 0 0 0 0 0 0 0 0 0 0 0 0 0 0 0 0 0 0 0 0 0 0 0 0 0 0 0 0 0 0 0 0
912 912 912 951 951 951 951 951 951 961 961 961 961 1011 1011 1011 1052 1051 1051 1051 1051 1051 1053 1053 1062 1062 1062 1062 1074 1084 1084 1104 1104 1104 1104 1103 1103 1103 1103 1103 1103 1103 1103 1103 1103 1103 1103 1103 1103 1103 1103 1103 1162 1161 1161 1161 1161 1161 1161 1161 0 0 0 0 0 0 0 0 0 0 0 0 0 0 0 0 0 0 0 0 0 0 0 0 0 0 0 0 0 0 0 0 0 0 0 0
912 912 951 951 951 951 951 951 962 961 961 961 961 1011 1011 1011 1052 1051 1051 1051 1051 1051 1053 1053 1062 1062 1062 1064 1084 1083 1083 1083 1083 1083 1083 1083 1083 1083 1083 1083 1083 1083 1083 1083 1083 1083 1083 1162 1162 1162 1162 1162 1161 1161 1161 1161 1161 1161 1161 1161 0 0 0 0 0 0 0 0 0 0 0 0 0 0 0 0 0 0 0 0 0 0 0 0 0 0 0 0 0 0 0 0 0 0 0 0
912 951 951 951 951 951 951 951 962 961 961 961 1011 1011 1011 1011 1052 1051 1051 1051 1051 1051 1053 1053 1062 1064 1064 1063 1063 1063 1063 1063 1063 1063 1063 1063 1063 1063 1063 1063 1063 1063 1063 1063 1063 1162 1162 1162 1162 1162 1161 1161 1161 1161 1161 1161 1161 1161 1161 1161 1161 0 0 0 0 0 0 0 0 0 0 0 0 0 0 0 0 0 0 0 0 0 0 0 0 0 0 0 0 0 0 0 0 0 0 0
951 951 951 951 951 951 951 951 962 961 961 961 1011 1011 1011 1011 1052 1051 1051 1051 1051 1051 1053 1064 1064 1063 1063 1063 1063 1063 1063 1063 1152 1152 1152 1152 1152 1152 1152 1152 1152 1152 1152 1162 1162 1162 1162 1162 1162 1161 1161 1161 1161 1161 1161 1161 1161 1161 1161 1161 1161 1161 0 0 0 0 0 0 0 0 0 0 0 0 0 0 0 0 0 0 0 0 0 0 0 0 0 0 0 0 0 0 0 0 0 0
951 951 951 951 951 951 951 951 962 961 961 961 1011 1011 1011 1011 1052 1051 1051 1051 1051 1053 1064 1043 1043 1043 1043 1121 1121 1121 1152 1152 1152 1152 1152 1152 1152 1152 1152 1152 1152 1152 1162 1162 1162 1162 1162 1164 1164 1161 1161 1161 1161 1161 1161 1161 1161 1161 1161 1161 1161 1161 0 0 0 0 0 0 0 0 0 0 0 0 0 0 0 0 0 0 0 0 0 0 0 0 0 0 0 0 0 0 0 0 0 0
951 951 951 951 951 951 951 951 962 961 961 961 1011 1011 1011 1011 1052 1051 1051 1051 1053 1064 1043 1043 1043 1043 1121 1121 1121 1152 1152 1152 1152 1152 1152 1152 1152 1152 1152 1152 1152 1162 1162 1162 1164 1164 1164 1163 1163 1163 1163 1163 1163 1163 1163 1163 1163 1163 1163 1163 1161 1161 1161 0 0 0 0 0 0 0 0 0 0 0 0 0 0 0 0 0 0 0 0 0 0 0 0 0 0 0 0 0 0 0 0 0
951 951 951 951 951 951 951 951 962 961 961 961 1011 1011 1011 1011 1052 1051 1051 1053 1064 1043 1043 1043 1043 1121 1121 1121 1152 1152 1152 1152 1152 1152 1152 1152 1152 1152 1152 1152 1164 1164 1164 1164 1163 1163 1163 1163 1163 1163 1163 1163 1163 1163 1163 1163 1163 1163 1163 1163 1163 1161 1161 0 0 0 0 0 0 0 0 0 0 0 0 0 0 0 0 0 0 0 0 0 0 0 0 0 0 0 0 0 0 0 0 1761
951 951 951 951 951 951 951 951 962 961 961 961 1011 1011 1011 1013 1052 1054 1053 1064 1043 1043 1043 1043 1121 1121 1121 1152 1152 1152 1152 1152 1152 1152 1152 1152 1152 1154 1154 1154 1174 1174 1171 1171 1171 1171 1171 1171 1171 1171 1171 1171 1171 1171 1163 1163 1163 1163 1163 1163 1163 1163 1161 1161 0 0 0 0 0 0 0 0 0 0 0 0 0 0 0 0 0 0 0 0 0 0 0 0 0 0 0 0 0 0 1761 1761
951 951 951 951 951 951 951 951 962 961 961 1001 1011 1011 1013 1052 1052 1054 1064 1043 1043 1043 1043 1043 1121 1121 1154 1154 1154 1154 1154 1154 1154 1154 1154 1154 1154 1153 1153 1153 1153 1153 1171 1171 1171 1171 1171 1171 1171 1171 1171 1171 1171 1171 1171 1171 1171 1171 1171 1171 1171 1163 1163 1161 0 0 0 0 0 0 0 0 0 0 0 0 0 0 0 0 0 0 0 0 0 0 0 0 0 0 0 0 0 1761 1761 1761
911 951 951 951 951 951 951 962 962 964 1001 1012 1014 1013 1013 1052 1054 1064 1043 1043 1043 1043 1043 1121 1121 1154 1201 1201 1201 1201 1153 1153 1153 1153 1153 1153 1153 1153 1153 1153 1153 1153 1153 1171 1171 1171 1171 1171 1171 1171 1171 1171 1171 1171 1171 1432 1432 1432 1432 1432 1432 1431 1431 1431 1431 1431 0 0 0 0 0 0 0 0 0 0 0 0 0 0 0 0 0 0 0 0 0 0 0 0 0 0 1761 1761 1761 1761
911 951 951 951 951 951 962 962 964 1001 1012 1012 1014 1013 1013 1054 1064 1043 1043 1043 1043 1043 1121 1121 1154 1201 1201 1201 1201 1201 1201 1201 1153 1153 1153 1153 1153 1153 1153 1153 1153 1153 1153 1153 1171 1171 1171 1171 1171 1171 1171 1171 1171 1432 1432 1432 1432 1432 1432 1432 1431 1431 1431 1431 1431 1431 1431 0 0 0 0 0 0 0 0 0 0 0 0 0 0 0 0 0 0 0 0 0 0 0 0 0 1761 1761 1761 1761
911 951 951 951 951 962 962 964 1001 1012 1012 1014 1013 1013 1054 1064 1043 1043 1043 1043 1043 1121 1121 1154 1201 1201 1201 1201 1201 1201 1212 1212 1212 1153 1153 1153 1153 1153 1153 1153 1153 1153 1153 1153 1153 1171 1171 1171 1171 1171 1171 1432 1432 1432 1432 1432 1432 1432 1432 1432 1431 1431 1431 1431 1431 1431 1431 1431 1431 0 0 0 0 0 0 0 0 0 0 0 0 0 0 0 0 0 0 0 0 0 0 1761 1761 1761 1761 1761
911 951 951 951 962 962 964 1001 1012 1012 1014 1013 1013 1042 1044 1043 1043 1043 1043 1043 1121 1121 1154 1201 1201 1201 1201 1201 1201 1212 1212 1212 1212 1212 1153 1153 1153 1153 1153 1153 1153 1153 1153 1153 1153 1361 1361 1361 1391 1391 1432 1432 1432 1432 1432 1432 1432 1432 1432 1431 1431 1431 1431 1431 1431 1431 1431 1431 1433 1433 0 0 0 0 0 0 0 0 0 0 0 0 0 0 0 0 0 0 0 0 1761 1761 1761 1761 1761 1761
951 951 951 962 962 964 1001 1012 1012 1014 1013 1013 1042 1044 1043 1043 1043 1043 1043 1121 1121 1154 1201 1201 1201 1201 1201 1201 1212 1212 1212 1212 1212 1211 1211 1211 1292 1291 1311 1311 1311 1311 1362 1361 1361 1361 1361 1391 1391 1391 1432 1432 1432 1432 1432 1432 1432 1432 1432 1431 1431 1431 1431 1431 1431 1431 1431 1433 1433 1433 1461 1461 0 0 0 0 0 0 0 0 0 0 0 0 0 0 0 0 0 1761 1761 1761 1761 1761 1761 1761
951 951 962 962 964 1001 1012 1012 1014 1013 1013 1042 1044 1043 1043 1043 1043 1043 1121 1121 1154 1201 1201 1201 1201 1201 1201 1212 1212 1212 1212 1212 1211 1211 1211 1292 1291 1311 1311 1311 1311 1362 1361 1361 1361 1361 1361 1391 1391 1391 1432 1432 1432 1432 1432 1432 1432 1432 1432 1431 1431 1431 1431 1431 1431 1431 1433 1433 1433 1461 1461 1461 1461 1461 1461 0 0 0 0 0 0 0 0 0 0 0 0 0 1752 1761 1761 1761 1761 1761 1761 1761
951 962 962 964 1001 1012 1012 1014 1013 1013 1042 1044 1043 1043 1043 1043 1043 1121 1121 1154 1201 1201 1201 1201 1201 1201 1212 1212 1212 1212 1212 1211 1211 1211 1292 1291 1311 1311 1311 1311 1362 1361 1361 1361 1361 1361 1391 1391 1391 1391 1391 1432 1432 1432 1432 1432 1432 1432 1432 1431 1431 1431 1431 1431 1431 1433 1433 1433 1433 1461 1461 1461 1461 1461 1461 1461 1461 1461 1511 1571 1612 1612 0 0 0 0 1611 1611 1752 1752 1752 1752 1762 1762 1762 1762
962 962 964 1001 1012 1012 1014 1013 1013 1042 1044 1043 1043 1043 1043 1112 1121 1121 1121 1154 1201 1201 1201 1201 1201 1212 1212 1212 1212 1212 1211 1211 1211 1292 1292 1291 1311 1311 1311 1362 1362 1361 1361 1361 1361 1361 1391 1391 1391 1391 1391 1432 1432 1432 1432 1432 1432 1432 1432 1431 1431 1431 1431 1431 1433 1433 1433 1433 1461 1461 1461 1461 1461 1461 1461 1461 1461 1511 1571 1612 1612 1611 1611 1611 1611 1611 1611 1611 1752 1752 1752 1752 1752 1762 1762 1762
962 964 1001 1012 1012 1012 1014 1013 1013 1042 1044 1043 1043 1043 1112 1121 1121 1121 1123 1154 1201 1201 1201 1201 1212 1212 1212 1212 1212 1211 1211 1211 1211 1292 1292 1291 1311 1311 1311 1362 1362 1361 1361 1361 1361 1361 1391 1391 1391 1391 1391 1432 1432 1432 1432 1432 1432 1432 1432 1431 1431 1431 1431 1433 1433 1433 1433 1433 1461 1461 1461 1461 1461 1461 1461 1461 1511 1571 1612 1612 1612 1611 1611 1611 1611 1611 1611 1611 1752 1752 1752 1752 1752 1752 1762 1762
964 1001 1012 1012 1012 1014 1013 1013 1013 1042 1044 1043 1043 1112 1121 1121 1121 1121 1123 1154 1201 1201 1201 1212 1212 1212 1212 1212 1211 1211 1211 1211 1292 1292 1291 1291 1311 1311 1311 1362 1362 1361 1361 1361 1361 1361 1391 1391 1391 1391 1401 1401 1432 1432 1432 1432 1432 1432 1432 1431 1431 1431 1433 1433 1433 1433 1433 1461 1461 1461 1461 1461 1461 1461 1461 1511 1571 1612 1612 1612 1612 1611 1611 1611 1611 1611 1611 1611 1691 1752 1752 1752 1752 1752 1752 1762
1001 1012 1012 1012 1014 1013 1013 1013 1042 1044 1043 1043 1112 1121 1121 1121 1121 1121 1123 1154 1201 1201 1212 1212 1212 1212 1212 1211 1211 1211 1211 1211 1292 1292 1291 1291 1311 1311 1311 1362 1362 1361 1361 1361 1361 1391 1391 1391 1391 1391 1401 1401 1412 1432 1432 1432 1432 1432 1432 1431 1431 1433 1433 1433 1433 1433 1461 1461 1461 1461 1461 1461 1461 1461 1511 1571 1571 1612 1612 1612 1612 1611 1611 1611 1611 1611 1611 1611 1691 1731 1752 1752 1752 1752 1752 1752
1012 1012 1012 1014 1013 1013 1013 1042 1044 1043 1043 1112 1121 1121 1121 1121 1121 1123 1123 1154 1201 1212 1212 1212 1212 1212 1211 1211 1211 1211 1211 1292 1292 1292 1291 1291 1311 1311 1311 1362 1362 1361 1361 1361 1361 1391 1391 1391 1391 1391 1401 1401 1412 1432 1432 1432 1432 1432 1432 1434 1433 1433 1433 1433 1433 1462 1461 1461 1461 1461 1461 1461 1461 1511 1511 1571 1571 1612 1612 1612 1612 1611 1611 1611 1611 1611 1611 1691 1691 1711 1731 1752 1752 1752 1752 1752
1012 1012 1014 1013 1013 1013 1013 1044 1043 1043 1112 1121 1121 1121 1121 1121 1123 1123 1152 1154 1204 1212 1212 1212 1212 1211 1211 1211 1211 1211 1221 1292 1292 1292 1291 1291 1311 1311 1311 1362 1362 1361 1361 1361 1361 1391 1391 1391 1391 1401 1401 1401 1412 1432 1432 1432 1432 1432 1434 1433 1433 1433 1433 1433 1462 1462 1461 1461 1461 1461 1461 1461 1511 1511 1571 1571 1571 1612 1612 1612 1612 1611 1611 1611 1611 1611 1611 1691 1691 1711 1711 1731 1733 1733 1752 1752
1012 1014 1013 1013 1013 1013 1044 1043 1043 1112 1121 1121 1121 1121 1121 1123 1123 1152 1154 1202 1204 1212 1212 1212 1211 1211 1211 1211 1211 1221 1221 1292 1292 1292 1291 1291 1311 1311 1311 1362 1362 1361 1361 1361 1361 1391 1391 1391 1401 1401 1401 1401 1412 1432 1432 1432 1432 1432 1434 1433 1433 1433 1433 1462 1462 1462 1461 1461 1463 1463 1463 1511 1511 1571 1571 1571 1571 1612 1612 1612 1612 1611 1611 1611 1611 1611 1613 1691 1691 1711 1711 1711 1731 1733 1733 1752
1014 1013 1013 1013 1013 1044 1043 1043 1112 1121 1121 1121 1121 1121 1123 1123 1152 1154 1153 1202 1204 1212 1212 1211 1211 1211 1211 1211 1221 1221 1221 1292 1292 1292 1291 1291 1311 1311 1311 1362 1362 1361 1361 1361 1361 1391 1391 1401 1401 1401 1401 1401 1412 1432 1432 1432 1432 1432 1434 1433 1433 1433 1462 1462 1462 1462 1464 1463 1463 1463 1511 1511 1571 1571 1571 1571 1571 1612 1612 1612 1612 1611 1611 1611 1611 1613 1613 1691 1691 1711 1711 1711 1713 1731 1733 1733
1014 1013 1013 1013 1044 1043 1043 1112 1112 1121 1121 1121 1121 1123 1123 1123 1154 1153 1202 1202 1204 1212 1212 1211 1211 1211 1211 1221 1221 1221 1292 1292 1292 1291 1291 1291 1311 1311 1311 1362 1362 1361 1361 1361 1361 1391 1391 1401 1401 1401 1401 1401 1412 1432 1432 1432 1432 1434 1433 1433 1433 1462 1462 1462 1462 1464 1463 1463 1463 1511 1511 1513 1571 1571 1571 1571 1571 1612 1612 1612 1612 1611 1611 1611 1613 1613 1613 1691 1691 1711 1711 1711 1713 1732 1731 1733
1014 1013 1013 1044 1043 1043 1112 1112 1112 1121 1121 1121 1123 1123 1123 1154 1153 1192 1202 1202 1204 1212 1212 1211 1211 1211 1221 1221 1221 1221 1292 1292 1291 1291 1291 1291 1311 1311 1311 1362 1362 1361 1361 1361 1391 1391 1393 1401 1401 1401 1401 1401 1412 1432 1432 1432 1432 1434 1433 1433 1462 1462 1462 1462 1464 1463 1463 1463 1511 1511 1513 1571 1571 1571 1571 1571 1571 1612 1612 1612 1612 1611 1611 1613 1613 1613 1613 1691 1691 1711 1711 1711 1713 1732 1731 1731
1013 1013 1044 1043 1112 1112 1112 1112 1122 1121 1121 1121 1123 1123 1152 1154 1192 1192 1202 1202 1204 1212 1212 1211 1211 1221 1221 1221 1221 1281 1292 1291 1291 1291 1291 1291 1311 1311 1311 1362 1362 1361 1361 1363 1391 1391 1393 1401 1401 1401 1401 1401 1412 1432 1432 1432 1434 1433 1433 1462 1462 1462 1462 1464 1463 1463 1463 1511 1511 1513 1513 1571 1571 1571 1571 1571 1571 1612 1612 1612 1612 1614 1613 1613 1613 1613 1613 1691 1691 1711 1711 1711 1713 1732 1731 1731
1013 1044 1043 1112 1112 1112 1112 1112 1122 1121 1121 1123 1123 1152 1154 1192 1192 1202 1202 1204 1212 1212 1212 1211 1221 1221 1221 1221 1281 1281 1292 1291 1291 1291 1291 1311 1311 1311 1311 1362 1362 1364 1363 1363 1391 1391 1393 1401 1401 1401 1401 1401 1412 1432 1432 1434 1433 1433 1462 1462 1462 1462 1462 1464 1463 1463 1511 1511 1513 1513 1551 1571 1571 1571 1571 1571 1571 1612 1612 1612 1614 1613 1613 1613 1613 1613 1613 1691 1691 1711 1711 1711 1713 1732 1731 1731
1044 1043 1112 1112 1112 1112 1112 1122 1122 1124 1123 1123 1152 1154 1192 1192 1192 1202 1202 1204 1212 1212 1211 1221 1221 1221 1221 1281 1281 1281 1292 1291 1291 1291 1291 1311 1311 1311 1362 1362 1362 1364 1363 1392 1391 1391 1393 1401 1401 1401 1401 1412 1412 1432 1432 1434 1433 1462 1462 1462 1462 1462 1464 1463 1463 1511 1511 1513 1513 1551 1551 1571 1571 1571 1571 1571 1571 1612 1612 1612 1614 1613 1613 1613 1613 1613 1613 1691 1691 1711 1711 1711 1713 1732 1731 1731
1043 1112 1112 1112 1112 1112 1112 1122 1122 1124 1123 1152 1154 1192 1192 1192 1192 1202 1202 1204 1212 1214 1221 1221 1221 1221 1281 1281 1281 1281 1292 1291 1291 1291 1291 1311 1311 1313 1362 1362 1362 1364 1363 1392 1394 1393 1393 1401 1401 1401 1412 1412 1412 1432 1434 1433 1433 1462 1462 1462 1462 1464 1463 1463 1511 1511 1513 1513 1551 1551 1551 1571 1571 1571 1571 1571 1573 1612 1612 1612 1614 1613 1613 1613 1613 1613 1613 1691 1691 1711 1711 1711 1713 1732 1731 1731
1112 1112 1112 1112 1112 1112 1112 1122 1122 1124 1152 1154 1192 1192 1192 1192 1192 1202 1204 1192 1214 1221 1221 1221 1221 1281 1281 1281 1281 1281 1292 1291 1291 1291 1311 1311 1313 1362 1362 1362 1364 1363 1392 1392 1394 1393 1393 1401 1401 1401 1412 1412 1412 1432 1434 1433 1462 1462 1462 1462 1464 1463 1463 1511 1511 1513 1513 1551 1551 1551 1551 1571 1571 1571 1571 1573 1573 1612 1612 1612 1614 1613 1613 1613 1613 1613 1613 1691 1691 1711 1711 1711 1713 1732 1731 1731
