tests/fixtures/watershed_abstraction/mdobre-womanly-ascot/dem/topaz/TASPEC.ARC
ncols   776
nrows   755
xllcorner  564333
yllcorner 5021478
cellsize   30.00
nodata_value    -1.0
[rows 616 to 659 of 755, columns 576 to 671 of 776]
162 161 162 166 169 175 178 175 173 172 170 167 167 165 166 169 170 168 161 151 145 138 128 111 107 108 110 112 114 111 111 123 138 133 129 130 134 150 193 208 177 141 129 129 132 129 122 120 125 134 141 147 148 149 185 217 217 210 197 168 144 133 127 123 121 119 115 112 110 106 103 101 102 113 161 201 198 184 168 155 143 133 128 128 132 128 126 127 131 131 128 124 128 132 145 165
161 159 161 165 167 171 173 171 169 168 167 166 165 166 169 175 176 171 164 155 147 138 125 112 108 109 111 111 112 110 106 113 128 134 136 137 139 150 191 215 187 140 129 130 134 133 127 122 120 119 123 133 144 150 177 213 217 211 200 175 150 137 129 124 124 125 121 116 114 112 110 108 107 111 139 190 198 187 175 165 153 140 133 134 137 138 130 125 125 129 131 128 125 128 132 146
161 160 160 164 165 168 169 167 165 164 164 163 161 162 171 182 181 174 165 157 150 140 125 113 109 109 109 110 110 107 99 97 101 110 119 126 135 151 190 218 192 142 131 133 136 134 129 127 128 126 124 125 134 144 172 210 217 212 203 181 156 141 132 125 124 128 126 120 117 116 116 113 110 109 123 169 194 188 179 173 163 150 143 140 140 144 141 135 127 126 130 134 131 130 132 136
160 160 160 163 165 167 167 165 163 161 159 158 155 156 170 184 183 177 169 161 153 139 123 113 110 109 108 109 110 108 102 95 89 87 89 99 116 142 193 220 193 143 131 132 135 132 128 127 129 130 127 123 126 134 165 210 217 212 204 186 162 145 138 129 125 128 129 125 120 119 119 117 113 110 115 144 185 184 177 178 171 158 152 143 139 141 144 144 137 130 130 136 138 134 138 139
158 159 159 162 164 166 166 165 162 158 156 154 151 153 168 183 184 178 172 163 152 135 121 113 111 107 106 105 109 114 116 111 104 99 96 95 101 123 188 216 193 144 128 129 133 132 128 126 126 129 128 122 121 124 155 211 220 213 205 189 166 150 142 134 126 125 126 127 126 122 120 117 113 113 113 127 161 173 171 183 180 162 156 144 136 135 141 148 147 136 129 133 136 134 140 147
155 156 159 162 163 164 165 165 163 155 150 146 143 148 166 183 184 180 174 165 151 133 119 114 111 107 104 102 104 108 114 114 107 101 97 96 96 106 169 217 197 144 122 122 127 130 128 124 124 127 128 124 121 119 144 209 221 214 205 190 170 153 144 135 126 122 121 124 130 128 123 114 110 112 115 116 129 149 165 186 195 174 157 147 138 133 137 148 153 141 133 135 133 127 131 142
151 153 157 163 162 162 164 167 167 144 110 105 114 128 153 179 185 182 178 171 159 137 120 114 111 107 104 100 98 98 96 93 90 87 86 88 92 101 137 211 200 150 121 115 120 127 127 124 125 127 126 126 125 122 137 206 222 215 205 191 173 158 147 137 129 126 122 122 126 127 125 115 107 105 114 123 122 125 153 184 203 186 162 154 145 135 136 149 156 147 141 147 136 115 109 114
149 150 155 163 164 162 164 205 314 343 7 33 65 96 129 166 182 182 180 177 170 148 124 115 112 110 107 103 99 96 89 83 81 82 84 86 89 96 121 196 202 162 125 114 115 122 122 121 125 128 127 124 126 123 130 195 223 219 210 195 177 162 150 139 132 129 125 122 121 123 124 118 106 95 97 116 122 124 138 170 200 192 169 161 152 142 145 155 156 149 147 157 147 118 91 77
146 148 153 163 171 183 306 321 326 337 355 20 53 81 106 143 172 180 182 181 177 161 134 120 117 115 112 108 105 102 97 94 91 90 90 90 93 97 114 175 202 176 137 119 117 120 117 114 119 128 128 120 119 118 124 176 218 219 214 199 180 165 152 142 133 129 127 126 125 124 125 124 118 108 95 96 103 115 128 151 188 194 175 163 156 153 159 166 156 146 147 161 153 133 120 108
139 146 154 169 227 304 320 324 325 331 348 26 65 83 95 114 148 169 179 183 181 171 149 133 127 121 117 113 112 111 109 108 105 100 96 94 96 99 109 154 199 184 152 131 126 129 124 112 109 115 115 104 97 98 106 150 212 217 213 200 183 171 155 143 136 132 130 129 130 128 127 128 128 128 117 95 83 90 108 136 171 187 178 163 158 162 174 180 162 147 145 152 151 137 139 143
131 143 160 198 284 303 313 318 319 321 338 60 86 91 94 97 113 140 166 180 182 177 162 148 138 127 121 118 118 119 118 118 116 111 106 101 99 100 105 134 189 189 162 140 133 137 137 117 100 92 85 79 76 83 96 127 197 213 209 197 184 176 162 148 140 137 135 132 131 126 122 122 121 124 126 116 100 92 97 118 151 173 174 163 160 170 190 194 173 161 150 142 147 144 143 145
115 134 170 240 280 289 296 303 306 296 197 113 101 98 96 96 100 111 137 167 179 179 172 161 147 133 126 123 123 124 123 124 123 120 115 107 100 98 100 118 170 188 167 144 135 140 152 130 97 85 80 82 84 89 97 116 180 205 202 192 182 178 170 157 147 142 137 133 131 128 123 117 115 119 124 127 124 107 98 102 127 152 154 156 166 182 200 197 181 173 155 140 143 149 150 148
95 117 177 255 274 277 279 276 238 169 164 143 118 107 102 102 102 103 113 137 166 180 179 171 156 141 133 129 128 129 127 128 127 124 120 113 104 99 99 108 144 179 169 149 138 143 166 143 103 94 93 95 97 95 95 103 150 195 193 184 178 179 178 168 159 155 148 139 130 128 128 122 118 118 120 121 125 117 99 99 112 142 135 143 167 193 202 191 180 172 156 143 140 145 153 152
89 106 171 247 264 263 253 220 172 159 161 153 136 121 112 108 106 106 107 114 140 171 181 175 161 148 141 136 134 134 132 131 130 128 124 119 112 105 101 104 123 162 169 151 141 151 189 165 115 104 99 97 95 90 87 87 104 163 176 175 172 176 182 178 175 174 173 167 141 130 128 128 124 123 119 116 121 125 112 107 118 151 141 134 159 194 196 182 171 165 156 147 141 143 152 156
97 112 159 217 237 234 213 183 161 155 157 155 146 135 123 114 109 107 105 104 114 146 172 174 164 154 148 144 142 139 134 131 131 130 127 123 119 111 105 104 113 142 164 151 145 168 202 178 129 109 97 92 87 81 77 72 66 74 118 144 154 165 179 181 179 180 184 189 174 148 140 137 128 126 122 117 118 122 118 115 126 158 156 133 149 186 187 176 163 159 155 148 143 144 149 165
101 115 148 190 211 206 184 164 154 152 155 156 152 143 132 121 113 108 105 102 102 117 147 169 169 162 156 152 149 144 136 131 129 129 127 126 124 119 116 113 114 131 158 150 146 181 212 186 138 112 97 87 81 74 70 64 56 47 48 63 85 115 153 170 177 183 188 196 191 172 156 147 137 131 125 121 121 113 105 105 116 152 165 140 140 171 178 168 156 152 149 139 133 124 355 350
104 114 136 170 192 187 166 153 149 151 153 156 155 150 141 129 118 110 105 101 97 99 117 149 167 166 164 162 159 151 139 132 129 126 125 125 125 125 125 123 120 129 152 154 153 190 211 190 155 131 116 100 89 80 70 63 53 39 38 49 54 56 60 72 127 160 180 196 198 191 177 162 149 140 133 129 132 123 102 93 99 132 169 149 134 146 160 153 144 140 135 124 130 332 350 353
115 116 126 148 172 169 155 147 147 149 153 158 159 157 150 140 129 118 110 103 97 90 92 107 142 159 166 171 172 164 150 140 132 126 125 124 126 130 131 128 123 127 147 160 162 191 205 190 166 149 142 132 119 103 91 80 64 46 46 52 48 41 37 30 27 39 79 167 195 200 193 175 161 154 142 135 136 132 109 91 92 108 159 165 142 135 139 134 129 133 131 137 237 261 232 153
116 113 115 128 146 153 149 146 148 151 156 161 163 163 160 155 148 137 126 115 106 96 88 87 97 125 148 165 178 178 165 152 139 131 129 128 130 136 136 132 126 124 138 158 167 189 201 189 169 154 148 148 143 139 134 122 114 99 88 77 62 50 47 41 45 54 62 79 160 199 202 188 169 161 153 141 136 141 125 96 91 97 136 172 156 141 137 125 117 122 126 170 228 219 225 201
111 105 103 110 123 134 137 139 141 146 152 159 162 166 166 164 159 153 144 134 124 115 104 96 93 98 115 141 172 186 178 161 146 138 135 131 131 137 140 137 132 125 130 146 164 187 197 188 170 154 148 149 146 148 146 143 144 139 124 120 119 113 108 115 121 120 112 102 104 173 204 194 174 171 170 162 151 155 150 124 106 103 116 161 164 151 144 122 106 98 97 150 227 225 213 200
110 103 99 101 106 114 120 122 125 130 139 149 156 162 165 163 162 158 154 149 141 133 123 114 110 109 108 117 151 186 185 165 149 141 137 133 130 135 141 142 140 134 129 134 153 182 194 186 168 155 152 146 140 140 142 145 148 143 131 126 129 129 127 133 137 142 146 143 136 143 186 195 174 167 173 173 170 170 161 143 129 124 131 159 165 161 159 141 120 105 106 123 231 236 212 220
112 104 101 102 106 111 115 116 117 118 124 131 139 152 159 160 161 159 158 156 151 145 137 128 124 121 116 113 127 172 187 166 149 140 137 134 131 135 140 145 147 146 137 130 140 169 188 183 164 155 154 147 139 135 136 141 145 140 128 124 129 129 124 125 130 134 128 127 140 148 158 179 167 156 166 174 176 174 163 149 141 138 144 161 166 169 168 159 145 135 142 156 253 276 253 261
115 105 100 97 97 99 101 101 97 94 94 99 111 132 147 155 158 157 159 161 159 155 147 138 134 129 123 116 117 148 180 164 146 139 137 135 134 136 139 144 151 153 146 133 130 148 175 179 160 152 148 139 132 129 129 132 140 138 131 129 135 137 130 122 106 20 26 39 53 84 124 161 149 136 144 160 173 172 161 152 142 133 141 159 162 166 169 165 155 149 151 257 289 295 303 305
117 101 90 83 78 74 71 70 66 65 65 72 81 93 112 131 145 151 158 163 165 161 154 147 141 135 129 120 115 130 164 162 149 142 138 135 135 138 140 143 151 156 149 138 128 127 149 169 158 148 135 119 112 111 110 112 121 127 127 126 132 140 127 88 355 347 17 37 44 55 79 124 139 112 98 94 123 140 139 139 134 122 121 137 145 156 159 161 164 169 259 298 300 286 295 316
124 97 80 74 67 62 58 58 58 60 64 68 72 72 76 85 100 117 134 151 161 163 159 151 144 140 137 129 120 125 147 156 152 144 137 133 135 139 141 142 151 158 152 141 133 119 122 144 159 156 134 108 97 93 93 97 106 115 119 117 112 68 26 10 343 345 25 46 50 54 65 83 124 113 84 71 72 90 106 123 128 121 119 125 128 133 139 167 215 304 311 315 316 302 292 285
142 109 77 73 70 66 63 62 64 67 74 77 77 74 71 70 71 77 88 111 139 158 161 154 148 145 143 137 128 126 132 143 149 146 138 134 133 137 139 139 150 161 158 145 137 126 113 121 145 159 155 142 124 112 105 108 116 122 121 105 32 355 3 3 351 2 53 61 59 58 61 65 85 137 146 127 112 107 109 118 129 134 132 130 136 141 139 212 290 313 323 336 342 330 301 253
166 141 89 82 82 81 79 77 78 81 86 88 87 83 82 84 86 88 88 94 109 136 153 157 154 148 144 140 136 132 126 129 137 140 138 136 132 132 133 134 145 162 166 153 141 132 115 104 111 135 150 150 144 146 138 122 120 122 103 27 348 347 7 19 36 81 105 100 89 76 64 56 56 77 128 149 125 105 98 97 112 131 143 148 154 161 277 319 320 317 323 342 352 2 8 358
182 171 130 100 97 97 96 94 94 96 98 99 98 98 103 106 108 107 103 100 100 110 130 146 153 151 143 138 138 138 132 124 122 121 122 123 121 120 121 125 136 154 168 164 150 138 124 106 94 82 80 96 117 138 149 130 112 68 5 353 345 358 39 69 96 114 129 132 122 111 94 79 74 79 103 145 130 106 90 89 102 126 142 156 182 304 327 336 343 337 323 338 359 13 15 5
182 180 166 130 113 108 106 105 106 106 107 108 110 117 120 119 117 108 104 104 103 103 109 124 143 148 139 132 134 138 139 132 123 116 115 117 120 122 123 126 133 144 163 170 161 151 139 126 116 90 66 67 78 89 109 103 58 353 347 353 1 30 66 90 106 117 129 135 133 135 139 137 125 118 126 139 134 125 106 96 103 118 134 277 323 334 336 337 351 358 321 314 345 17 19 12
179 180 176 152 128 117 113 112 112 112 114 116 121 125 123 118 112 104 100 99 101 104 108 115 129 141 139 131 129 134 141 140 135 132 130 130 134 139 136 138 140 141 153 168 169 162 149 134 134 143 132 106 85 65 39 29 4 339 347 10 26 49 75 93 104 111 122 131 137 141 146 150 147 144 155 146 128 134 129 113 107 111 129 295 308 329 355 359 344 354 346 298 291 354 13 18
177 180 178 163 140 125 118 116 116 117 119 121 124 122 115 108 107 107 104 100 98 99 103 108 118 133 138 134 128 129 137 141 141 141 140 135 137 143 142 143 147 146 147 160 171 170 156 136 131 141 141 124 97 54 28 18 356 340 0 27 49 77 96 104 109 115 125 132 138 141 144 150 154 162 187 174 131 127 136 127 109 103 204 265 269 281 13 6 346 353 6 7 331 254 321 11
176 180 178 168 149 133 121 117 117 119 121 122 119 112 104 103 107 109 109 107 104 100 98 96 100 112 125 132 128 124 129 136 139 143 145 136 133 141 142 140 149 151 148 154 168 176 164 143 131 127 120 98 72 34 20 21 0 345 16 66 99 116 123 125 126 128 131 135 137 140 143 150 161 180 206 195 143 122 128 125 106 100 191 247 251 248 293 358 344 342 17 32 14 317 311 346
178 179 177 169 158 143 126 118 118 120 120 118 111 106 108 110 113 114 113 112 109 108 104 96 91 94 106 123 130 123 124 132 139 141 142 137 133 138 142 137 143 150 149 149 160 176 167 150 136 129 115 93 83 82 80 50 2 5 86 112 120 129 134 135 135 133 133 135 136 139 144 154 171 192 211 201 161 134 125 125 105 100 151 237 244 244 235 243 268 257 27 61 40 350 332 341
179 180 178 172 166 154 131 119 119 118 117 113 106 108 114 117 120 119 116 111 106 108 110 107 104 102 105 117 132 127 124 130 134 134 135 132 131 136 139 138 137 137 147 156 162 172 167 149 138 138 138 133 123 128 146 185 167 126 124 116 117 126 131 133 134 132 131 132 135 140 148 165 182 195 209 201 176 149 126 118 110 102 125 256 258 256 239 230 241 201 153 21 11 330 328 353
178 180 179 176 174 165 139 123 117 114 112 109 107 110 114 118 123 124 119 111 105 104 105 108 114 116 116 121 134 129 122 122 120 120 121 123 128 131 134 137 139 133 137 150 163 173 172 146 129 129 135 136 129 132 160 196 178 134 119 109 110 117 124 127 129 130 129 129 132 141 157 176 192 199 206 200 186 166 138 128 122 112 168 293 290 281 260 243 255 196 146 241 304 312 315 11
176 178 179 178 178 173 152 130 116 108 106 108 108 110 111 114 119 124 124 118 112 109 106 107 111 116 119 124 129 124 121 121 122 123 117 113 115 117 123 132 138 134 127 131 152 176 188 158 121 119 131 140 140 140 159 183 171 151 127 110 107 109 113 120 125 127 127 126 128 142 167 189 202 201 199 197 192 177 151 137 130 128 294 301 303 290 258 244 244 192 145 245 264 275 279 105
175 176 178 179 181 179 165 139 115 105 105 109 110 110 109 109 114 121 125 124 121 119 117 113 108 108 112 119 124 121 120 122 127 128 123 113 102 104 111 117 124 135 138 135 144 173 203 184 122 111 122 138 148 154 161 175 172 163 147 122 112 108 106 110 116 120 122 123 127 140 173 202 205 195 190 193 194 176 152 139 137 238 287 286 273 243 229 228 225 203 169 238 251 256 212 131
174 176 178 180 184 186 180 155 124 111 110 112 112 112 110 110 111 116 120 125 127 128 129 123 115 110 109 115 119 119 118 117 118 122 127 129 116 105 104 108 108 115 126 131 138 165 212 203 136 114 122 137 151 161 166 174 175 172 164 138 121 115 111 109 111 117 121 126 135 151 185 206 198 187 183 191 193 168 150 142 171 284 282 260 227 212 218 221 219 216 206 239 246 229 179 143
174 176 178 181 187 194 192 175 146 126 118 114 113 113 113 112 112 112 115 122 126 130 133 131 126 121 117 119 121 120 116 113 110 111 117 128 127 116 108 104 98 92 88 88 80 110 192 204 161 127 125 132 148 161 165 172 174 174 171 154 134 120 114 115 117 118 122 129 146 171 193 200 190 183 181 189 185 160 148 154 275 285 276 245 228 225 228 224 220 226 223 221 225 205 168 147
173 176 179 181 188 199 200 188 165 140 124 117 115 114 115 115 116 114 115 119 122 127 132 134 131 127 126 129 131 129 123 115 108 105 104 111 119 113 102 93 91 84 64 50 45 60 108 178 160 142 133 129 138 153 160 165 170 175 177 168 153 130 114 113 116 116 118 124 148 192 199 193 190 184 182 181 167 149 148 249 277 271 247 234 232 237 237 226 218 219 208 187 182 180 169 160
173 177 180 180 188 202 205 197 181 153 128 118 116 116 117 119 120 118 116 117 119 122 127 131 130 125 122 124 128 133 134 129 119 112 110 106 107 109 106 96 68 48 37 39 56 62 71 109 134 122 101 94 95 104 127 144 159 172 176 170 167 151 123 115 117 122 124 128 158 208 193 189 197 187 175 167 155 139 181 270 269 251 227 228 224 229 223 193 185 188 185 176 175 176 171 164
173 178 182 179 188 207 211 205 195 166 130 117 115 116 119 121 122 121 118 115 116 118 121 124 126 121 117 118 123 129 135 135 123 112 102 86 81 89 97 67 9 11 24 45 65 72 65 55 37 37 50 49 50 51 60 83 112 147 167 167 169 163 136 121 119 126 131 140 178 205 185 191 194 175 166 167 168 161 268 276 266 233 227 232 219 207 192 175 175 180 178 173 172 174 170 165
175 180 183 178 189 211 217 216 211 182 127 112 112 115 119 120 120 122 120 117 115 114 116 118 123 123 119 118 119 119 123 118 100 78 56 49 59 67 54 358 343 6 42 66 74 77 68 52 35 26 46 41 46 55 56 60 68 91 132 156 162 162 143 122 115 119 125 148 192 200 185 189 174 166 168 175 196 260 289 280 269 230 230 227 195 178 175 169 171 178 177 172 172 180 188 227
178 183 184 178 192 218 226 230 230 206 119 107 108 112 117 118 117 118 119 117 114 112 112 111 114 114 113 110 108 103 92 74 55 42 46 59 72 74 52 344 315 99 105 98 87 75 74 88 107 95 50 29 44 58 57 58 64 72 88 120 147 152 142 123 112 105 106 136 193 197 186 173 163 177 282 340 342 325 289 267 254 231 212 193 172 166 167 166 170 182 186 188 200 220 232 242
