tests/fixtures/watershed_abstraction/mdobre-womanly-ascot/dem/topaz/TASPEC.ARC
ncols   776
nrows   755
xllcorner  564333
yllcorner 5021478
cellsize   30.00
nodata_value    -1.0
[rows 0 to 43 of 755, columns 384 to 479 of 776]
270 90 90 0 270 90 0 270 90 90 90 90 0 0 270 135 135 135 135 180 135 180 135 90 90 90 135 135 135 135 135 135 180 180 225 135 135 135 135 180 180 225 270 270 270 270 270 270 270 270 270 270 270 270 270 270 270 90 0 270 270 270 270 0 90 90 90 90 90 90 90 0 270 270 270 270 270 270 270 270 270 270 270 90 90 90 90 0 270 270 90 90 90 90 90 90
317 7 23 11 1 5 8 11 25 36 37 29 23 26 56 118 140 147 152 156 158 158 147 126 113 105 103 108 120 134 138 134 149 194 200 170 149 149 155 161 247 287 293 293 292 291 294 297 301 304 308 307 298 291 292 309 340 359 2 355 338 327 332 342 7 23 27 31 38 42 27 3 342 323 315 316 319 321 325 330 335 341 358 44 69 77 71 355 328 0 35 54 65 71 77 86
297 348 26 20 9 9 16 26 39 48 50 49 53 68 92 111 123 129 140 154 161 166 159 135 118 106 98 95 99 109 122 128 147 193 201 168 141 143 162 236 290 294 292 288 285 284 287 292 298 302 313 318 308 295 289 298 327 0 13 17 6 345 330 331 352 9 20 27 38 45 27 356 344 328 317 319 322 321 321 325 333 346 10 48 65 68 54 342 325 2 36 52 63 71 76 84
295 330 22 27 18 17 29 44 53 58 61 66 74 88 100 108 112 115 125 144 159 169 165 144 127 118 108 103 100 100 103 111 133 184 199 169 138 139 218 285 290 288 281 276 271 269 268 272 280 290 304 315 315 306 292 289 302 6 48 52 37 353 326 322 335 357 16 30 45 52 31 349 341 324 311 316 322 323 323 324 333 350 19 46 53 50 33 353 337 7 36 51 63 72 78 85
297 324 22 33 28 32 47 60 65 66 69 74 80 85 90 97 101 102 106 122 143 160 162 148 134 124 117 114 110 107 102 101 112 161 195 172 138 150 264 280 282 282 280 279 275 271 268 268 271 277 287 300 314 317 301 289 288 45 75 69 54 357 314 310 320 342 13 33 50 55 32 347 345 323 299 302 313 319 322 326 336 355 18 36 40 35 25 5 355 13 35 52 63 73 80 86
302 320 31 44 39 43 57 66 69 69 72 74 74 72 74 80 86 89 92 102 124 149 158 147 136 127 122 118 114 112 109 106 108 133 182 171 143 215 275 281 283 284 283 282 281 281 284 287 288 287 285 286 297 307 302 291 284 85 87 76 52 2 311 296 302 328 7 31 49 55 33 349 351 335 299 293 301 311 317 325 339 356 14 29 34 32 26 15 7 16 34 51 63 74 81 85
313 327 36 45 39 47 61 70 72 71 71 69 61 57 64 72 79 85 90 102 122 147 160 151 143 135 129 122 117 115 115 115 116 127 161 168 168 260 279 282 279 273 268 268 273 279 286 295 306 313 307 299 294 296 302 302 298 106 91 65 24 7 332 291 284 301 346 23 45 53 34 353 356 344 301 288 291 302 311 321 337 355 13 29 36 39 35 18 9 14 27 44 60 74 82 86
336 352 32 38 37 49 64 73 75 72 66 58 47 49 65 78 88 93 98 107 123 146 163 158 151 144 138 133 125 119 117 117 120 129 150 166 217 264 271 265 258 254 258 266 274 279 283 289 304 319 325 322 314 307 307 311 324 115 72 20 8 11 2 297 271 276 309 9 41 48 30 6 6 347 298 283 283 290 302 312 328 353 14 30 42 47 41 8 358 8 21 40 58 74 83 87
1 15 30 31 35 46 55 60 60 59 56 50 47 56 73 84 93 97 99 104 115 135 156 157 154 150 146 143 135 126 119 115 116 125 139 170 240 255 249 241 241 247 259 268 273 278 280 282 290 306 323 328 324 318 311 310 117 111 322 342 359 18 24 327 290 286 301 351 40 50 31 12 21 3 298 280 278 281 290 300 314 346 12 28 45 52 40 354 342 357 16 38 60 76 84 87
31 39 32 20 18 23 36 47 53 53 48 48 59 73 85 88 90 89 90 92 99 110 130 142 146 147 147 148 145 139 130 119 114 118 127 193 260 264 259 258 261 265 269 270 272 276 279 280 283 295 315 326 324 324 327 45 93 99 272 288 330 18 33 345 311 303 306 340 47 64 50 28 48 22 293 282 278 277 279 285 297 327 3 22 39 44 28 348 335 348 11 39 65 79 85 87
84 55 26 10 2 9 36 55 62 56 40 45 68 85 96 98 95 91 89 89 87 86 88 100 114 125 133 140 144 143 140 130 121 118 119 269 283 292 296 294 288 283 279 276 276 279 283 285 287 295 310 327 329 335 30 65 75 73 264 252 269 335 14 352 322 312 314 339 62 84 103 146 117 135 290 288 283 277 271 274 284 308 343 4 22 28 16 352 340 346 9 43 72 82 85 86
46 7 8 2 346 7 70 83 76 55 36 45 65 79 90 98 100 98 93 87 79 72 69 74 79 85 92 101 114 124 132 134 129 122 124 275 279 278 274 270 267 268 270 273 275 277 279 282 285 289 299 332 359 18 79 93 73 54 302 261 255 279 335 343 326 321 327 352 73 91 117 158 165 283 296 291 279 267 259 261 271 293 322 347 7 16 10 358 347 349 11 47 75 84 86 86
355 352 0 358 354 33 82 89 69 41 40 48 59 68 74 82 84 83 79 74 70 68 71 76 77 76 75 76 81 90 103 118 126 128 181 266 267 261 256 258 260 265 270 274 276 276 274 271 270 267 262 223 151 152 112 112 70 28 328 313 290 274 270 293 299 310 328 18 83 92 106 152 281 297 291 279 265 255 252 255 264 282 306 330 355 8 5 359 352 351 11 50 77 85 87 87
352 351 359 357 2 45 69 65 41 36 52 58 61 66 66 64 60 61 65 68 72 77 82 86 87 86 85 83 82 85 90 99 113 128 238 273 282 290 295 291 287 284 282 283 285 287 281 269 254 240 226 208 197 186 125 80 40 354 312 304 270 237 210 215 238 256 282 35 80 88 92 319 290 285 275 263 257 251 249 249 253 264 280 308 340 356 355 356 353 348 10 56 79 87 89 89
353 352 358 359 16 55 63 53 47 62 78 75 72 70 64 58 59 65 73 78 83 88 92 93 93 93 93 93 93 93 95 97 103 117 264 278 286 292 295 290 284 279 279 282 287 293 293 275 252 232 227 227 233 272 8 48 58 270 239 223 203 192 184 207 234 245 250 62 84 88 93 237 260 260 259 254 252 245 243 242 249 261 274 298 331 348 347 349 352 344 12 72 86 91 92 93
356 354 1 9 32 59 63 58 66 78 81 74 68 65 64 67 76 82 86 87 91 96 99 98 97 96 96 97 98 98 99 101 100 108 268 273 275 276 277 276 274 274 277 281 286 290 293 279 259 243 242 244 253 281 10 60 106 158 192 203 182 164 169 217 249 250 236 186 107 97 101 223 251 250 248 245 243 242 238 239 253 266 277 294 322 344 346 348 350 334 26 87 93 95 96 96
359 359 8 25 50 66 69 69 70 68 58 52 56 61 67 75 80 82 83 84 88 94 98 100 103 103 102 101 99 98 99 101 100 109 268 271 273 277 283 288 288 285 284 286 288 286 282 273 263 251 242 242 246 250 135 102 132 156 184 193 173 162 174 222 245 245 233 203 112 99 99 228 253 251 246 242 240 241 241 241 251 262 270 285 312 342 352 352 343 325 64 91 94 94 93 92
3 6 22 43 65 77 80 76 64 53 44 44 54 65 72 74 75 76 77 81 85 89 93 98 106 111 112 111 107 102 100 99 97 108 262 262 260 261 266 273 278 280 281 285 288 283 276 270 263 250 234 236 243 236 178 143 153 164 181 185 174 172 189 222 239 250 256 265 89 91 93 239 254 254 249 243 244 244 245 243 250 260 266 274 293 331 9 9 305 267 107 94 91 87 85 85
10 20 39 57 71 77 72 61 48 42 44 50 58 65 69 73 77 81 85 88 89 88 91 97 105 112 116 119 116 109 103 99 95 107 250 249 242 240 242 245 253 266 271 276 282 280 278 273 270 265 254 252 257 251 193 137 142 154 172 178 174 180 206 234 258 272 283 309 73 85 89 254 267 265 261 251 249 246 245 246 252 260 262 259 246 196 168 178 177 179 130 104 94 89 86 87
23 38 57 68 71 68 55 43 41 45 52 56 54 54 60 69 77 83 85 85 84 86 92 98 104 110 113 118 119 115 109 103 99 111 234 245 245 246 246 249 257 266 269 271 272 272 271 271 277 290 305 293 282 283 329 38 50 78 129 165 174 198 238 260 273 276 281 301 76 85 87 297 278 276 275 268 263 259 257 256 258 261 259 248 222 191 178 176 169 162 138 116 104 98 96 95
37 50 61 65 62 56 47 40 44 51 54 53 51 53 62 70 74 78 77 73 75 85 94 99 102 104 104 106 109 111 112 109 106 116 214 252 261 268 271 274 277 275 271 266 260 258 257 265 274 289 307 303 293 294 339 29 58 82 108 157 187 231 263 270 265 263 265 266 88 89 88 295 282 282 282 277 272 273 272 269 266 262 256 243 217 192 179 174 166 153 138 123 110 104 103 102
47 54 58 56 52 50 47 48 52 57 61 63 69 76 84 86 86 82 75 69 77 89 95 97 97 96 95 94 96 99 105 109 110 118 200 256 265 269 273 275 275 271 265 258 252 252 253 261 266 269 277 283 283 285 319 107 105 108 130 177 233 283 286 276 256 254 256 247 99 92 90 285 280 281 282 274 272 274 275 276 272 263 255 241 220 194 175 168 161 145 134 123 113 108 107 106
53 55 55 51 46 50 55 60 65 70 78 83 88 90 91 88 83 75 70 75 86 94 96 95 94 94 95 97 97 97 99 104 109 115 199 257 261 261 263 267 268 265 262 259 256 257 257 259 256 250 251 263 269 272 142 143 130 130 151 202 255 287 301 304 300 288 279 276 91 90 90 273 273 273 275 279 278 280 281 281 278 269 261 247 226 190 168 164 157 140 128 120 114 112 110 110
55 55 54 51 50 58 68 72 75 76 79 80 80 80 77 72 71 74 83 94 99 98 95 93 92 93 97 101 103 104 104 105 107 109 241 270 273 275 276 276 273 268 263 260 257 257 257 256 252 246 247 258 261 241 140 146 141 145 176 249 275 288 306 319 325 326 324 344 69 85 87 263 265 265 276 292 295 295 293 286 281 273 264 247 220 183 163 162 153 137 128 121 118 117 115 114
57 55 55 56 60 67 72 71 69 70 71 73 72 72 72 77 87 97 105 109 105 99 94 89 88 89 94 100 107 111 112 112 111 112 254 271 272 271 267 263 259 258 257 258 256 257 259 258 256 253 249 250 247 208 147 145 145 162 261 294 301 303 309 315 320 329 340 15 68 83 86 249 263 268 290 306 313 318 311 294 284 272 260 235 204 175 159 159 149 138 131 125 122 120 119 117
62 60 62 65 66 67 66 64 65 70 74 76 76 77 83 94 102 107 110 109 104 98 93 91 91 90 90 94 102 110 115 116 114 119 237 254 249 243 244 246 249 254 260 265 269 273 274 271 264 258 253 244 233 200 161 152 158 283 303 313 318 314 309 305 307 316 344 51 80 87 87 259 273 282 300 313 326 337 333 314 298 282 266 227 187 166 154 154 147 140 134 128 124 123 120 117
75 72 73 73 71 67 66 68 73 80 85 87 87 89 96 103 107 109 108 105 102 98 96 98 99 98 93 91 92 96 104 109 112 124 214 241 242 243 249 251 254 259 265 270 272 274 277 278 269 262 260 249 231 203 178 195 291 314 317 323 328 321 308 297 288 283 304 94 93 91 89 298 288 295 305 317 334 347 347 335 318 301 294 243 145 150 148 148 144 142 137 130 126 121 111 107
91 88 86 84 81 77 77 81 86 94 98 99 98 99 101 103 104 105 102 99 98 97 98 99 102 104 101 95 90 89 92 98 105 118 195 244 257 266 270 267 265 268 269 267 262 259 261 262 263 261 258 246 225 211 218 263 296 312 317 324 329 322 306 284 259 235 174 124 107 97 93 297 292 299 305 316 336 350 352 347 332 315 318 57 104 127 133 134 134 133 125 116 111 97 84 77
97 97 95 93 91 89 90 91 94 96 98 98 98 98 96 95 94 94 93 93 94 96 96 95 97 101 102 100 98 97 97 98 102 108 183 259 266 270 270 272 275 274 269 261 256 253 252 250 255 259 258 246 226 229 256 275 286 298 308 318 328 325 301 256 229 208 169 139 120 105 96 293 291 294 299 311 332 348 353 352 342 325 337 72 95 107 110 107 101 89 77 73 62 54 56 53
99 100 98 96 95 94 94 92 89 86 86 88 90 91 89 88 86 86 88 90 93 95 96 95 94 94 95 97 99 102 105 108 108 109 265 276 275 272 270 272 273 269 261 253 251 250 247 241 247 263 277 296 314 305 283 276 276 281 294 306 327 351 353 217 212 191 160 143 129 113 105 286 285 286 290 301 322 340 349 352 345 336 0 68 86 91 85 74 62 50 53 56 48 40 44 49
102 100 96 93 92 91 90 87 83 79 80 83 87 90 90 89 88 87 89 91 93 96 98 98 96 94 92 92 94 99 106 112 114 115 285 285 286 283 277 273 267 261 253 248 247 243 237 234 247 272 296 322 340 357 331 276 264 257 261 270 280 85 121 187 200 170 148 145 138 125 159 279 281 282 284 291 308 327 341 348 344 340 17 64 72 60 52 51 55 61 69 68 60 48 50 58
110 103 97 92 90 89 88 86 83 80 80 84 88 93 95 94 93 91 91 93 94 94 94 96 97 97 94 92 92 94 99 106 111 121 277 280 280 278 273 266 261 254 247 242 239 237 236 238 254 277 304 326 348 17 26 268 237 228 229 227 204 170 158 180 187 153 140 147 151 144 240 274 278 279 281 286 299 317 333 343 339 340 26 58 53 34 31 45 63 78 89 86 77 73 78 79
126 117 106 98 93 91 90 88 85 81 80 83 86 92 94 95 95 93 92 93 93 92 91 91 93 96 97 96 95 94 95 97 100 134 271 273 271 267 262 260 258 253 242 233 232 235 238 242 252 266 283 301 342 67 91 165 207 212 216 212 199 188 187 190 167 138 134 150 177 187 247 268 273 276 280 286 296 311 328 338 336 341 23 43 34 23 30 50 68 78 82 81 76 78 82 78
142 136 123 111 103 98 95 92 88 84 81 81 82 86 91 92 93 92 92 92 92 93 93 92 92 94 97 97 98 99 99 98 100 191 260 260 255 249 248 255 257 252 239 236 242 248 252 255 260 263 257 231 179 144 134 150 189 208 208 203 202 210 217 207 154 126 127 154 203 217 246 267 272 276 280 287 294 307 322 333 335 341 8 27 25 22 34 54 67 71 67 57 53 57 53 42
151 149 139 127 117 111 107 104 100 97 93 87 85 87 92 93 93 92 92 92 91 93 94 95 94 94 95 95 97 101 106 109 113 194 251 256 255 255 259 262 260 252 252 265 277 284 289 292 290 280 254 208 174 154 144 150 178 203 204 198 204 219 225 212 154 125 125 160 221 236 257 272 276 278 282 287 294 305 320 329 332 337 354 11 19 22 33 49 57 57 48 36 33 38 36 31
152 155 150 142 132 124 119 118 116 114 110 102 97 95 95 94 93 94 95 95 95 94 96 97 99 99 99 99 100 103 110 117 124 224 267 272 273 272 269 264 259 258 271 286 293 299 304 305 300 280 240 194 176 159 151 157 175 191 196 197 208 221 222 205 163 136 134 177 232 246 261 272 277 281 286 292 298 309 322 329 332 337 349 4 13 18 25 36 40 37 31 26 25 27 30 34
145 156 155 151 144 137 131 128 125 123 121 115 106 100 97 95 95 97 100 101 101 100 100 102 103 104 104 104 103 104 109 115 128 257 276 275 272 265 259 256 255 263 276 285 289 293 296 295 282 237 206 188 178 166 159 164 175 186 191 194 206 219 218 199 165 142 145 195 236 248 259 269 275 282 289 295 302 312 323 329 331 337 349 2 9 15 21 27 28 24 22 23 23 23 26 34
130 145 153 152 150 149 145 141 135 128 123 119 112 106 102 101 102 104 106 108 108 107 108 108 107 107 108 108 107 106 106 109 137 258 263 261 258 253 249 251 258 266 273 278 280 283 285 281 244 202 197 190 180 168 161 166 177 187 191 191 196 206 208 192 164 144 151 219 249 256 262 269 274 281 289 295 303 312 320 324 326 333 347 1 9 14 19 23 23 20 21 24 26 25 27 36
116 124 136 142 145 151 154 154 150 141 131 121 113 108 105 107 111 113 115 117 117 114 115 117 115 113 112 111 112 112 111 114 170 252 255 254 251 247 249 257 264 269 271 272 272 270 265 247 199 186 195 196 184 165 158 164 179 190 191 185 186 193 196 185 164 146 163 251 263 263 264 269 273 279 287 295 304 309 313 316 318 327 343 0 8 13 17 20 20 19 23 30 35 35 38 50
118 113 116 121 127 137 148 157 162 156 147 131 116 107 106 110 117 123 127 129 125 118 117 122 123 119 115 112 113 114 115 122 197 252 256 255 254 257 265 271 272 272 272 271 269 265 253 229 197 189 197 200 184 162 156 162 177 186 185 180 178 183 187 181 170 167 219 265 268 265 264 267 271 277 284 293 300 304 307 308 311 319 335 355 4 6 10 16 19 20 27 38 47 51 58 68
135 125 120 114 109 112 124 146 163 166 162 147 127 116 112 114 119 127 134 138 134 121 116 121 127 124 118 115 114 114 115 127 230 264 271 273 275 278 281 281 278 275 274 273 272 268 258 237 211 197 198 193 175 161 159 164 174 181 180 176 175 179 181 180 185 209 255 272 271 265 262 264 269 274 281 288 295 299 302 302 303 307 319 341 353 356 2 15 25 30 42 54 63 68 72 74
152 142 135 126 115 108 111 129 151 166 172 163 141 127 123 124 123 125 134 144 144 129 119 120 128 129 124 121 120 118 119 138 259 276 281 282 283 282 281 280 278 276 274 273 273 272 267 250 227 203 190 179 165 158 161 166 171 177 177 172 174 178 179 185 220 259 274 276 269 260 257 262 268 274 280 286 291 295 296 295 294 297 304 322 335 341 359 36 59 71 79 83 83 83 82 77
159 152 146 139 133 122 115 116 130 154 175 173 152 134 128 129 126 122 128 144 152 143 130 126 130 133 130 127 126 124 123 192 282 292 291 287 285 281 278 276 275 275 274 273 273 271 267 252 228 200 179 166 153 148 154 164 169 175 173 168 171 181 195 248 275 278 275 268 256 249 252 261 268 274 281 287 290 292 291 288 287 288 294 306 317 296 153 133 120 114 108 103 98 96 93 89
153 151 148 145 142 136 126 114 115 134 165 175 161 142 131 130 128 123 125 135 150 153 143 135 132 132 131 129 128 127 128 277 293 301 301 298 296 293 287 282 280 279 278 275 273 271 268 256 229 188 168 158 143 134 141 158 167 173 174 171 177 199 243 274 277 270 260 247 232 238 250 263 270 275 281 286 288 289 286 283 280 279 282 284 196 149 152 149 139 128 117 112 107 103 101 101
