tests/fixtures/watershed_abstraction/mdobre-womanly-ascot/dem/topaz/TASPEC.ARC
ncols   776
nrows   755
xllcorner  564333
yllcorner 5021478
cellsize   30.00
nodata_value    -1.0
[rows 308 to 351 of 755, columns 288 to 383 of 776]
312 323 339 350 351 347 341 338 336 332 331 331 331 327 324 326 329 333 337 336 331 330 334 339 338 334 332 329 330 342 353 348 342 345 350 352 353 353 355 358 353 351 356 0 358 338 293 273 272 268 259 227 195 226 239 254 270 288 342 4 345 349 358 3 6 8 358 309 265 222 193 190 181 150 135 159 205 229 237 218 192 197 209 212 195 176 175 179 176 177 185 194 206 220 224 208
317 325 342 353 351 344 339 337 335 332 331 331 330 326 323 326 330 333 337 337 333 331 334 340 340 333 330 331 332 343 353 344 339 349 355 354 359 2 357 349 343 348 2 16 27 31 317 282 284 276 252 209 190 218 250 273 285 297 339 357 332 337 353 3 12 17 19 8 228 188 169 180 193 165 128 136 215 241 240 201 156 170 193 199 187 175 173 174 173 174 182 195 205 209 203 189
323 325 335 343 343 341 338 335 333 331 331 331 330 327 324 326 328 330 334 336 335 333 334 338 339 331 326 331 334 343 350 342 338 353 0 2 14 14 346 337 343 352 11 35 49 57 28 281 282 288 288 256 225 261 271 275 276 278 302 324 312 324 343 359 13 18 26 35 39 102 130 163 201 184 138 133 214 236 222 182 155 159 176 184 179 175 174 175 175 176 180 190 199 201 195 186
324 322 327 330 333 336 335 334 331 330 331 331 330 328 326 325 325 325 329 334 335 333 332 335 336 326 321 327 333 341 347 340 338 356 11 19 24 13 349 331 332 163 153 100 63 45 25 323 297 311 340 356 350 334 320 306 284 261 256 289 304 322 331 347 11 22 27 36 46 70 106 142 182 185 171 171 193 205 196 174 160 161 168 171 172 174 175 176 178 179 181 186 194 194 189 184
325 330 330 325 329 335 335 333 331 330 330 329 327 327 327 324 321 321 324 330 333 333 332 333 332 320 316 323 333 337 338 335 337 1 24 21 19 29 71 172 169 171 178 171 155 121 349 332 324 332 347 352 353 344 336 341 346 324 305 300 307 319 322 342 16 32 35 46 65 91 115 137 165 181 182 184 188 185 180 171 163 163 166 166 168 172 175 178 181 183 186 188 190 188 182 179
332 334 329 324 328 335 334 331 329 329 328 326 324 326 327 324 321 320 322 326 330 331 329 330 326 316 313 317 320 322 326 329 338 11 31 18 25 66 102 139 161 168 182 182 181 207 285 314 329 340 329 330 342 348 341 353 8 354 332 317 318 319 319 342 33 57 65 77 91 103 118 132 152 175 185 188 186 178 173 168 164 164 165 165 166 171 177 181 185 189 193 193 192 184 171 167
333 333 327 323 327 333 332 329 327 327 328 326 324 324 322 320 319 320 323 325 325 328 327 328 329 323 314 308 305 306 311 315 333 45 60 41 67 87 93 103 146 315 338 31 38 272 275 286 307 341 332 321 331 343 339 6 26 352 331 325 326 317 292 191 126 117 119 118 112 110 114 124 138 162 180 185 182 176 172 168 165 163 165 167 169 174 181 187 194 202 205 204 200 184 158 145
334 334 327 323 326 332 331 326 323 323 325 325 323 320 314 313 315 317 323 324 326 331 327 326 331 329 307 282 277 275 266 243 189 143 141 153 129 104 94 88 45 278 297 65 58 272 259 249 236 228 272 269 267 253 213 120 124 295 290 286 278 223 179 169 159 149 144 143 132 119 114 116 126 147 168 176 178 176 172 168 164 163 165 169 173 181 188 194 203 211 212 210 204 188 155 129
336 335 328 323 326 330 329 323 317 316 319 320 319 315 308 308 310 313 321 323 327 330 323 320 331 56 202 221 233 230 212 201 186 156 148 158 157 127 88 70 43 272 287 43 58 252 237 227 213 198 203 209 209 205 188 168 176 192 197 192 185 178 174 174 171 162 156 155 150 139 127 123 127 139 154 165 171 174 172 167 162 159 161 165 173 184 191 197 206 211 209 206 201 190 170 137
335 334 326 321 321 324 323 318 312 308 309 312 315 312 308 306 305 308 312 312 316 316 308 303 124 142 176 205 214 206 192 195 195 163 144 154 168 173 119 71 22 329 337 0 27 41 249 243 233 207 205 204 200 195 185 177 178 179 181 181 179 178 177 177 176 170 165 164 162 158 147 137 134 140 148 155 164 170 171 167 157 145 141 147 162 180 191 197 205 210 208 205 200 194 181 150
330 326 316 310 309 310 310 308 305 302 304 309 312 311 306 301 296 292 288 284 279 271 253 188 140 144 171 200 204 194 187 196 202 170 141 146 172 197 193 132 2 315 321 359 54 67 61 256 264 245 160 182 188 186 180 176 176 176 177 177 177 178 180 180 177 173 171 169 168 167 160 150 143 144 148 152 157 164 171 171 151 118 107 112 128 160 185 195 204 208 207 204 200 196 189 161
316 309 302 298 296 294 293 295 298 302 303 305 305 302 296 285 272 260 252 240 229 220 201 167 148 150 172 197 196 190 192 204 208 169 137 139 170 207 214 236 295 300 197 173 142 111 85 205 201 182 154 155 168 174 173 173 173 173 174 176 177 179 180 180 178 176 175 173 172 172 168 160 152 149 151 152 156 164 181 193 167 111 99 95 94 103 146 182 200 206 205 204 201 197 192 172
301 299 298 299 298 296 296 295 297 297 294 291 287 282 269 249 237 232 225 216 211 203 183 161 151 154 174 195 193 190 205 226 226 150 122 128 161 236 266 290 311 7 73 132 148 118 13 78 146 163 165 156 159 167 168 170 171 170 172 175 177 179 180 181 179 178 178 177 176 176 172 168 161 156 155 155 157 170 203 217 183 121 103 96 88 81 86 122 182 202 204 203 201 199 194 179
306 306 305 308 307 305 300 293 286 279 271 264 256 240 222 215 216 217 215 214 209 193 170 155 149 153 174 196 196 196 224 248 258 99 98 103 324 299 293 291 305 29 64 65 70 150 159 133 128 144 162 162 159 164 168 169 170 169 171 175 177 178 180 181 182 180 179 180 180 180 178 176 172 165 158 155 159 181 214 219 185 126 110 108 108 103 93 94 124 187 204 206 204 201 195 184
316 312 310 310 304 296 285 272 262 255 248 237 226 210 203 205 209 213 216 215 203 182 164 153 148 152 170 193 199 208 244 264 280 72 84 18 325 336 293 276 275 63 76 76 108 146 157 157 139 139 158 165 162 163 167 169 170 170 172 176 177 177 181 183 185 184 183 184 188 190 191 194 191 173 149 141 156 187 212 222 194 119 109 114 125 131 127 116 118 155 205 213 210 205 196 186
316 309 305 296 285 274 261 253 251 249 241 223 213 207 206 212 217 222 220 204 188 176 168 162 155 154 164 186 201 222 253 267 281 54 72 14 300 331 273 259 247 146 114 125 142 149 154 157 150 142 151 163 165 163 164 167 171 172 173 177 177 178 182 186 189 189 188 192 201 211 220 226 228 216 147 121 137 172 208 223 202 116 103 107 121 135 139 138 140 158 208 220 208 202 194 186
303 294 283 271 263 253 248 251 256 254 241 218 216 223 228 232 235 229 205 183 177 176 175 173 166 158 160 180 210 240 256 261 264 50 69 75 224 195 237 250 216 157 142 144 149 152 152 154 152 146 149 160 167 164 163 167 172 174 176 178 178 179 182 188 194 197 195 199 208 214 214 210 204 197 182 167 159 172 200 209 190 142 114 109 117 131 133 137 151 168 208 214 198 192 187 187
278 267 261 261 256 245 249 257 262 258 244 225 238 249 249 244 231 204 177 169 171 177 183 186 175 159 160 184 236 259 262 257 252 236 80 92 180 200 220 214 173 154 148 147 148 150 150 150 150 148 148 157 167 167 164 169 175 177 178 179 180 181 183 188 192 200 201 202 208 208 202 199 198 194 187 182 175 178 194 196 182 161 134 124 130 139 135 135 162 247 250 218 199 207 237 288
259 257 260 261 260 257 263 267 266 264 254 246 253 252 239 223 200 177 163 162 168 180 195 201 183 159 163 211 265 272 269 256 250 236 105 96 120 181 184 176 159 150 148 147 146 147 148 148 147 145 145 153 165 168 166 172 178 181 184 191 200 205 212 220 202 201 199 197 200 199 198 199 200 196 191 186 182 183 189 188 181 169 145 135 143 152 147 152 315 337 347 349 348 339 334 332
256 265 269 268 266 270 274 276 276 273 260 241 240 231 213 201 180 163 156 157 169 193 215 218 198 163 180 266 278 276 273 263 254 234 135 104 119 149 162 162 155 148 146 145 143 144 145 146 144 141 141 149 167 183 342 351 350 350 350 346 346 351 354 357 6 9 325 210 204 199 196 195 198 200 195 189 185 183 181 182 183 178 157 142 147 158 290 327 337 351 356 356 356 348 332 318
251 259 264 267 272 276 277 276 274 260 218 212 220 209 197 190 174 158 151 159 192 223 243 249 250 288 325 301 284 281 284 286 269 234 151 128 126 138 151 155 152 146 144 143 142 141 141 141 140 137 136 148 271 317 341 348 350 350 350 348 348 352 354 359 11 19 15 5 357 343 297 210 201 201 196 189 186 181 178 181 183 181 166 151 43 338 337 337 344 356 1 0 1 0 350 332
246 246 249 258 267 276 275 267 253 218 188 202 210 198 195 190 174 159 149 162 215 245 282 302 329 343 334 322 300 293 299 306 290 200 144 138 131 132 141 149 150 144 143 142 141 141 140 139 138 134 131 207 280 298 323 331 335 339 342 345 350 355 355 0 12 18 14 9 6 6 7 8 5 319 214 196 188 180 174 177 188 193 198 319 330 337 340 342 348 358 6 9 9 10 5 350
277 261 253 252 252 254 258 251 228 199 189 210 214 200 202 202 183 170 149 166 264 286 301 318 347 350 338 333 318 304 300 300 256 139 137 138 135 133 135 144 149 145 141 140 140 141 141 139 141 142 138 283 287 300 317 326 331 335 338 343 351 357 357 0 10 15 12 9 9 9 9 10 14 14 5 356 353 359 0 0 352 343 339 328 326 332 340 346 353 0 7 11 11 15 14 1
321 315 296 273 266 263 261 252 226 202 211 232 234 226 233 237 203 173 108 333 300 297 297 310 345 349 337 334 321 303 280 228 145 138 139 141 142 140 137 141 149 148 142 139 139 142 141 140 148 167 332 310 303 310 319 324 330 334 338 344 353 359 359 1 9 13 9 6 8 9 11 10 12 14 11 4 0 359 359 359 349 340 336 329 327 329 334 344 357 5 9 12 13 15 16 10
330 336 336 323 313 310 302 298 307 312 289 270 267 280 295 308 335 0 0 330 307 302 297 306 340 344 330 328 312 248 200 173 150 145 144 145 147 146 141 141 148 151 145 139 139 142 142 143 290 327 333 321 315 316 319 323 329 333 338 346 355 0 1 2 7 10 6 5 7 8 9 10 11 12 12 7 2 1 2 358 343 334 331 326 324 323 324 336 355 8 12 15 17 18 18 13
320 335 338 330 327 329 326 326 337 350 354 338 302 301 318 334 345 354 352 332 315 310 305 311 335 342 331 327 167 152 163 161 151 149 148 147 149 150 147 144 149 153 149 142 140 143 151 303 321 328 327 322 318 317 319 322 326 331 336 346 355 0 3 4 6 6 4 4 6 7 9 11 13 13 12 9 5 3 2 359 341 328 325 324 321 318 315 321 341 3 17 23 22 18 16 16
319 327 331 332 331 335 339 335 339 352 2 359 341 327 335 349 353 347 343 337 324 310 301 303 323 345 4 101 133 134 146 154 150 149 150 149 151 152 151 150 152 155 153 148 144 141 317 315 322 326 321 321 319 316 318 320 323 328 333 343 353 0 4 4 4 4 3 5 7 8 9 12 13 12 11 9 6 4 3 1 346 328 324 323 319 316 315 313 320 349 18 24 20 15 13 15
322 328 333 334 335 342 347 337 335 349 1 1 353 342 343 356 0 344 336 339 330 314 302 300 308 19 103 136 136 131 139 148 148 147 149 150 151 153 154 154 156 158 158 159 292 337 329 320 325 328 322 323 322 317 314 312 314 319 324 335 347 357 2 3 2 3 3 5 8 9 10 11 10 10 10 9 7 5 5 4 354 334 321 318 315 311 311 312 311 330 18 25 18 12 12 18
322 326 331 335 338 345 349 340 333 340 352 358 356 348 346 355 357 342 335 341 340 325 314 305 282 130 132 143 141 136 139 144 146 145 147 150 152 154 158 160 161 163 182 313 326 333 332 327 329 332 326 325 326 322 313 303 300 302 308 319 334 348 357 357 357 3 5 6 8 9 9 9 9 9 9 9 8 8 9 7 2 347 324 315 312 304 300 297 289 275 151 82 52 27 19 23
323 326 330 331 336 344 347 343 335 334 343 352 352 345 343 351 353 344 341 349 352 328 306 261 160 140 138 139 138 138 138 141 145 145 145 150 153 156 163 168 185 331 330 325 325 331 334 332 333 335 329 328 331 330 323 312 303 298 295 303 316 333 347 350 352 1 6 4 5 7 8 10 11 10 10 11 12 14 15 12 9 358 330 313 303 292 281 263 238 195 174 171 168 170 168 47
328 328 329 332 340 346 345 344 341 337 338 344 342 335 335 343 349 344 347 6 26 293 201 165 150 144 140 135 133 135 138 140 143 144 144 150 156 160 280 333 336 338 332 327 327 331 335 336 335 335 333 333 336 337 334 326 322 315 303 301 307 320 333 334 338 358 5 1 1 3 7 11 15 15 14 15 18 20 20 17 16 8 343 320 300 274 254 237 216 187 171 170 171 182 202 217
334 333 335 337 344 348 345 345 347 342 336 336 331 331 333 333 339 348 30 103 131 162 163 154 150 148 144 137 133 132 136 137 140 142 143 150 229 331 333 335 335 336 333 330 329 332 335 336 335 335 334 336 338 340 339 334 336 335 322 310 306 313 315 297 273 270 319 331 338 350 3 13 18 19 17 19 22 24 23 21 18 11 356 344 332 309 276 249 219 190 172 170 176 203 235 245
338 339 336 334 342 348 346 349 354 350 337 330 329 336 335 322 335 111 131 137 148 158 155 150 150 149 145 141 135 132 133 133 136 141 146 320 328 330 330 332 334 335 334 332 330 332 334 336 335 334 334 335 337 339 339 338 345 346 338 319 301 292 270 230 218 224 240 261 280 302 341 11 22 23 21 22 26 27 24 21 19 13 3 357 353 348 341 334 336 346 355 333 335 331 301 288
334 341 338 331 334 340 344 353 0 355 342 332 327 338 353 234 158 144 140 142 149 153 153 151 149 148 145 143 137 134 135 134 135 146 314 321 324 325 327 328 332 334 335 335 332 332 334 336 337 336 336 336 336 339 339 341 350 354 350 333 305 272 229 209 219 243 262 277 285 291 308 356 26 29 26 26 30 30 27 22 17 13 8 4 359 357 358 0 8 12 10 355 342 341 315 301
327 342 339 329 330 334 341 353 1 358 343 323 294 174 153 158 151 147 144 146 149 151 155 152 148 147 145 143 138 136 135 133 137 309 316 319 320 322 323 325 330 332 335 337 335 333 335 338 341 341 340 339 338 343 344 345 356 4 4 359 344 321 284 268 265 265 271 278 285 287 293 326 30 28 22 24 30 31 28 22 16 13 11 8 3 4 8 12 20 23 19 6 355 346 318 303
326 341 340 328 324 322 326 348 31 76 204 191 177 165 157 153 150 148 146 146 148 150 155 153 150 148 146 145 140 135 132 133 295 307 314 318 319 322 322 323 327 331 334 338 336 334 335 339 343 344 343 340 340 347 352 353 4 21 24 20 16 7 344 320 306 282 271 267 265 263 255 235 320 336 346 1 17 24 23 19 16 14 12 11 9 12 16 20 28 32 26 12 2 351 325 306
329 343 337 305 277 228 194 177 168 167 169 171 170 164 157 152 148 147 145 142 141 145 152 152 151 151 149 146 140 137 139 267 297 304 311 315 317 320 320 320 323 328 331 334 335 334 334 337 343 346 345 342 343 356 34 30 16 35 39 35 31 31 12 330 310 295 276 267 259 256 256 275 320 320 325 340 2 16 18 18 17 15 14 15 15 16 23 27 31 33 26 13 3 357 341 316
318 209 187 204 197 183 175 171 168 165 166 171 171 162 155 152 147 147 146 140 138 143 148 150 151 153 152 149 147 149 259 306 305 306 311 314 315 318 318 317 319 323 327 330 333 334 332 335 342 349 350 354 91 124 119 111 355 31 39 36 35 39 29 343 308 298 290 281 274 275 284 306 320 313 308 315 341 8 17 20 20 18 16 19 19 20 27 31 29 26 18 9 3 0 354 342
169 168 173 181 179 173 171 168 166 165 166 171 171 161 155 152 146 145 145 140 139 142 145 146 148 153 157 158 161 296 317 315 313 313 315 314 315 317 317 316 316 321 325 328 332 334 333 334 341 67 140 144 144 140 126 270 306 15 38 41 42 47 35 355 315 299 299 297 293 292 297 307 308 299 292 285 279 315 6 19 19 18 19 21 22 22 28 30 24 19 14 7 3 2 1 358
161 164 170 174 172 169 168 164 162 163 166 172 169 159 156 155 147 145 142 136 136 141 143 143 146 156 166 191 323 321 320 320 318 318 318 316 316 318 321 321 317 318 322 324 323 322 324 336 145 145 146 142 139 122 79 283 256 193 104 73 61 53 31 359 323 303 303 306 307 307 309 312 306 295 287 270 241 244 279 346 3 13 22 27 29 26 26 24 16 12 9 8 6 3 4 8
162 165 169 168 165 163 163 160 160 162 166 172 168 160 159 158 152 148 142 134 134 138 141 143 147 166 314 326 324 322 320 321 320 321 323 321 320 321 324 323 317 314 312 300 278 252 188 148 142 140 132 77 19 20 27 37 190 180 163 131 85 52 17 351 326 308 302 301 304 307 311 317 313 302 290 267 242 252 269 291 330 6 33 43 42 30 20 15 8 6 8 10 10 6 10 18
164 166 166 163 159 158 160 159 159 162 166 170 168 162 160 160 156 151 142 134 134 135 138 142 173 318 322 322 321 319 317 319 321 324 325 325 324 323 324 324 320 313 292 254 238 224 180 135 115 63 7 358 9 23 40 62 101 146 139 112 62 34 2 338 315 301 294 290 292 299 311 319 317 317 312 300 298 280 275 274 284 335 49 50 40 22 8 4 0 2 9 16 17 15 23 36
165 164 158 157 156 155 158 157 158 161 165 168 168 164 163 163 160 153 141 134 133 134 138 176 304 313 318 320 321 318 317 318 321 325 325 325 325 326 329 328 326 320 284 251 246 238 203 114 49 0 351 355 17 39 51 55 41 17 14 11 16 9 341 316 304 300 299 298 301 311 324 329 330 343 355 337 319 293 276 268 261 274 28 30 21 9 357 353 353 358 10 23 29 34 44 53
167 163 152 152 153 151 154 155 157 160 164 168 169 167 167 168 165 157 142 134 131 133 149 297 302 308 312 316 317 316 315 316 321 328 329 327 327 324 323 320 322 323 284 264 256 245 224 194 311 327 338 358 28 41 42 36 22 13 10 8 6 355 333 320 315 313 312 313 314 320 331 337 341 2 20 2 323 289 268 260 254 270 325 1 2 357 350 348 351 357 9 25 36 44 50 51
