tests/fixtures/watershed_abstraction/mdobre-womanly-ascot/dem/topaz/TASPEC.ARC
ncols   776
nrows   755
xllcorner  564333
yllcorner 5021478
cellsize   30.00
nodata_value    -1.0
[rows 308 to 351 of 755, columns 480 to 575 of 776]
319 317 318 318 315 310 303 298 295 291 290 290 294 294 291 287 285 285 284 283 284 285 287 287 288 293 302 311 312 309 308 310 318 338 359 3 1 355 347 339 332 329 327 333 3 36 49 53 48 37 32 31 28 14 355 346 347 7 34 51 58 24 338 339 334 327 324 327 327 325 324 321 325 339 346 347 348 351 355 359 2 359 351 342 338 342 347 352 0 5 357 347 349 347 340 338
287 287 289 290 291 293 293 293 294 294 292 290 291 288 282 277 273 270 271 277 282 286 289 291 289 288 287 289 291 289 283 276 271 275 309 339 347 343 336 329 320 315 306 301 9 55 55 53 46 34 30 31 29 20 4 352 353 16 39 50 52 24 323 315 311 305 301 299 297 298 302 307 312 324 335 337 336 335 338 345 352 357 357 352 345 342 340 344 356 6 357 344 341 338 336 336
268 269 273 276 280 286 293 301 305 306 297 289 283 277 274 273 272 274 282 291 300 307 308 304 297 291 289 292 295 292 281 268 256 245 240 243 254 268 275 274 267 254 238 222 187 111 62 49 40 32 29 30 31 28 16 1 359 22 43 51 51 34 327 301 296 291 284 277 278 282 291 298 307 321 327 327 324 325 327 331 338 348 356 358 356 351 343 341 350 359 351 338 331 329 331 334
264 264 266 272 279 290 300 306 306 301 287 278 271 269 271 278 288 297 301 305 311 316 315 310 304 298 291 285 280 273 266 257 248 239 234 234 236 240 242 237 227 222 219 213 202 184 55 37 33 30 27 27 34 37 29 14 8 26 43 49 49 38 346 310 304 307 307 303 301 305 315 313 312 322 326 322 316 312 314 319 326 336 345 355 3 3 350 340 346 351 345 334 327 326 329 334
265 261 261 270 280 290 293 293 287 276 267 261 259 265 275 285 294 301 305 308 312 312 310 307 302 295 284 272 262 255 251 245 241 238 235 234 233 231 227 218 214 217 219 216 217 228 264 359 20 25 24 25 35 42 36 22 18 27 39 44 46 37 0 323 317 325 330 326 319 320 332 332 323 319 316 310 301 297 299 305 314 325 334 349 2 4 357 349 345 344 337 327 322 324 331 339
267 262 261 265 271 272 268 258 247 245 245 248 256 269 277 282 286 291 297 300 300 299 295 292 288 284 277 270 263 256 249 244 242 240 236 233 229 222 213 206 209 212 213 215 219 233 254 289 344 11 18 25 36 44 39 26 25 32 36 40 43 35 7 330 318 325 329 326 317 313 325 334 319 289 279 278 280 284 290 296 300 306 312 331 351 354 355 355 348 340 329 319 315 320 333 354
251 250 250 251 247 242 239 230 224 227 232 242 259 270 276 280 284 287 289 290 290 287 282 279 276 273 269 263 256 249 243 242 240 236 231 226 219 209 199 196 202 205 207 216 225 236 251 267 295 336 5 25 39 46 44 32 28 35 37 37 40 35 15 336 311 310 314 308 289 264 232 201 202 231 251 262 274 279 283 283 281 280 283 298 319 328 343 353 347 338 323 311 308 315 340 39
230 234 236 238 236 228 224 219 218 225 232 242 257 266 274 282 287 286 287 287 285 280 274 269 262 259 255 252 248 243 240 241 237 229 224 219 207 196 191 190 197 202 209 221 231 239 250 260 274 296 335 26 43 48 47 38 31 39 42 35 33 33 23 352 309 290 278 257 236 219 205 194 201 234 260 273 279 276 273 266 262 262 267 277 293 298 314 336 340 333 314 299 293 296 356 68
224 229 230 230 230 226 223 220 223 230 239 248 257 264 271 280 286 285 282 278 274 269 265 261 256 250 246 240 237 236 237 235 228 220 215 205 191 190 190 189 196 206 219 235 245 250 256 262 269 278 295 21 46 49 50 45 40 46 48 36 26 30 31 16 329 288 255 229 217 209 202 199 215 244 263 274 277 271 262 253 250 253 260 271 282 290 299 312 326 329 312 290 276 261 172 77
222 225 225 224 226 226 226 229 235 240 247 255 262 267 270 275 277 276 272 268 263 259 256 253 246 242 239 236 233 231 229 223 217 210 202 191 184 189 194 194 207 230 250 261 263 263 264 267 269 273 280 344 38 46 53 51 46 48 50 39 24 30 38 35 11 317 286 267 240 210 199 204 223 246 260 271 277 275 270 266 261 259 261 266 271 279 285 295 308 315 306 291 277 260 227 65
218 221 221 221 227 231 233 236 242 247 252 260 268 273 274 274 270 266 261 255 252 247 245 241 232 231 233 233 231 227 220 210 206 199 188 182 185 195 201 209 232 261 276 277 273 270 271 272 272 273 280 315 7 32 46 48 44 46 48 43 31 35 46 51 48 2 297 299 299 215 181 205 231 250 262 273 284 290 292 293 291 282 272 267 267 271 277 283 291 295 292 284 275 263 257 303
213 215 218 220 226 233 239 244 249 252 257 268 275 278 276 272 265 259 253 246 242 236 232 230 226 226 228 226 221 212 205 199 195 188 181 183 193 202 212 233 257 273 278 280 279 278 276 274 273 271 274 292 331 10 35 45 47 51 52 50 46 44 54 62 66 60 244 223 202 172 158 206 245 260 268 277 288 299 302 305 309 306 295 281 275 275 278 281 283 283 277 269 260 254 258 277
209 212 216 220 229 240 248 254 258 263 272 281 284 281 275 267 261 255 246 239 235 229 224 223 220 219 220 217 210 199 192 187 183 181 183 191 201 212 231 254 269 275 275 275 277 276 272 269 267 267 268 276 297 339 23 47 54 58 59 56 52 47 53 65 70 69 194 205 193 180 165 208 258 268 275 284 296 308 310 312 316 320 317 306 294 284 277 270 263 258 254 249 246 250 258 272
210 214 220 227 239 251 257 261 265 273 281 285 285 280 273 264 258 250 240 233 228 223 218 216 216 215 214 210 201 187 179 179 180 182 190 200 210 228 250 264 268 265 263 264 266 264 261 260 261 264 270 275 283 302 358 45 56 59 60 55 46 43 45 57 62 58 48 51 202 197 195 246 277 284 290 296 307 316 316 315 318 323 324 321 310 291 272 258 248 245 244 242 244 251 259 269
213 220 228 239 251 259 263 265 269 276 281 283 282 276 268 259 251 242 232 227 224 219 215 211 212 213 208 200 187 175 173 177 182 188 199 208 221 240 254 260 257 253 255 258 256 254 254 255 258 260 266 271 277 287 321 33 53 57 57 52 43 44 45 48 49 45 40 36 34 329 316 318 309 305 304 307 316 320 316 311 311 316 320 322 318 298 269 250 243 243 245 247 252 258 263 269
220 230 239 252 259 262 264 266 271 278 282 284 279 273 264 254 242 232 224 219 215 211 208 205 206 204 194 184 176 172 173 179 189 196 205 214 227 241 249 251 249 251 254 255 250 252 254 255 255 257 259 265 270 279 297 7 48 55 54 50 42 44 47 40 38 37 34 31 23 354 337 332 325 319 314 315 324 325 311 295 293 299 307 315 324 318 281 253 245 246 252 258 264 267 269 274
231 243 253 261 264 262 262 267 275 281 283 281 272 264 254 243 231 223 217 213 209 205 200 198 197 188 181 179 175 174 178 185 194 203 213 223 233 243 248 247 246 251 254 252 248 251 254 253 253 256 257 262 265 270 281 324 34 50 49 43 36 38 44 37 30 34 31 28 18 356 341 334 329 325 322 324 335 340 307 278 278 285 295 306 326 348 325 268 256 259 265 271 275 277 279 283
243 253 260 262 261 259 259 265 273 275 273 264 253 245 235 226 219 215 209 205 202 196 191 187 185 181 178 178 177 180 184 190 203 216 225 232 242 249 250 246 244 247 250 250 251 252 254 254 255 258 257 256 257 262 270 290 5 38 40 35 33 36 42 41 34 34 30 25 15 355 340 331 327 327 327 332 348 10 334 288 283 284 289 297 320 357 5 327 295 286 283 283 285 286 287 292
246 253 256 257 256 255 257 259 259 255 248 240 234 228 222 218 214 209 201 196 193 186 181 179 180 180 178 181 183 186 189 200 220 234 240 242 248 250 250 248 248 248 248 247 249 250 250 251 254 256 255 252 253 257 262 268 303 15 28 30 33 38 44 45 39 33 26 18 7 350 339 331 324 325 328 336 0 23 354 308 293 288 286 287 303 343 4 349 325 311 301 295 294 294 293 295
242 245 247 248 249 251 254 251 244 236 227 223 221 218 215 213 208 199 191 186 183 180 178 177 181 185 183 184 187 192 203 219 237 242 243 245 249 250 249 249 251 250 248 247 247 248 248 249 250 251 251 249 251 255 256 255 262 307 5 24 34 42 47 46 38 31 20 7 354 341 338 334 323 320 324 332 5 26 355 310 293 286 282 280 288 317 348 347 330 319 309 302 299 296 293 294
238 239 240 241 242 244 245 242 232 224 218 214 211 207 204 202 197 190 185 182 180 179 179 181 185 187 185 187 194 206 224 239 245 244 244 250 255 258 258 257 255 253 251 252 253 254 255 255 253 248 247 245 247 251 254 254 260 272 306 6 31 42 47 44 38 35 24 1 341 328 331 339 329 319 317 316 355 22 350 303 286 282 280 280 283 295 319 332 324 314 306 300 297 294 292 293
238 237 237 237 236 233 228 223 214 211 213 212 207 201 198 197 193 188 185 182 181 181 184 187 189 188 189 198 214 231 245 249 250 252 256 263 268 270 269 266 262 258 258 258 259 258 257 256 253 247 245 244 245 248 251 254 259 268 278 314 18 40 45 42 39 38 28 4 342 320 317 336 337 325 321 326 349 5 355 314 290 285 282 281 281 283 290 303 308 304 298 294 293 293 293 294
236 235 233 231 226 218 209 204 199 200 206 207 204 200 198 196 193 190 188 187 186 186 188 192 194 196 207 229 250 258 260 258 258 262 266 269 270 271 270 268 266 264 261 259 256 253 251 250 249 246 244 245 244 246 251 259 265 271 274 285 334 32 41 40 40 39 28 10 357 335 309 315 340 342 337 337 348 0 1 334 309 302 295 284 281 279 275 275 281 286 288 288 289 290 289 290
223 223 221 218 213 204 197 195 194 196 200 201 199 199 199 197 194 193 193 193 190 189 196 206 215 228 252 267 272 270 267 263 261 262 263 264 265 266 267 266 264 260 257 252 249 246 245 246 246 242 242 246 247 247 253 262 269 274 277 283 302 4 33 38 40 40 30 17 10 4 341 330 344 352 347 340 342 353 358 344 327 323 318 297 285 280 270 261 264 270 276 279 281 282 282 281
206 209 211 207 204 198 193 192 193 196 198 199 198 199 199 198 196 195 196 196 195 200 219 241 260 274 274 269 264 260 257 254 253 256 258 260 261 261 258 254 249 245 242 241 242 243 244 246 246 245 249 252 251 250 257 263 268 273 279 285 297 330 15 37 42 39 32 23 18 14 357 338 344 0 357 337 323 332 342 339 333 334 337 315 293 283 274 268 267 267 269 271 274 276 277 276
201 206 210 206 201 198 194 193 195 197 198 199 199 201 202 200 196 195 198 200 206 221 240 251 252 251 247 244 244 244 242 242 246 251 253 254 253 248 243 239 236 233 232 234 238 243 247 249 250 254 258 259 259 262 268 272 274 278 284 290 301 319 352 28 42 39 32 28 26 22 7 343 350 24 20 336 298 292 304 315 322 332 345 333 312 307 304 298 286 277 272 273 276 279 277 272
202 209 213 211 205 199 195 194 197 199 199 199 201 203 205 203 195 195 204 212 220 230 235 235 229 223 221 225 231 232 234 239 246 249 247 243 239 232 228 226 225 225 229 236 243 248 253 258 261 264 265 267 271 278 281 282 284 288 292 298 305 318 339 10 31 34 32 32 33 32 22 7 25 49 20 342 320 302 287 280 283 300 326 332 330 331 327 317 303 294 289 287 288 286 277 257
202 210 218 219 211 201 196 196 199 201 201 200 202 206 208 203 191 198 217 223 223 224 227 225 216 211 214 219 224 224 231 241 247 245 238 233 229 224 226 230 235 241 249 258 264 267 268 271 274 276 277 279 282 285 286 285 287 290 295 300 304 313 326 352 19 29 31 33 38 39 36 34 48 46 353 340 336 328 308 275 255 254 279 307 325 334 334 328 315 307 303 300 297 289 266 217
193 207 221 226 216 202 198 199 201 203 203 201 203 207 208 198 189 206 223 219 213 219 224 220 208 211 225 237 244 245 247 249 244 238 234 234 235 238 247 260 272 281 286 287 289 290 288 286 287 287 287 288 288 288 286 286 286 286 289 294 300 307 313 332 2 23 28 31 37 41 43 48 55 37 338 333 336 331 319 293 278 275 280 290 306 321 331 334 324 315 311 307 301 284 208 177
178 197 218 227 218 203 200 201 202 204 205 202 203 206 203 194 193 213 221 212 211 220 223 212 205 222 245 263 281 295 292 279 265 259 260 264 268 275 282 286 291 295 297 296 297 300 300 298 298 296 295 291 287 282 279 280 279 278 278 283 291 299 301 301 329 9 23 31 37 41 43 43 42 32 348 325 315 270 273 291 302 305 300 297 301 308 317 328 325 319 317 315 310 183 156 161
169 185 220 229 220 205 202 203 204 206 206 202 203 205 200 195 204 219 219 212 215 221 219 207 211 234 249 256 265 282 298 308 312 311 307 303 299 297 296 295 295 296 297 296 295 300 302 302 302 299 296 287 276 264 259 258 260 259 255 250 246 236 227 227 234 252 20 36 39 39 40 39 34 25 12 8 7 337 320 315 314 314 311 310 315 312 311 319 320 318 321 330 62 135 144 154
179 176 227 233 219 205 203 205 206 206 208 205 204 207 202 203 217 224 221 216 218 219 213 209 223 241 244 243 243 250 269 295 317 322 322 321 315 307 301 298 296 296 298 298 298 299 300 302 302 301 295 278 245 232 230 230 228 222 220 217 209 201 199 205 215 219 209 101 43 37 35 35 32 27 18 9 3 354 346 338 332 329 323 322 325 320 316 319 320 320 332 39 112 128 137 148
195 182 216 227 216 207 207 210 209 209 212 211 209 209 207 213 223 225 221 218 218 216 214 219 233 242 240 238 237 239 249 265 290 311 319 324 322 315 306 302 299 298 297 297 294 291 290 291 291 290 278 215 193 203 210 213 208 204 205 203 196 194 196 205 217 221 214 204 178 51 32 28 28 27 20 9 2 355 349 347 344 341 338 334 332 326 322 323 324 327 9 90 113 123 130 138
200 193 208 219 215 212 215 217 214 214 219 218 211 210 217 225 229 225 220 218 218 219 227 238 243 242 239 237 235 237 242 250 262 281 295 306 311 309 301 296 292 288 281 272 262 257 255 254 254 246 203 163 170 187 199 203 199 201 205 196 189 192 199 210 220 221 213 207 203 196 115 23 23 21 15 6 359 355 353 353 351 349 348 346 341 333 328 327 329 348 82 106 111 116 120 122
203 198 208 217 217 219 223 223 220 222 225 218 210 217 228 233 230 225 221 219 223 232 243 248 244 239 238 236 236 239 242 246 247 247 248 248 250 252 257 261 261 256 242 220 214 221 220 215 216 211 177 155 162 179 194 197 195 204 206 189 184 192 205 217 223 219 212 207 206 204 208 212 354 17 11 1 355 353 353 355 354 353 353 352 347 340 333 332 343 68 103 108 108 108 103 87
207 206 212 217 221 226 225 222 221 225 221 211 217 231 239 236 231 227 223 220 227 235 238 236 232 232 233 234 237 241 244 244 236 223 215 212 210 211 220 227 224 217 202 187 194 207 204 197 203 203 174 151 157 174 191 194 196 208 203 181 180 196 214 222 221 217 212 209 205 202 207 212 215 220 281 334 335 338 342 348 348 348 349 350 347 339 332 331 62 103 107 108 107 105 95 83
214 212 217 221 226 227 220 221 229 224 211 217 234 245 244 238 234 227 219 214 222 229 228 226 226 228 230 234 239 242 242 236 223 210 204 201 201 203 209 211 205 197 185 177 189 203 195 191 203 204 178 150 151 169 187 193 199 209 198 177 180 203 221 224 219 216 214 211 203 200 206 213 217 220 220 223 227 228 230 230 239 258 279 297 299 281 242 188 132 111 107 110 113 122 134 126
231 220 223 228 227 219 215 225 228 207 202 225 243 246 242 239 229 218 210 204 214 224 226 225 224 226 230 235 239 238 233 224 212 204 201 199 199 202 206 203 196 190 180 175 191 201 189 190 206 208 184 153 148 163 183 193 203 208 192 176 186 213 226 225 218 216 216 209 197 198 208 215 220 221 220 219 218 215 213 208 204 207 207 201 196 194 191 179 144 114 108 110 117 136 147 136
224 216 220 226 223 218 224 232 219 191 200 229 240 241 241 234 219 207 201 198 210 223 226 224 223 226 230 233 234 230 223 215 205 201 200 198 200 202 202 197 192 187 178 177 194 200 187 194 209 209 188 158 149 159 178 196 207 203 187 179 197 224 232 227 219 218 216 203 192 199 213 221 224 224 220 215 211 206 203 199 195 198 199 195 193 194 193 186 157 121 109 107 116 137 143 136
218 214 221 222 214 219 228 228 205 187 210 228 232 236 238 233 215 200 194 191 207 222 225 223 222 224 227 229 228 223 217 209 203 201 199 197 200 200 197 193 189 185 179 182 199 198 187 198 211 207 188 163 152 158 176 197 206 197 183 187 213 233 232 224 219 219 212 195 190 204 218 225 229 227 220 211 204 199 195 190 186 190 193 191 194 199 199 193 169 129 108 103 110 130 138 140
216 215 220 218 212 219 222 211 195 193 214 225 230 233 231 224 213 195 186 188 206 220 223 221 218 221 224 223 222 218 213 205 202 202 198 197 199 197 194 191 188 185 180 187 201 196 189 202 211 204 187 168 158 160 174 195 202 190 182 198 223 230 223 219 221 217 202 189 194 212 225 232 235 229 217 204 198 194 189 182 181 186 190 191 198 203 201 196 180 147 117 103 101 113 128 140
213 213 217 213 209 217 217 206 202 204 215 229 235 234 225 215 206 196 187 186 203 217 219 216 215 218 220 218 216 214 209 202 202 201 198 198 198 195 193 191 189 185 182 190 201 195 193 205 209 200 186 171 163 164 174 192 198 187 185 209 224 220 217 221 221 206 191 189 206 226 238 243 239 225 209 198 194 191 183 175 177 186 190 193 203 208 203 198 187 167 140 117 107 108 119 133
200 207 215 212 211 216 219 213 211 212 220 234 234 226 219 214 207 201 196 189 194 207 211 211 213 217 216 212 212 211 206 201 201 201 198 198 197 195 194 192 189 185 183 192 200 195 197 207 206 196 185 175 169 169 175 189 195 185 192 217 223 217 220 225 215 194 188 201 226 243 249 245 232 214 201 195 193 188 177 170 175 186 191 197 209 211 202 197 191 179 164 145 130 122 122 129
194 205 211 212 215 223 227 223 216 214 224 232 227 218 218 215 210 209 205 189 188 198 204 208 213 214 211 208 209 210 204 200 202 202 199 199 198 198 196 193 190 185 185 195 200 196 199 205 201 193 185 178 175 175 179 188 190 185 203 221 220 220 226 224 204 188 197 223 244 250 246 234 218 204 197 194 193 186 172 167 175 186 193 204 214 209 199 196 193 186 177 164 150 139 131 131
