tests/fixtures/watershed_abstraction/mdobre-womanly-ascot/dem/topaz/UPAREA.ARC
ncols   776
nrows   755
xllcorner  564333
yllcorner 5021478
cellsize   30.00
nodata_value    -1.0
[rows 67 to 133 of 755, columns 0 to 95 of 776]
4 0 0 1 4 0 5 1 14 2 1 4 0 14 24 16 0 8 17 1 0 0 0 1 14 8 14 15 16 17 18 19 39 69 4 0 3 0 0 1 1410 1 3 2 1 0 0 1 1 1 1 3 0 0 1 1 4 0 0 2 3 5 5 3 7 0 1 2 12 84 5 4 3 2 1 0 1 1 4 0 0 0 0 0 1 2 12 23 1 47 5 4 3 2 1 71
6 0 0 0 2 4 0 10 2 1 0 3 13 13 9 2 12 7 13 2 0 0 2 11 7 13 8 9 10 11 12 18 67 0 3 2 1 2 5 11 81 1315 0 0 3 2 1 0 0 0 0 0 2 1 0 0 0 3 2 1 1 2 4 4 2 6 0 1 3 7 83 5 4 3 2 1 0 0 0 3 2 1 0 0 1 1 9 20 1 0 40 29 20 11 9 0
8 3 1 0 1 3 4 4 1 0 2 12 12 2 5 1 11 6 6 5 1 0 7 6 12 7 0 1 2 3 4 55 10 2 1 0 0 1 4 8 71 49 1264 6 1 0 0 0 0 0 0 0 10 9 8 7 6 5 4 3 0 0 1 3 3 1 5 0 2 2 3 76 3 2 1 0 0 5 4 3 2 1 0 0 0 1 6 3 15 0 6 2 7 7 0 8
16 2 1 0 0 2 3 3 0 1 11 8 2 1 4 0 10 5 5 4 0 6 5 11 6 3 4 5 6 7 54 9 1 0 0 1 2 3 7 70 20 27 9 1245 2 1 1 1 1 1 1 11 0 0 5 4 3 2 1 0 2 1 0 0 2 2 0 4 1 1 0 1 71 1 0 1 6 0 5 4 3 2 1 0 0 0 4 2 13 0 5 1 5 0 6 7
21 3 2 1 0 1 2 2 0 10 4 2 1 0 3 4 4 4 4 3 5 4 10 5 2 0 1 2 3 45 8 0 1 2 3 4 5 6 69 19 13 12 8 1228 12 11 8 5 2 2 12 1 1 32 25 24 23 15 6 5 4 3 2 1 0 1 1 1 1 0 0 0 17 50 49 46 38 36 29 21 17 3 2 1 0 0 2 1 3 8 1 2 0 4 5 6
26 3 2 1 0 0 1 1 4 4 3 1 0 2 3 3 3 3 2 4 3 9 4 1 0 1 2 25 40 5 1 0 0 1 2 3 4 68 18 12 11 7 6 60 1159 79 77 75 17 13 2 41 38 4 3 2 1 6 7 6 5 4 3 2 1 0 0 0 0 0 0 0 0 16 10 8 6 4 1 6 2 12 3 2 1 0 1 0 2 4 2 0 1 3 4 5
32 4 3 2 1 0 0 0 3 3 2 0 1 2 2 2 2 1 3 2 8 3 0 4 5 6 21 9 3 4 0 0 1 2 3 53 62 17 11 10 6 5 4 54 1013 64 0 0 56 55 51 8 7 6 5 4 3 0 5 4 2 1 0 0 0 0 0 0 0 0 2 3 1 0 4 0 0 0 1 0 5 1 7 3 2 1 0 0 0 0 3 1 0 2 3 4
39 5 4 3 2 1 0 0 1 2 1 0 1 1 1 1 0 2 1 7 2 2 3 3 7 13 8 1 0 3 2 3 4 5 48 7 16 10 9 5 4 3 47 5 1 1010 63 62 61 60 50 5 4 3 2 1 0 2 1 0 0 0 1 1 1 1 1 1 0 4 8 3 2 1 0 3 2 1 0 0 0 3 0 2 1 0 4 3 2 1 0 2 0 1 2 3
41 0 4 3 2 1 0 0 0 0 0 0 0 0 0 0 1 0 6 1 1 1 2 2 4 2 4 0 2 1 0 1 22 41 6 15 9 8 4 3 2 30 15 4 0 3 1005 2 1 0 8 43 6 5 4 3 2 1 0 0 1 2 2 2 2 2 2 0 6 9 8 7 6 5 4 3 2 1 0 1 0 0 2 1 0 11 5 4 3 2 1 0 1 0 1 2
66 9 3 2 1 0 0 0 0 0 0 0 0 1 2 3 4 5 0 0 0 0 1 3 1 1 1 1 0 0 1 19 17 5 14 8 7 3 2 1 29 9 4 3 0 1 20 980 6 1 0 7 35 3 2 1 0 0 1 0 2 3 3 53 46 42 38 36 28 17 7 6 5 4 3 2 1 0 2 0 1 0 0 0 12 7 6 5 4 3 2 1 0 0 0 1
13 5 4 3 2 1 1 1 0 1 0 1 1 0 1 2 3 4 5 0 0 1 2 0 0 0 0 7 10 11 16 16 4 13 7 6 2 1 0 3 24 8 3 2 0 1 17 9 962 3 2 1 6 30 1 0 1 2 1 3 4 4 99 44 43 42 39 36 33 30 26 23 3 2 1 0 0 3 1 2 1 1 1 13 9 0 0 0 3 2 1 0 0 0 0 0
6 3 2 1 0 2 2 1 0 2 0 1 2 2 0 0 0 0 0 6 1 0 1 2 3 4 6 1 1 3 15 3 4 7 6 5 1 0 2 16 6 7 2 1 0 7 8 8 958 2 1 0 0 5 27 6 3 2 4 5 5 100 3 2 1 0 1 1 1 1 2 1 18 14 0 1 4 2 3 2 2 2 14 10 0 1 1 4 0 1 0 1 1 1 0 0
1 0 0 0 3 3 2 0 1 3 0 1 2 3 3 1 1 1 1 1 7 2 0 0 0 0 0 0 0 8 5 2 3 6 5 4 0 1 4 10 5 6 1 0 6 7 7 7 7 941 4 3 2 2 1 19 9 5 6 6 101 9 4 3 2 1 0 0 0 0 0 1 0 2 12 9 3 4 7 3 3 15 11 1 2 2 5 1 9 6 5 2 2 1 1 0
0 1 1 4 4 3 1 0 2 4 0 1 2 3 4 4 2 2 2 2 2 8 3 2 0 1 0 0 0 6 4 1 2 5 4 3 0 3 1 7 4 5 0 5 6 6 6 6 6 932 2 1 0 1 1 0 8 7 7 124 21 10 9 8 7 6 5 4 3 2 1 0 0 0 0 16 15 9 0 4 16 12 2 3 3 6 20 17 6 5 4 3 2 2 1 1
3 2 5 5 4 2 1 3 0 5 1 0 2 3 4 5 5 3 3 6 3 9 4 0 4 3 1 1 0 5 3 0 1 4 3 2 2 0 1 4 3 4 4 5 5 5 5 5 5 10 907 2 1 0 0 0 0 8 125 10 9 8 7 6 5 4 3 2 1 0 0 0 0 0 0 19 1 0 5 17 13 3 4 39 34 26 4 3 2 1 0 3 3 2 2 2
7 6 6 5 3 2 4 0 1 6 2 0 1 3 4 5 6 10 0 4 11 10 5 1 5 6 2 4 3 2 4 2 0 3 2 1 1 0 3 2 3 3 4 4 4 4 4 4 4 4 903 1 0 0 0 1 9 126 11 0 6 5 4 3 2 1 0 0 0 1 1 1 1 0 1 20 0 6 18 14 4 5 49 8 7 3 2 1 0 0 4 4 3 3 3 0
15 7 6 4 3 5 1 0 2 7 3 0 1 2 4 5 12 7 11 1 28 6 0 2 6 10 8 2 1 0 1 3 1 2 1 0 0 2 1 2 2 3 3 3 3 3 3 3 3 3 886 9 1 1 2 10 127 12 1 7 2 1 0 1 0 0 1 1 2 2 2 2 1 0 23 1 7 19 15 5 6 53 2 1 0 2 1 0 1 5 5 4 0 4 4 1
24 7 5 4 6 2 1 0 3 8 4 1 0 2 3 5 0 13 8 12 31 8 0 3 7 25 4 3 2 1 0 0 2 0 1 0 1 0 1 1 2 2 2 2 2 2 2 2 2 2 2 879 6 3 11 128 13 0 523 512 508 4 3 0 1 2 2 3 3 3 3 2 1 24 0 2 8 20 22 68 60 5 4 3 2 1 0 2 6 6 5 1 0 5 5 2
25 14 5 7 3 2 1 0 4 9 5 2 0 1 3 4 6 1 14 9 55 9 41 35 26 7 6 5 4 3 2 1 0 1 0 0 0 0 0 1 1 1 1 1 1 1 1 1 1 1 0 22 855 142 129 14 1 543 18 17 11 502 498 493 462 458 9 4 4 4 3 2 25 0 1 3 9 119 74 4 3 2 1 0 0 0 3 7 7 6 2 1 6 0 6 3
26 15 14 4 3 2 1 5 0 10 6 3 0 1 2 4 5 7 2 15 16 108 20 19 18 9 8 7 6 5 4 3 2 1 0 0 0 0 0 0 0 0 0 0 0 0 0 0 0 8 10 20 72 638 628 598 585 29 22 5 4 10 2 3 27 25 444 426 14 8 3 26 0 1 2 14 126 5 4 3 2 1 0 1 1 4 8 8 7 3 2 7 1 7 0 4
43 15 5 4 3 9 6 1 11 0 7 0 4 1 2 3 5 6 8 12 0 147 1 0 6 5 4 3 2 1 0 0 0 0 1 0 1 0 1 0 0 0 1 2 3 4 5 6 7 0 8 15 15 39 8 13 9 10 5 15 4 3 9 1 2 0 24 16 405 400 30 2 1 5 283 267 139 138 137 133 4 3 2 2 5 9 9 8 4 12 8 2 8 0 6 0
60 6 5 4 10 0 2 12 1 8 0 0 1 5 2 3 4 6 7 8 13 151 13 12 4 3 2 1 0 0 1 1 1 2 0 1 2 1 2 0 1 1 0 0 0 0 1 2 3 7 2 11 14 33 4 7 12 8 9 4 14 3 2 8 0 1 23 11 3 3 368 367 362 329 42 28 3 2 1 2 127 123 21 17 10 10 9 34 28 14 13 9 1 7 0 0
68 6 5 11 1 3 13 2 9 1 0 0 1 2 6 3 4 5 7 0 9 180 3 2 1 0 0 0 1 2 2 2 3 0 1 2 3 2 3 0 1 2 2 1 1 1 0 1 2 1 5 4 13 24 7 3 6 11 7 8 3 13 2 1 7 0 22 10 1 0 2 3 5 19 1 12 23 1 0 0 1 2 100 79 78 66 55 19 2 1 0 2 8 0 1 0
187 108 20 7 4 14 3 10 2 1 0 1 0 2 3 7 4 5 6 8 11 185 0 0 0 1 1 2 3 3 3 4 0 1 2 3 4 3 4 0 1 2 3 3 2 4 0 0 0 0 3 3 12 19 3 6 2 5 10 6 7 2 12 1 0 6 21 5 3 0 1 2 4 11 6 0 11 20 2 1 0 0 1 19 13 12 11 9 15 14 13 9 1 0 2 0
4 3 73 64 41 25 20 8 4 1 2 0 0 1 3 8 17 23 6 7 21 186 2 1 0 4 3 4 4 4 5 1 0 2 3 4 5 4 5 1 2 0 3 4 4 3 6 1 0 0 1 2 11 14 3 2 5 1 4 9 5 6 1 11 0 5 5 14 4 2 0 1 3 5 4 5 6 3 16 3 2 1 0 0 4 3 2 0 8 7 6 5 2 0 0 3
3 2 4 2 21 7 6 5 4 3 1 0 1 0 2 0 1 2 27 35 8 209 3 2 6 0 9 5 5 0 6 2 1 3 4 5 6 5 6 2 0 3 1 4 5 9 7 3 0 0 0 1 10 8 4 2 1 4 0 3 8 4 5 0 10 4 4 9 3 3 1 0 2 4 3 4 2 2 2 11 8 5 4 3 2 1 0 1 0 4 3 2 1 0 0 3
2 1 1 1 1 12 5 4 3 2 1 0 2 0 1 3 4 5 6 7 36 9 210 7 7 1 10 12 1 0 7 3 2 4 5 6 7 6 7 3 0 1 4 2 5 16 12 5 3 1 0 0 9 3 3 3 1 0 3 2 3 3 3 4 9 3 3 5 2 2 2 0 1 3 2 1 1 1 1 1 1 1 0 0 0 0 0 0 5 4 3 2 1 0 0 1
0 0 0 0 0 0 5 4 3 2 1 0 3 0 1 2 0 1 2 3 12 50 10 211 16 2 11 13 2 1 8 4 3 5 6 7 8 7 8 4 1 2 5 3 6 30 6 0 18 17 11 3 3 4 2 2 2 0 2 1 2 2 2 3 8 2 2 2 1 1 1 1 0 2 0 0 0 0 0 0 0 0 1 1 1 1 1 6 10 4 3 2 1 0 0 0
8 7 6 5 4 3 2 1 0 2 1 0 4 0 1 2 3 4 5 6 7 8 60 11 229 3 12 14 3 2 9 5 4 13 0 8 9 8 9 5 2 3 6 4 38 7 1 21 1 0 4 6 2 2 3 1 1 1 1 0 1 1 1 2 2 4 1 1 1 0 0 0 0 0 0 0 0 0 0 0 0 0 4 2 2 2 7 19 7 6 5 4 3 2 0 0
9 5 4 3 2 1 0 0 3 2 1 5 0 0 1 4 3 4 5 6 7 8 9 71 242 4 13 15 0 7 10 6 5 14 1 9 10 9 10 6 3 4 7 5 50 2 22 6 5 4 3 3 5 1 1 2 0 0 0 0 0 0 0 1 1 2 0 0 0 0 0 0 0 0 0 1 2 1 1 1 0 1 8 0 3 40 28 7 6 5 4 3 2 1 0 0
16 0 0 0 0 0 1 4 3 2 6 1 0 0 1 0 6 0 0 1 2 3 4 5 78 243 5 14 16 26 11 7 6 15 2 10 11 21 0 7 4 5 8 58 0 23 11 3 2 1 0 2 2 4 0 0 1 0 0 0 0 0 0 0 0 0 0 0 0 0 1 1 1 1 1 2 5 2 2 0 1 2 10 4 50 8 7 6 5 4 3 2 1 0 0 0
18 1 1 1 1 2 5 0 7 7 2 1 0 0 1 2 0 8 1 0 1 2 3 4 5 79 244 251 268 270 300 321 7 16 3 11 12 23 0 8 5 6 68 0 24 23 10 9 4 3 2 1 1 1 3 1 0 1 1 1 1 0 1 0 0 0 0 1 1 1 2 2 0 2 4 3 6 6 0 1 2 3 16 51 3 2 1 0 10 9 8 7 6 5 2 0
24 2 2 2 3 6 1 0 16 3 2 1 0 0 1 2 3 0 9 2 0 0 0 0 0 6 80 0 0 1 1 3 328 354 4 12 37 1 9 0 6 76 1 53 27 2 1 0 3 2 1 0 0 0 0 0 2 2 2 2 1 2 1 0 0 1 2 2 2 2 3 3 0 1 8 4 7 8 0 2 3 21 52 19 14 13 12 11 0 4 3 2 1 0 1 0
29 3 3 17 12 4 1 17 4 8 4 1 0 1 2 0 3 4 1 10 3 1 1 1 1 1 7 81 0 0 0 1 1 2 360 13 40 10 1 7 0 79 54 10 9 8 7 6 5 4 3 2 1 0 0 0 3 3 6 2 3 2 0 1 1 2 3 3 3 3 4 0 4 1 11 5 17 1 0 3 26 53 20 1 0 0 0 1 5 0 0 3 2 1 0 0
46 45 40 21 20 19 18 5 13 3 2 1 2 0 3 0 1 4 5 2 11 4 2 2 2 2 2 8 82 0 0 0 0 1 5 416 11 2 8 1 0 80 75 8 7 6 5 4 3 2 1 0 0 0 1 1 4 4 7 3 4 4 0 2 2 3 4 4 4 4 5 1 0 5 2 18 20 1 4 0 81 21 2 0 1 1 2 6 1 1 4 1 0 0 0 0
47 2 1 0 0 0 6 14 0 0 0 3 1 4 0 0 1 2 5 6 3 12 5 3 3 3 6 0 9 83 1 0 0 0 1 437 18 14 4 1 81 98 21 20 19 17 6 5 4 3 2 1 1 0 2 2 5 5 8 4 5 5 1 3 3 9 0 5 5 5 6 2 1 6 3 19 23 5 1 82 22 11 7 5 2 3 7 2 2 5 2 0 1 1 0 0
51 0 0 1 1 7 15 1 1 1 4 2 5 0 1 0 1 2 3 6 7 4 13 6 4 4 4 8 0 94 2 0 1 1 2 674 213 212 211 210 127 23 2 1 0 0 9 8 7 6 5 4 1 0 3 3 6 6 14 0 6 6 2 4 14 1 0 6 6 6 7 3 2 7 4 44 138 131 128 44 20 7 6 5 4 8 3 3 6 3 1 2 2 0 0 2
53 1 2 2 8 16 2 2 2 5 3 6 1 0 2 0 1 2 3 4 7 8 5 14 7 5 10 9 0 1 95 3 1 2 3 675 0 10 9 8 5 3 19 6 5 4 3 2 1 0 1 0 0 1 4 4 7 7 15 1 7 7 3 5 15 2 1 7 7 7 8 4 3 8 50 139 7 6 5 4 3 2 1 0 27 17 12 7 4 2 3 3 0 1 0 4
56 3 3 9 17 3 3 0 9 4 7 2 1 0 3 0 1 2 3 9 8 0 9 6 15 8 6 11 11 2 0 100 0 2 0 681 11 3 2 1 1 4 2 11 3 2 1 0 0 2 0 0 1 2 5 5 8 8 16 2 8 8 4 6 16 498 487 17 8 8 9 5 13 51 140 8 0 0 0 45 44 43 42 41 12 11 10 9 3 4 4 1 2 0 0 1
61 4 10 18 4 4 0 1 10 13 3 2 1 0 0 4 1 2 7 10 9 0 1 10 7 16 9 19 12 3 1 101 1 0 4 694 4 2 1 0 0 0 3 1 6 3 2 1 3 1 1 0 0 3 9 6 9 9 17 3 18 538 532 531 503 0 6 466 459 452 421 407 392 385 326 3 1 57 55 8 7 6 5 4 3 2 1 0 5 5 0 5 1 0 0 1
67 11 19 5 5 1 0 2 25 11 6 2 0 1 0 1 5 2 3 29 0 0 1 2 11 8 27 20 13 4 2 102 2 756 754 743 37 2 1 0 0 0 0 1 0 1 0 4 2 2 1 0 0 0 4 17 10 10 604 585 557 9 7 1 0 2 5 5 5 10 2 3 5 5 2 168 152 0 0 0 20 19 18 17 16 15 14 13 6 1 6 4 1 0 0 1
80 20 6 6 2 1 3 26 16 3 2 1 0 2 0 1 4 9 0 34 1 0 1 2 3 21 28 21 14 5 882 878 764 5 4 4 3 26 15 1 1 0 1 0 0 0 5 3 3 2 1 1 0 0 1 23 11 621 4 3 3 3 0 6 0 1 4 4 4 9 1 2 4 4 1 3 10 92 77 70 7 6 5 4 3 2 1 0 2 7 5 0 1 0 0 1
102 7 7 3 2 4 27 17 3 2 1 0 1 3 1 0 0 15 1 35 2 1 0 2 7 22 29 943 920 894 2 6 0 4 3 3 2 3 5 12 8 5 1 0 0 1 10 4 3 2 2 0 1 0 1 26 642 7 3 3 2 2 2 1 3 0 3 3 3 8 0 1 3 3 0 2 9 7 4 4 40 33 26 1 0 5 4 3 8 6 1 2 1 0 0 1
111 8 4 3 5 28 18 4 0 0 0 0 2 4 2 0 1 17 2 36 3 2 1 3 8 1000 946 1 3 7 1 4 0 3 2 2 1 2 1 2 0 0 0 0 1 2 16 4 3 0 3 1 2 1 2 679 8 4 2 2 2 1 1 1 0 2 2 2 2 5 1 0 2 2 1 0 7 6 3 3 2 2 5 23 18 11 10 9 7 2 3 2 0 1 0 1
121 5 4 6 29 19 0 6 1 1 1 0 3 5 3 0 1 4 21 37 4 3 2 4 1018 7 3 0 2 2 3 0 3 2 1 1 0 1 0 0 0 0 0 1 2 3 22 4 0 1 4 2 3 2 689 5 2 2 3 1 1 1 0 0 0 1 1 1 1 1 2 0 1 1 0 2 3 5 2 2 1 1 1 2 3 1 0 8 3 4 3 0 1 2 1 2
128 5 7 30 0 21 0 7 4 2 1 0 0 10 4 0 1 0 5 60 5 4 8 1025 5 2 2 2 1 1 0 1 2 1 0 0 0 0 0 0 0 1 1 2 3 4 28 1 0 2 5 3 4 696 2 1 1 1 1 2 0 0 0 0 0 0 0 0 0 0 0 1 0 0 1 2 2 1 1 1 0 0 0 0 0 0 9 4 5 4 0 1 2 3 2 0
135 8 31 0 1 22 1 8 5 3 2 1 0 12 5 1 0 2 1 67 1122 1115 1042 3 1 1 1 1 1 0 0 0 0 0 0 0 1 2 4 1 1 3 2 3 9 0 31 1 0 3 6 4 705 2 1 0 0 0 0 0 1 0 1 1 1 0 0 0 4 3 2 1 0 0 1 1 0 0 0 0 0 0 0 0 0 10 5 6 0 5 1 2 3 4 0 3
136 9 32 1 2 23 2 9 6 7 0 2 0 1 19 2 0 4 1201 1198 4 57 10 0 0 0 0 0 0 0 0 0 0 0 0 0 0 1 2 8 2 6 3 14 1 0 32 3 0 4 12 715 8 7 6 5 4 3 2 1 0 2 2 2 1 1 1 5 0 2 1 0 0 0 0 0 1 2 0 0 1 2 1 2 11 6 7 1 0 6 2 3 4 5 1 0
137 10 33 2 3 24 3 10 7 9 0 3 0 1 24 3 1 1212 4 1 3 4 51 9 4 3 2 1 0 0 1 1 1 1 1 0 1 0 0 0 10 21 1067 17 0 1 33 5 5 0 738 8 7 6 5 4 3 2 1 0 3 3 3 2 2 0 8 5 3 3 2 1 0 0 1 2 3 4 8 2 2 3 2 15 7 8 2 1 0 0 10 4 0 5 8 0
138 11 34 3 4 25 4 11 18 0 1 0 4 1 2 1255 1225 3 3 0 2 3 3 46 3 2 1 0 1 2 2 0 2 2 2 0 1 2 1 1 0 1092 1 1044 1040 1034 1027 974 755 753 13 12 11 10 9 8 7 6 5 4 4 4 3 3 1 9 15 8 7 2 1 0 0 0 0 0 1 2 3 13 6 4 3 24 9 3 2 1 0 0 1 16 0 1 13 25
139 12 35 4 5 26 5 12 19 1 0 2 6 0 1263 3 5 2 0 1 1 2 2 23 21 4 3 2 3 3 1 3 0 0 3 3 1 2 3 2 1101 1 0 2 3 3 4 6 211 199 55 13 12 11 10 9 8 7 6 5 5 4 0 4 12 16 2 1 0 0 0 1 0 0 1 1 0 0 1 2 24 5 4 25 14 3 2 0 1 0 1 19 1 4 1 0
140 13 36 5 6 27 6 13 20 2 0 1 12 1282 3 2 2 1 1 0 0 1 1 9 12 15 10 9 4 0 6 1 0 0 1 6 4 2 3 4 1104 1 0 1 2 2 3 5 4 5 142 40 6 5 4 3 2 1 0 6 5 1 0 5 35 4 0 0 1 1 5 2 0 0 1 2 2 1 0 1 2 31 5 26 19 3 0 1 2 0 3 20 0 1 0 0
141 14 43 7 28 0 7 14 21 3 0 1 2 1288 2 2 1 1 0 0 0 0 1 6 6 4 3 2 1 0 12 2 0 0 1 2 10 16 3 1118 1 0 0 0 1 1 2 4 3 4 4 136 32 12 11 10 9 8 7 6 2 1 0 42 1 0 1 15 12 9 2 1 0 0 1 2 6 10 13 0 1 3 38 27 24 1 0 2 3 1 25 4 2 1 0 0
142 59 8 29 1 0 8 15 22 0 4 1 1296 3 1 1 1 0 0 0 0 0 0 4 4 0 3 2 1 15 1 0 0 0 1 0 1 2 20 1146 3 2 1 0 0 0 1 3 2 3 3 3 131 18 3 2 1 0 7 3 2 1 43 2 26 25 22 5 4 3 2 1 0 0 2 5 6 14 17 34 35 38 43 28 25 2 1 3 4 28 16 10 5 1 0 0
203 9 30 2 1 0 9 16 23 0 6 1299 1 0 2 0 0 0 0 1 0 1 2 0 0 2 1 0 16 1 0 0 0 1 1 2 0 1 2 1152 1 0 0 0 2 1 0 2 1 2 2 2 1 128 13 10 9 8 4 3 2 85 40 36 8 7 6 5 4 3 2 1 0 0 2 3 6 1 1 1 3 4 39 73 26 3 2 4 34 22 4 3 3 2 0 0
214 31 3 2 0 1 10 17 24 0 8 1302 4 3 0 1 0 0 1 2 0 1 0 27 26 25 24 23 5 2 1 0 0 1 2 2 3 0 0 1154 0 1 1 3 1 0 0 1 0 1 1 1 0 2 124 1 0 5 4 3 94 7 6 5 4 3 2 1 0 0 0 0 0 0 0 1 0 0 0 0 0 1 7 40 101 4 3 40 28 4 3 1 2 2 1 0
247 4 3 0 1 2 11 18 25 0 10 1310 1 0 1 0 0 1 2 3 1 2 29 7 6 5 4 3 2 1 0 1 0 1 2 3 3 4 2 1155 2 14 11 6 3 2 1 0 0 0 0 0 0 0 0 122 121 114 108 103 7 6 5 4 3 2 1 0 1 1 1 1 0 0 0 1 2 3 4 5 6 7 8 8 143 5 45 29 2 1 0 0 0 1 1 0
253 4 1 0 2 3 12 19 0 26 1326 2 1 0 0 0 1 2 3 4 5 30 8 0 0 4 3 2 1 0 0 2 0 1 2 3 4 9 3 1156 26 7 5 2 1 0 0 0 0 0 0 0 0 0 0 11 10 9 8 7 6 5 4 3 2 1 0 2 2 2 2 1 0 0 1 2 3 4 5 6 7 32 37 53 207 6 93 16 12 9 3 2 1 0 0 0
259 2 1 3 0 4 13 20 0 1 1356 1 0 1 1 0 2 3 4 11 31 9 1 1 10 4 3 2 1 0 1 0 3 1 2 7 5 1208 1193 35 3 1 0 1 0 1 1 0 1 1 1 2 1 1 12 5 4 3 2 1 0 0 0 0 0 0 3 3 3 3 2 1 1 0 0 1 2 7 10 16 23 3 5 2 4 317 2 1 0 1 4 2 1 0 0 0
263 2 4 1 0 5 35 0 0 3 1361 3 2 2 1 0 3 9 12 32 10 2 2 11 0 0 2 1 0 0 0 2 1 4 2 11 1218 2 0 2 0 0 0 0 2 2 1 2 2 0 5 2 2 13 6 0 7 6 5 4 3 1 1 1 1 4 0 8 4 3 2 2 1 0 0 0 3 1 4 5 2 4 1 0 0 323 3 2 1 0 0 0 0 1 0 0
267 5 2 0 1 6 36 1 1 1366 0 4 3 4 1 4 10 13 33 11 3 3 12 1 1 3 0 0 0 0 1 1 3 2 8 1235 3 1 0 0 0 0 1 3 3 2 3 3 1 6 3 3 14 7 1 8 19 18 17 16 15 14 11 8 5 1 9 5 4 3 10 6 3 1 0 1 0 3 4 1 3 0 0 1 2 331 3 2 1 0 0 0 3 1 0 0
268 9 1 0 2 7 37 2 2 1368 13 7 6 0 5 11 14 34 0 12 8 13 2 2 4 1 1 0 0 1 1 2 2 7 1249 3 1 0 0 0 0 1 2 8 55 51 46 39 35 9 4 15 0 10 9 24 3 2 1 0 3 2 1 0 2 10 6 5 4 17 5 4 3 2 0 0 2 3 0 2 1 2 3 4 5 341 2 1 0 1 0 1 6 2 0 0
4081 3724 3716 3714 3709 3702 38 3 3 1385 1 0 0 6 12 15 0 35 1 13 9 17 3 5 2 0 2 1 1 0 2 2 6 1262 2 0 0 0 0 1 1 87 84 66 5 3 1 1 0 17 16 0 1 21 26 0 0 0 0 4 2 1 0 3 11 7 6 5 25 6 5 4 3 2 1 0 1 2 1 0 2 3 4 5 6 349 4 3 2 0 1 2 10 1 0 0
76 2 1 3 2 1 3652 3648 3641 1387 0 1 7 13 16 0 1 36 2 14 28 4 6 3 0 1 3 2 0 2 1 3 1278 0 0 0 0 0 0 99 93 4 2 1 3 0 0 0 0 0 0 1 24 27 2 1 1 1 11 5 1 0 4 12 8 7 6 26 0 2 1 0 3 2 1 0 0 1 0 1 1 4 5 6 7 363 0 0 1 0 2 14 2 0 0 0
75 1 0 2 1 0 2 1 5 2242 2 8 14 17 1 0 2 37 3 15 29 5 11 1 0 2 4 3 1 0 3 2 1281 1 0 0 1 109 106 5 1 1 1 1 0 2 1 0 1 0 1 27 28 3 0 2 2 12 0 0 0 5 13 9 8 7 27 1 3 0 5 4 0 0 2 1 0 0 0 0 1 1 3 5 6 371 2 2 0 0 4 18 1 1 0 0
71 2 0 1 0 1 0 2 1 14 2223 2063 23 4 1 0 3 38 4 46 6 0 12 2 1 3 5 4 2 1 4 1285 1 0 0 3 118 7 4 1 2 0 0 0 0 0 0 2 0 1 2 64 6 1 3 3 13 1 1 1 0 6 24 9 8 28 2 4 1 6 2 1 1 3 2 1 0 0 0 0 0 0 0 0 1 2 381 1 0 0 6 21 2 1 1 0
63 6 1 0 0 0 1 0 13 26 131 2 2011 2007 2002 1997 1974 1969 1924 1876 1852 0 13 3 2 4 6 5 3 2 5 1290 1 0 129 123 3 1 1 1 0 1 0 0 1 1 3 1 0 2 3 71 5 4 4 14 2 2 2 1 0 32 50 39 29 3 5 2 7 3 13 12 9 4 0 0 1 0 0 1 0 0 0 0 1 2 382 3 0 0 1 32 2 0 3 0
