tests/fixtures/watershed_abstraction/mdobre-womanly-ascot/dem/topaz/UPAREA.ARC
ncols   776
nrows   755
xllcorner  564333
yllcorner 5021478
cellsize   30.00
nodata_value    -1.0
[rows 201 to 267 of 755, columns 192 to 287 of 776]
2 0 1 51 3 1 42 33 9 5 4 3 0 2 16 1 2 4 8 98 7 31 9 0 10 1 6 7 9 8 13 7 7 6 2 253 261 0 6 12 13 49 5 0 33 0 601 8 1 29 2 3 0 1 1 17 9 1 1 1774 0 1 2228 2215 0 3 0 6 23 4 4 3 0 3 2 2 1 2 1 1 0 0 0 1 1 1 3 2 4 3 2 0 1 729 1 0
3 1 0 54 4 2 43 34 10 6 5 4 0 1 3 17 2 3 5 9 107 32 0 10 1 11 2 7 8 10 9 14 8 8 7 3 0 263 1 7 13 64 6 0 1 34 1 602 11 30 3 4 0 1 2 2 18 10 2 4037 2261 2259 25 3 1 1 0 5 18 3 3 3 2 2 1 1 0 1 0 0 0 0 1 1 2 2 2 4 3 5 4 3 4 7 733 0
4 2 1 0 60 3 44 35 0 18 6 0 5 1 2 4 18 3 4 16 108 33 0 1 11 2 12 3 8 9 11 10 15 9 9 12 0 0 267 8 0 79 0 7 3 35 0 2 603 43 4 5 1 0 2 3 3 4076 4042 1 0 1 15 4 2 0 0 4 13 3 2 2 2 1 1 0 0 0 0 0 0 1 1 2 5 9 13 3 5 4 6 5 0 1 745 0
5 3 2 0 62 4 45 36 0 20 7 0 1 6 2 6 5 19 9 17 109 34 0 1 2 12 3 13 4 9 10 12 11 16 10 10 14 0 0 277 0 1 80 1 12 36 1 0 4 604 49 0 6 2 1 3 4089 3 1 1 0 0 3 10 3 1 0 2 3 8 2 1 1 1 0 0 0 0 0 1 1 1 2 5 6 7 8 23 4 6 5 7 6 0 1 747
6 0 7 1 63 0 5 83 1 0 29 0 1 2 7 0 7 14 30 18 110 0 35 1 2 3 17 0 14 5 10 11 13 12 17 11 23 15 1 1 278 1 2 81 15 37 2 0 0 5 655 0 1 7 3 2 4095 0 0 0 0 0 1 6 2 2 0 1 2 3 3 1 0 0 0 0 0 1 1 1 2 2 2 3 4 5 6 7 32 5 7 6 8 7 8 22
14 8 8 66 0 0 1 90 0 2 31 0 1 2 3 8 1 0 46 130 0 0 1 36 2 3 4 18 1 15 6 11 12 14 13 18 0 25 16 2 281 2 0 3 98 38 3 0 1 1 6 656 1 2 12 4115 13 10 1 0 1 0 0 0 4 1 1 0 1 2 1 0 0 0 0 0 1 1 2 2 2 3 3 0 1 2 3 4 5 39 46 8 7 9 10 0
1 24 76 0 0 2 2 91 0 1 35 0 2 2 3 4 9 2 182 0 0 1 1 2 37 7 5 0 19 2 16 7 12 13 15 14 19 0 26 44 3 285 0 1 103 39 4 1 2 0 2 7 657 2 4137 4 1 1 7 3 0 0 0 2 1 3 0 0 0 0 0 0 0 0 1 1 1 2 2 3 3 3 4 4 0 1 2 0 0 1 2 50 9 8 9 0
1 27 77 1 1 3 3 92 0 1 38 0 0 3 3 4 5 10 184 0 0 1 2 2 3 46 0 6 21 0 3 25 0 13 14 16 15 20 1 0 45 290 0 1 106 40 5 2 0 3 1 3 8 4799 1 0 3 0 0 2 1 1 3 1 0 0 2 1 0 0 0 0 0 1 1 2 2 2 3 3 4 4 4 5 5 0 1 5 1 0 0 1 61 0 0 10
0 30 78 2 2 4 4 93 0 3 40 0 0 1 4 4 5 17 185 0 1 1 2 3 3 51 0 8 22 1 4 26 0 1 14 15 17 16 21 2 47 292 0 0 2 148 6 3 0 1 4 2 16 4810 6 4 0 2 1 0 0 6 2 0 0 0 0 0 0 0 2 1 1 2 0 2 3 3 7 4 4 5 5 5 6 6 0 1 8 2 1 0 64 1 0 1
2 32 79 3 3 5 5 94 1 45 0 0 1 1 2 5 5 24 186 0 1 2 2 3 4 4 52 10 23 2 0 32 0 1 2 15 16 18 17 22 26 369 0 0 1 152 7 4 0 1 2 8 4839 1 0 0 2 1 0 0 1 10 1 1 1 1 0 1 1 1 3 4 0 3 0 1 3 4 5 14 5 5 6 6 6 7 7 0 1 11 3 2 66 2 0 1
1 116 0 0 8 6 6 95 2 47 0 0 1 2 2 6 6 31 187 0 1 2 3 3 4 5 5 53 35 0 4 33 0 3 0 3 16 17 19 18 0 1 372 0 0 155 8 5 0 1 2 0 4841 0 0 0 0 0 0 0 3 13 2 8 5 2 0 2 0 2 6 6 4 0 1 0 2 4 0 1 15 6 6 7 15 7 8 8 0 1 12 4 3 70 0 1
0 120 0 1 9 7 7 96 3 48 0 1 1 2 3 0 7 7 220 1 0 2 3 4 4 5 6 6 90 0 1 39 1 4 0 1 4 17 18 20 19 0 376 0 0 1 171 0 0 1 2 4849 4 2 1 1 1 1 0 0 5 17 12 2 1 0 0 3 0 1 10 7 5 1 2 1 0 3 5 6 9 26 7 7 0 17 8 9 9 0 3 13 5 75 1 0
252 123 0 2 10 8 8 0 101 49 0 1 2 2 3 4 6 8 8 221 2 4 4 5 0 5 6 7 7 91 3 40 0 2 5 1 2 5 18 19 21 42 379 0 0 1 174 1 0 1 4 4861 0 0 2 2 2 1 0 1 6 31 1 0 0 0 1 4 1 0 2 19 6 2 3 2 1 0 4 0 0 0 27 8 8 0 19 9 10 10 0 4 14 6 78 0
12 378 3 0 11 9 9 0 1 152 0 1 2 3 3 4 0 8 9 9 222 8 5 0 6 1 13 0 8 8 96 41 0 1 3 6 2 3 6 19 20 0 425 0 0 1 2 177 0 1 0 4863 0 3 3 3 2 1 2 7 32 2 0 0 1 1 2 5 2 0 1 3 27 3 4 3 2 1 5 1 0 1 1 28 9 9 10 20 10 11 11 1 5 15 86 0
0 396 1 0 0 22 10 1 0 2 153 1 2 3 4 4 5 0 9 10 10 223 9 6 8 2 0 14 1 11 21 97 42 1 6 0 7 3 4 7 20 21 448 2 0 0 2 181 1 0 4868 5 4 4 0 4 3 2 3 41 3 1 0 1 4 0 3 6 3 0 1 2 4 32 5 4 3 2 6 2 1 2 0 2 29 40 41 53 21 11 12 12 2 6 103 0
263 400 1 0 0 1 34 0 2 1 3 154 2 3 4 5 5 6 1 21 0 11 224 17 9 3 0 1 15 16 17 40 139 183 186 194 1 8 4 5 29 0 2 456 0 0 1 3 182 2 4885 6 5 0 1 5 4 3 46 4 2 1 2 5 1 0 4 11 0 0 1 2 3 38 6 5 4 0 10 3 2 3 0 1 3 0 0 1 56 79 92 13 13 3 7 105
1 669 1 0 0 3 35 0 1 3 2 4 155 3 4 5 6 6 7 2 22 1 237 18 10 0 4 1 4 5 6 7 10 13 16 17 213 216 226 232 269 0 0 1 458 1 2 0 5 189 4887 0 0 1 2 6 5 4 47 5 5 3 6 2 0 1 17 1 0 0 1 2 3 43 7 6 5 1 11 4 3 4 1 0 2 4 1 0 0 0 0 93 14 14 4 114
1 674 1 0 0 5 36 0 1 2 4 3 5 156 4 5 6 7 7 8 3 23 240 30 0 0 6 0 1 2 0 1 1 1 0 1 2 3 4 5 276 0 0 1 4 461 3 0 1 5080 0 0 1 2 3 7 6 5 48 6 6 11 3 1 0 2 20 1 0 1 0 2 3 48 8 7 6 2 0 12 9 5 0 2 1 3 5 2 1 1 1 1 94 30 5 0
8 684 3 0 0 7 0 37 1 2 3 5 4 6 157 5 6 7 8 8 9 4 296 0 1 1 7 0 0 0 3 0 0 0 1 2 3 4 5 6 7 286 0 0 1 467 0 4 5 0 5084 0 2 3 4 8 7 6 49 7 19 4 2 1 3 21 2 0 1 2 0 1 3 53 9 8 7 3 1 13 10 6 0 1 3 2 4 6 3 2 2 2 97 31 0 7
1 2 693 1 0 8 0 1 38 2 3 4 6 5 7 158 13 0 8 9 9 10 302 1 2 2 8 1 0 1 5 0 0 0 1 2 3 4 0 1 2 3 291 293 294 765 1 0 0 5093 0 0 3 4 5 9 8 7 50 28 0 5 5 4 22 0 3 1 2 3 1 2 4 54 10 9 8 4 2 14 11 7 0 1 2 4 3 5 7 4 3 10 98 32 1 0
0 1 3 700 1 9 0 1 2 39 3 4 5 7 6 8 173 0 1 9 10 10 314 2 3 3 9 2 0 1 8 0 2 0 0 1 2 3 9 0 1 0 1 30 32 815 816 820 0 5094 2 0 4 5 6 10 9 8 51 30 0 6 11 0 24 0 4 2 3 4 2 3 5 55 11 10 9 5 3 15 12 8 1 0 2 3 5 4 6 8 5 17 133 0 2 162
6 0 8 10 714 10 1 0 2 3 40 4 5 6 15 0 183 0 1 2 21 11 315 3 4 4 10 3 0 3 9 0 4 1 0 0 1 2 3 20 23 26 27 0 8 6 2 5 829 834 5933 6 6 0 7 11 10 9 52 31 1 7 12 1 25 1 5 3 4 5 3 4 6 56 12 11 10 6 4 16 13 9 2 1 0 3 10 0 5 16 0 153 0 3 0 175
10 7 0 1 2 729 2 0 1 3 4 41 5 6 7 16 1 184 3 3 22 328 0 0 4 10 11 4 1 4 10 1 5 3 0 0 1 2 5 1 1 3 6 7 5 1 1 1 2 2 3 5954 1 8 0 12 11 10 85 0 2 8 13 2 26 2 6 4 5 6 4 5 7 57 13 12 11 7 5 17 14 10 3 2 1 4 11 1 8 17 155 0 6 1 176 0
12 11 0 0 1 2 733 0 1 2 4 5 42 6 7 8 17 2 189 4 352 1 0 0 1 16 12 5 2 5 11 2 6 5 0 0 0 1 0 0 0 1 1 4 0 0 0 1 1 1 2 5958 11 1 0 13 12 11 86 4 9 0 14 3 27 3 7 5 6 7 0 11 8 58 14 13 12 8 6 18 15 11 4 3 2 5 12 0 27 156 1 7 0 179 1 159113
176 13 12 13 14 15 19 734 1 5 0 5 49 0 7 8 9 21 190 5 355 0 0 1 3 17 13 6 3 6 12 3 13 1 0 0 1 0 1 0 0 0 1 1 2 0 0 0 0 0 3 4 5976 1 0 14 13 12 92 10 0 1 15 4 28 4 8 6 0 7 9 12 9 59 44 28 13 9 7 19 16 12 5 4 3 6 13 29 0 159 8 1 180 0 159116 1
178 14 0 0 0 1 2 23 759 2 7 0 6 50 1 8 9 32 191 6 357 0 0 1 6 18 14 7 4 7 13 4 16 1 0 0 1 2 0 2 1 0 0 0 1 5 1 0 0 1 3 6 7 5987 1 15 14 13 104 0 1 2 16 5 29 5 9 7 1 8 10 13 10 105 0 0 0 10 8 20 17 13 11 0 11 14 30 1 160 0 11 181 1 159117 0 243
195 0 15 1 1 0 0 0 0 761 11 0 1 7 51 2 19 33 192 365 0 0 1 1 9 19 15 8 5 8 14 5 19 1 0 0 1 2 3 1 5 0 0 1 2 5 14 17 1 2 1 1 32 47 6038 16 15 14 105 1 2 3 17 6 30 6 10 8 2 9 25 0 119 1 1 79 77 65 55 33 14 12 1 12 0 46 2 161 1 12 0 184 159118 1 244 4
271 0 1 16 2 2 1 1 1 0 763 13 0 2 8 55 20 34 193 366 0 1 1 2 2 30 16 9 6 9 15 6 22 1 0 1 0 2 3 4 2 7 0 0 1 1 1 3 22 0 0 27 1 13 2 6059 16 15 106 2 3 4 18 7 31 7 11 9 13 0 148 120 0 181 178 97 96 92 90 31 30 16 13 1 47 0 165 2 13 1 185 0 160281 1159 905 5
1 272 1 2 17 3 3 2 2 2 0 765 14 1 5 65 56 0 0 561 1 0 3 6 3 34 27 0 7 10 16 7 23 2 1 2 0 4 4 0 5 11 1 0 0 0 0 0 1 25 26 0 10 1 1 0 6078 16 107 3 4 5 0 59 8 12 10 14 1 357 207 206 202 7 5 1 0 2 0 57 53 52 51 48 1 166 0 160707 160689 160686 160315 160309 8 4 7 893
2 2 273 2 3 18 4 4 3 3 3 4 766 782 0 6 124 0 0 563 2 0 0 0 7 39 29 8 0 11 17 0 32 3 2 3 1 5 5 1 0 18 2 1 0 0 0 1 3 5 8 9 0 0 0 1 2 6082 125 4 5 6 61 0 22 11 15 372 369 10 9 7 1 11 0 2 1 0 1 0 2 1 0 172 169 1 160708 0 1 0 183 3 17 2 3 6
3 3 3 274 3 4 19 5 5 4 4 0 6 0 783 1 132 1 1 567 0 0 1 1 1 48 39 1 0 12 0 18 34 4 3 4 2 6 6 2 0 20 3 2 1 1 0 0 0 1 1 2 3 0 1 2 3 0 6083 131 6 71 1 23 0 412 383 9 8 1 0 0 6 0 10 2 1 0 1 0 1 0 160912 160738 160737 160736 26 24 2 1 0 182 2 16 1 2
5 4 4 4 280 285 25 0 6 6 12 18 19 27 29 784 135 2 570 0 0 1 1 2 5 51 40 2 1 13 0 20 35 5 4 5 3 7 7 3 0 22 4 3 0 4 1 0 0 0 0 1 0 4 5 6 11 0 1 6216 163089 163009 163008 162981 426 11 2 1 0 5 1 0 0 4 0 5 0 2 0 3 0 160941 27 26 25 24 18 0 18 2 1 0 181 1 15 0
4 6 5 5 0 0 286 26 1 7 8 9 10 11 12 43 921 0 574 1 1 2 0 2 3 10 93 3 2 14 1 21 36 6 5 6 4 8 8 4 0 24 5 4 0 6 2 1 0 0 0 1 4 1 0 1 2 13 2 169430 122 16 13 1 162552 0 7 2 1 0 2 0 0 0 1 0 3 1 4 0 160947 4 3 2 1 0 4 16 0 14 2 1 0 180 0 14
6 5 7 6 6 1 1 287 27 2 0 0 1 2 3 4 966 0 1 579 0 0 3 1 0 1 109 0 3 15 2 22 37 7 6 7 5 9 9 5 1 25 11 0 0 8 3 2 1 0 1 2 3 9 2 0 1 17 169443 6 3 104 1 12 0 162551 0 3 2 1 0 0 0 0 1 0 161306 161303 161297 161295 346 345 330 329 12 11 0 3 14 0 10 2 1 0 179 7
2 7 6 8 7 7 2 290 0 28 3 1 0 0 1 2 9 977 3 581 0 0 1 4 2 3 116 1 4 16 3 23 38 8 7 8 6 10 10 6 2 26 13 0 0 10 4 3 2 0 1 2 3 0 14 15 2 169463 0 1 1 2 103 0 11 0 162548 3 2 1 0 0 0 4 0 161401 93 67 64 29 27 0 13 0 315 0 9 0 2 12 0 6 1 0 178 6
10 3 8 7 9 8 17 294 1 0 29 4 2 1 0 0 0 2 982 1575 1578 0 2 0 5 6 0 119 5 17 4 24 39 9 8 9 7 11 11 7 3 27 15 0 1 11 5 4 3 0 1 0 0 5 6 16 169469 1 0 0 0 1 0 101 0 9 0 162542 1 0 0 1 6 0 161405 1 0 24 1 33 0 25 0 10 6 313 0 7 0 1 10 0 3 2 177 4
17 11 4 9 8 10 11 30 328 0 1 30 5 3 3 0 0 0 1 3 2 1586 0 1 0 0 7 121 6 0 23 25 40 10 9 10 8 12 12 8 4 28 16 1 2 12 6 5 4 0 1 2 1 2 7 169487 1 0 0 0 0 0 1 0 97 0 7 0 162539 162537 162525 162521 162443 162441 1033 9 7 0 23 0 32 0 23 0 2 5 311 0 5 0 0 8 2 1 157 18
4 18 12 5 10 9 10 11 12 330 0 2 37 4 4 1 0 0 2 1 2 5 1598 1601 0 1615 1628 1753 1761 1 0 24 67 11 10 11 22 0 13 9 5 29 17 2 3 13 7 0 6 5 1 5 0 3 169496 2 12 11 10 8 1 0 0 2 0 92 0 5 0 0 9 0 69 0 0 1022 0 5 0 22 0 30 19 21 0 1 4 309 0 3 2 4 1 0 6 149
5 5 19 13 17 0 0 0 1 15 332 0 41 5 5 2 0 1 0 1 1 1 1 1 1612 1 0 1 0 1765 1769 0 25 80 23 23 0 1 14 10 37 30 18 3 4 14 0 8 1 7 6 8 5 169497 0 19 2 1 0 0 2 0 0 0 0 1 88 0 3 2 5 2 8 58 0 0 1020 0 3 0 20 5 3 18 19 0 0 3 307 2 1 1 1 0 5 148
0 6 6 20 32 1 0 1 0 1 18 334 48 7 0 3 1 0 0 0 0 0 0 0 6 0 0 0 1 0 5 1777 1807 1890 1915 25 2 0 26 39 0 0 19 4 5 0 15 1 9 2 8 16 169504 1 20 0 0 2 1 0 0 0 0 1 0 48 6 30 2 1 4 1 7 55 0 0 1018 0 2 12 15 3 4 2 17 17 4 2 303 0 0 0 0 0 4 147
15 1 7 7 54 2 0 1 2 0 1 403 8 0 0 4 2 1 0 0 1 2 3 4 0 0 0 1 2 3 0 0 0 0 0 1943 4 68 40 0 0 1 20 5 6 0 1 16 2 10 12 17 169505 25 1 0 17 12 11 7 3 5 30 33 40 5 5 26 1 0 3 0 6 54 0 1011 3 0 1 11 1 2 3 1 16 11 3 1 298 3 2 1 0 0 2 146
7 16 2 8 17 55 3 1 2 3 4 415 1 1 5 0 5 0 1 0 0 1 2 3 4 0 1 0 1 2 3 0 1 2 3 4 2021 2 1 1 0 2 21 6 0 7 1 2 17 14 13 18 169554 47 20 18 13 12 2 2 2 3 23 1 3 4 4 8 16 0 2 5 52 0 1 1009 1 0 0 10 0 1 2 0 15 10 2 0 248 48 3 2 1 0 0 144
0 8 17 3 0 18 56 4 2 3 0 421 4 6 1 0 6 1 2 1 0 1 2 6 7 5 1 2 0 1 2 7 0 1 2 3 2028 0 0 3 0 25 0 0 7 1 8 2 3 33 169650 169635 60 59 49 46 0 11 1 1 1 2 22 0 2 3 3 1 5 15 1 4 51 0 1 10 995 16 15 14 9 0 1 14 2 6 1 0 246 4 38 3 1 0 0 5
1 0 27 0 4 1 19 57 5 3 4 1 434 2 1 0 7 2 3 2 0 0 2 1 3 13 20 23 27 28 29 30 39 40 41 0 2033 1 0 4 1 26 0 1 1 8 2 15 20 169697 11 10 9 2 8 1 30 10 0 0 0 1 7 13 1 2 2 0 4 14 0 3 50 0 3 3 969 7 6 4 13 8 0 13 1 5 0 7 237 3 31 1 0 0 1 2
11 1 28 1 0 5 8 20 58 6 4 7 435 5 1 0 11 0 4 4 0 0 0 0 0 0 1 2 3 4 5 6 7 0 0 42 2039 1 0 5 2 0 27 1 2 11 0 0 169741 21 20 19 2 2 1 7 0 29 9 7 3 0 6 12 0 1 1 0 2 11 1 2 49 2 2 0 1 965 1 0 3 12 7 12 0 4 6 233 2 2 29 0 0 0 1 4
120 14 29 2 1 0 0 9 21 59 67 74 520 6 2 1 13 5 5 1 0 0 0 0 1 2 3 4 5 6 7 8 0 8 1 46 2042 1 0 0 6 3 1 30 3 0 169784 169770 17 12 3 2 15 1 1 0 6 21 6 0 2 2 0 4 11 0 0 1 6 3 0 1 48 1 1 0 0 959 1 0 2 11 6 8 2 3 5 232 1 1 5 22 0 0 1 1
85 121 45 3 2 0 1 1 10 22 0 0 0 522 10 2 20 6 2 1 0 1 0 1 0 0 0 1 0 0 1 0 9 1 9 2100 1 0 1 0 1 7 6 0 31 169791 0 8 3 0 6 2 1 14 0 0 5 8 11 5 2 1 1 0 2 10 0 3 1 2 0 45 1 0 0 0 942 4 10 0 1 10 5 7 1 2 4 231 0 0 4 7 12 8 0 0
3 208 46 0 4 3 1 2 2 34 0 0 0 0 523 35 7 3 2 1 0 2 1 0 2 1 1 0 2 1 2 2 1 10 13 2117 0 0 2 0 1 10 0 8 169833 8 5 3 3 2 2 2 1 0 13 1 4 0 6 10 1 1 0 0 1 9 2 0 1 0 28 13 1 0 0 2 937 2 0 9 0 9 4 6 0 1 3 228 1 3 3 2 2 6 0 0
3 213 47 0 1 5 4 2 3 39 0 0 1 1 3 560 12 0 3 2 1 3 2 0 1 3 2 2 1 5 6 10 3 2 3 2122 2 0 0 3 3 11 1 169846 2 1 1 2 2 2 1 1 1 0 9 0 0 3 3 1 9 0 0 0 0 7 1 0 8 15 10 10 1 0 0 1 931 2 1 7 0 8 3 2 2 0 2 227 0 2 2 1 1 2 2 0
2 4 262 0 1 2 6 8 44 0 1 1 0 2 3 565 13 1 4 3 6 0 3 1 2 0 4 8 12 13 14 15 27 4 0 1 2127 0 0 1 10 12 169850 0 0 0 0 0 1 1 1 0 0 0 0 8 7 3 2 2 0 8 1 0 0 5 0 7 5 6 2 3 5 0 0 1 927 0 1 0 6 7 2 1 0 0 1 224 1 1 1 0 0 1 1 2
4 3 5 263 1 2 3 61 2 0 0 2 2 1 0 5 580 2 9 7 1 0 4 2 3 1 0 1 2 3 4 5 6 28 5 6 2137 0 2 0 171717 171684 1832 1831 55 0 2 1 0 0 0 0 0 11 9 8 2 2 2 1 1 0 4 1 0 4 6 1 2 5 1 2 3 0 0 10 913 1 0 0 5 3 2 1 0 0 1 220 0 0 0 0 0 0 1 1
0 5 4 6 264 2 7 66 0 0 1 0 3 3 2 0 588 13 8 2 0 1 5 3 4 2 0 0 0 1 2 3 0 7 29 0 0 2139 3 171724 0 7 1 0 1773 53 31 30 29 28 27 26 24 8 2 2 1 1 1 1 0 0 0 1 0 3 5 0 1 4 0 1 2 5 9 19 4 887 0 4 3 4 2 1 0 0 1 92 124 109 3 2 1 0 0 1
76 1 6 5 272 3 79 3 1 0 0 2 1 4 4 3 603 9 0 3 1 2 6 4 5 3 1 0 1 0 0 0 4 1 8 30 1 173872 171726 0 3 2 1 0 0 1771 17 13 12 11 7 3 2 2 1 1 1 0 0 0 0 1 4 3 2 2 1 2 0 3 0 1 4 2 18 2 0 6 878 2 1 2 3 1 0 0 73 17 6 6 104 1 0 0 0 0
9 77 2 7 6 357 1 0 0 0 1 1 3 2 5 9 604 10 1 4 2 3 7 5 6 4 2 0 1 2 1 1 1 5 11 31 173892 16 15 14 3 2 1 0 0 1768 0 2 1 0 2 2 2 1 1 0 0 0 0 0 0 7 3 2 1 1 1 0 1 2 0 3 1 2 14 1 0 4 869 3 2 0 1 2 0 4 67 16 5 2 2 101 8 2 0 14
10 0 78 3 15 361 0 0 0 0 1 2 2 4 3 6 615 11 2 5 3 4 8 6 7 5 3 0 1 2 3 2 2 8 12 173943 17 16 10 2 9 2 1 0 0 1761 4 3 2 1 0 1 1 1 0 0 0 0 1 2 0 15 2 1 0 0 0 0 0 1 2 0 1 2 10 0 3 3 860 1 0 1 0 0 1 3 66 15 4 1 1 86 4 4 0 13
64 0 1 79 382 0 1 0 0 1 1 2 6 0 5 11 628 0 3 6 4 5 16 8 0 0 6 4 1 2 3 4 6 173998 173988 30 29 4 3 2 1 8 1 0 0 1720 38 32 6 5 4 0 0 0 0 0 2 0 0 6 16 4 3 2 1 0 0 0 0 0 0 0 1 7 1 2 2 0 856 1 0 0 1 0 0 2 65 14 3 0 0 78 6 3 3 12
75 0 1 82 384 2 0 1 1 0 4 3 7 0 1 18 629 1 11 5 0 23 9 0 0 1 1 7 5 2 7 5 174026 19 18 2 23 4 3 2 1 0 7 0 0 1712 5 4 24 15 9 2 1 0 1 0 3 0 9 23 5 3 2 1 0 1 1 0 0 0 0 0 6 0 1 1 2 6 846 10 9 7 4 3 0 1 63 0 13 2 0 76 3 1 2 2
81 1 2 83 385 3 1 2 2 1 5 4 8 0 1 21 630 2 18 1 24 10 0 0 1 1 2 2 8 9 174062 174053 7 2 14 1 6 15 3 2 1 0 2 3 1685 20 4 4 3 7 4 8 3 2 1 0 4 11 25 0 4 0 0 0 2 2 1 1 1 2 0 1 3 0 0 1 2 3 834 5 4 3 2 1 1 0 58 3 4 7 1 2 72 2 0 1
800 82 2 87 386 4 2 3 3 2 6 5 9 1 0 2 653 3 19 27 11 0 0 1 1 2 2 3 12 174080 6 11 3 1 6 6 0 5 14 2 1 0 1 2 1684 15 3 3 3 2 6 3 3 2 0 1 5 38 0 0 5 2 1 0 3 5 2 2 3 1 0 0 0 1 0 1 2 2 816 6 5 4 3 1 0 0 57 0 1 3 6 0 1 71 1 0
3 801 83 91 387 5 3 4 4 3 7 6 10 2 0 1 657 24 28 12 1 0 1 0 2 2 9 4 174104 9 5 10 2 0 1 3 5 4 10 2 1 0 0 1 1683 10 3 2 2 2 1 5 2 1 2 0 6 40 1 0 6 5 1 0 10 3 12 8 3 0 0 0 0 0 0 1 1 2 5 803 2 1 0 0 0 0 6 48 0 0 2 5 2 0 70 1
10 4 886 0 480 6 4 5 5 4 0 15 11 3 1 0 685 46 16 2 0 1 0 2 1 5 16 174118 7 8 4 5 3 1 0 2 4 3 2 6 1 0 0 0 1681 6 2 2 1 1 1 0 4 3 1 0 7 43 1 7 6 2 0 12 4 13 4 3 2 1 0 2 0 0 0 0 1 1 2 796 2 1 0 0 0 0 2 2 46 42 40 1 1 1 0 66
0 11 17 905 1 488 11 0 0 11 0 1 28 4 2 1 734 0 0 0 1 2 0 1 5 0 174147 10 6 3 3 3 4 2 0 1 3 2 1 2 2 0 0 1676 3 2 2 1 1 0 0 0 0 0 3 0 0 52 18 7 3 1 0 18 20 5 2 1 0 1 3 3 1 0 0 0 0 1 0 1 792 0 1 1 1 0 0 0 1 2 0 39 0 0 0 4
0 1 0 0 907 1399 12 0 1 1 13 2 29 5 0 740 0 1 0 0 1 2 3 1 8 174154 4 9 2 2 2 2 2 3 1 0 2 1 0 1 1 0 1 1674 0 2 1 1 0 0 0 0 1 5 1 0 1 163 90 89 3 0 20 31 9 8 4 3 2 4 7 2 1 1 0 1 0 0 0 1 782 5 2 2 1 3 2 1 0 0 1 0 38 37 1 1
12 0 2 1 0 0 1414 1 2 2 14 3 30 6 0 742 3 0 1 1 2 0 3 8 174169 4 3 3 8 1 1 1 1 1 2 0 1 0 0 0 0 0 1 1668 4 1 1 0 0 0 1 1 2 8 1 2 250 85 83 0 80 79 57 24 23 22 21 20 19 13 4 3 2 1 2 1 0 0 0 1 1 777 12 8 5 0 33 32 31 30 29 18 17 8 34 0
4 13 4 0 2 1 0 1417 3 3 15 4 31 0 7 744 4 1 2 2 0 3 5 174188 8 7 3 2 2 7 0 0 0 0 0 1 0 0 1 2 3 5 1658 2 0 1 0 0 0 0 3 5 0 11 257 253 1 0 0 81 80 79 76 70 69 9 8 7 6 5 4 3 2 3 2 3 2 0 0 0 1 5 755 1 0 34 0 4 3 2 1 9 0 7 7 33
1 19 5 1 0 5 0 1419 4 4 16 5 33 0 0 754 7 0 3 0 3 1 174203 7 6 2 2 2 1 1 6 4 3 2 1 0 0 0 1 2 3 1648 1 0 1 0 0 0 1 3 9 903 891 878 617 7 6 5 4 3 2 1 1 4 2 58 42 4 3 2 1 0 4 12 8 3 2 1 0 0 1 2 7 744 94 58 56 42 2 1 0 0 7 6 6 6
2 20 6 2 0 1 6 1 1425 22 6 0 36 0 0 0 764 0 0 4 5 174223 16 6 3 2 1 1 1 0 0 0 0 0 0 0 0 0 1 2 8 1633 0 0 1 0 0 0 0 1 917 0 3 1 1 608 606 604 602 2 1 0 0 0 0 1 14 36 35 34 33 32 26 12 11 10 9 8 7 4 0 1 6 37 610 578 571 7 38 29 15 14 13 6 5 5
