tests/fixtures/watershed_abstraction/mdobre-womanly-ascot/dem/topaz/UPAREA.ARC
ncols   776
nrows   755
xllcorner  564333
yllcorner 5021478
cellsize   30.00
nodata_value    -1.0
[rows 402 to 468 of 755, columns 0 to 95 of 776]
0 15 145 1 0 1 258702 258699 24 1 2 2 1 10 10 3 2 0 1 19 10 1 0 84 0 0 4 3 1 0 2 13 27 1 0 0 40 9 12 38 2 0 11 50 3 29 0 4 2 1 3 27 9 39 6 1 2 8 142 8 0 0 0 0 4 3 1 0 2 2 5 99 5 3 4 4 2 3 3739 3724 1 2 0 6 4 1 2 0 11 1 6 0 0 9 3 8
1 0 262049 261902 261901 261882 3168 0 20 2 0 1 1 0 9 9 2 1 0 1 16 9 0 6 76 48 4 3 2 0 1 12 24 1 0 0 38 8 11 11 22 0 10 32 16 2 28 3 1 0 2 26 8 38 5 0 1 7 1 139 7 6 5 4 3 3 2 0 1 1 4 98 4 2 3 3 1 2 8 4 3716 3711 3704 3687 2 3 1 12 12 9 1 0 0 11 4 0
262324 262113 57 0 15 9 3165 1 0 18 1 0 0 0 5 2 8 1 0 0 15 3 4 5 6 19 42 3 2 1 0 11 22 0 0 12 24 7 10 10 11 9 9 28 2 15 1 27 2 0 1 25 7 37 2 1 0 6 0 4 133 7 6 5 2 2 2 1 0 0 3 97 3 1 2 2 0 1 7 3 3 2 3 3 3678 16 13 13 0 0 0 1 1 17 0 0
207 0 2 55 14 4 3 3164 0 0 16 10 8 5 2 4 1 7 0 7 6 2 3 4 5 8 9 41 2 1 0 10 10 10 11 18 4 6 9 9 10 8 8 27 1 12 1 0 26 1 0 24 5 0 36 1 0 5 0 2 20 103 8 5 1 1 1 1 0 0 1 96 2 0 1 1 0 1 4 2 2 1 2 2 2 3653 3517 3515 3496 1 0 2 20 1 1 0
206 0 1 51 2 13 3 2 3163 3161 3 0 0 1 1 1 3 0 6 6 5 1 2 3 4 7 8 10 29 1 0 9 9 9 10 17 3 5 8 8 9 7 7 26 0 9 1 0 8 16 0 23 1 2 23 11 0 4 1 0 18 91 1 1 4 0 0 0 0 0 0 94 0 0 0 0 0 0 2 1 1 0 1 1 1 2 131 0 2 3492 25 21 2 2 0 0
197 6 0 1 48 1 12 2 1 0 3160 2 1 0 0 0 0 2 5 5 4 0 1 2 3 6 7 9 18 9 0 8 8 8 9 16 2 4 7 7 8 6 6 6 18 6 1 0 7 14 0 22 0 1 21 0 10 3 0 0 16 31 58 0 0 3 2 1 0 0 1 93 0 1 0 0 0 0 0 0 0 0 0 0 0 0 129 0 1 0 3463 3440 3 0 0 3388
196 0 4 0 10 36 0 11 1 0 12 3146 1 0 3 2 1 0 1 4 4 3 0 1 2 5 6 8 13 3 8 7 7 7 8 15 1 3 6 6 7 5 5 5 10 6 5 0 6 12 0 12 8 0 7 12 9 1 0 0 14 14 15 57 2 1 0 0 0 0 1 89 65 0 0 1 1 0 0 0 0 1 54 57 68 71 54 1 0 2 18 0 3431 3400 3394 0
194 0 3 0 8 33 1 4 5 0 11 26 3116 58 53 51 43 40 16 0 3 3 2 0 1 4 5 7 12 2 7 6 6 6 7 14 0 2 5 5 6 4 4 4 4 4 5 4 5 5 5 5 5 7 6 11 1 6 0 6 6 6 6 14 53 49 3 1 0 0 11 7 0 61 45 43 0 0 3 1 0 51 1 9 1 11 39 1 0 1 17 26 2 2 1 1
192 0 0 1 7 32 0 3 3 0 10 25 1 3054 0 0 6 1 22 15 11 2 2 1 0 3 4 6 11 1 6 5 5 5 6 12 0 1 4 4 5 3 3 3 3 3 4 3 4 4 4 4 4 6 5 5 4 0 5 5 5 5 5 6 6 2 44 2 0 0 9 8 6 14 8 30 6 0 19 32 49 0 8 0 8 1 29 8 0 0 16 25 1 1 0 0
183 7 1 0 6 2 28 2 1 0 9 24 0 3049 2 1 0 4 0 21 2 10 1 1 0 2 3 5 10 0 5 4 4 4 5 9 1 0 3 3 4 2 2 2 2 2 3 2 3 3 3 3 3 5 3 0 4 3 4 4 4 4 4 5 5 1 8 31 16 2 1 7 5 4 7 29 5 9 7 5 7 7 7 7 0 6 20 0 7 7 7 22 1 0 0 0
140 41 4 0 5 1 0 26 1 0 8 23 0 3 3043 0 0 0 2 10 9 1 9 0 0 1 2 4 4 4 4 3 3 3 4 4 3 0 2 2 3 1 1 1 1 1 2 1 2 2 2 2 2 4 1 0 3 2 3 3 3 3 3 4 4 0 7 4 8 11 0 6 4 3 6 28 4 8 6 4 6 6 6 6 5 6 6 5 6 6 6 19 1 0 0 2
139 2 37 3 2 1 0 4 20 0 7 22 0 1 3038 2 1 0 1 0 8 8 0 8 3 0 1 3 3 3 3 2 2 2 3 3 1 0 1 1 2 0 0 0 0 0 1 0 1 1 1 1 1 2 0 0 2 1 2 2 2 2 2 3 3 2 3 3 7 4 5 5 3 2 5 27 3 7 5 3 5 5 5 5 4 5 5 4 5 5 5 5 12 0 0 1
138 1 12 23 2 1 0 3 18 0 6 21 0 0 3 3032 2 1 0 0 0 6 7 3 3 2 0 2 2 2 2 1 1 1 2 1 0 0 0 0 0 0 0 0 0 0 0 0 0 0 0 0 0 0 0 0 0 0 1 1 1 1 1 2 2 1 2 2 6 3 4 4 2 1 4 26 2 6 4 2 4 4 4 4 3 4 4 3 4 4 4 4 5 5 0 2
137 0 11 5 16 1 0 2 6 10 5 19 0 0 1 3028 4 3 2 1 0 2 2 2 2 2 1 1 1 1 1 0 0 0 0 0 0 0 0 0 0 0 1 2 1 2 0 0 0 0 0 0 0 0 0 0 0 0 0 0 0 0 0 1 1 0 1 1 5 2 3 3 1 0 3 25 1 5 3 1 3 3 3 3 2 3 3 2 3 3 3 3 4 4 1 0
135 0 10 3 0 15 0 1 5 9 4 8 9 0 8 11 3001 21 3 2 1 0 1 1 1 1 1 0 0 0 0 0 0 0 0 0 0 1 1 1 1 1 5 2 3 0 1 0 1 1 2 0 1 1 2 1 1 0 0 0 0 0 0 0 0 0 0 1 2 1 2 2 0 2 2 21 0 4 2 0 2 2 2 2 1 2 2 1 2 2 2 2 3 3 0 3
124 9 9 1 0 12 1 0 4 8 3 7 8 7 0 9 2976 1 16 5 4 3 2 0 0 0 0 0 0 0 0 0 1 2 1 0 1 2 2 2 2 8 3 4 0 1 2 1 2 2 3 1 2 2 5 2 1 1 1 1 0 2 0 0 0 0 0 0 0 0 1 1 1 1 2 14 2 1 1 1 1 1 1 1 0 1 1 0 1 1 1 1 2 2 2 2
114 8 8 8 0 1 9 0 3 7 2 6 7 6 7 0 12 2962 0 9 6 3 0 1 0 0 0 1 1 1 0 1 2 3 2 1 2 3 3 3 12 4 5 1 0 0 5 2 3 3 4 2 3 9 3 2 2 0 2 3 0 4 0 1 2 0 0 0 0 0 0 0 0 1 1 9 1 1 0 0 0 0 0 0 0 0 0 0 0 0 0 1 1 1 1 0
104 8 7 7 7 0 7 0 2 6 1 5 6 5 6 4 6 2943 17 15 1 1 1 0 1 1 2 2 2 0 3 0 3 10 2 0 3 4 4 4 13 5 6 2 1 1 6 3 4 4 5 3 4 14 3 3 0 1 7 1 0 5 1 2 4 1 1 1 0 0 0 0 0 0 1 5 0 0 0 0 0 0 0 0 0 0 0 0 0 0 0 0 0 0 0 1
100 2 7 6 6 6 5 0 1 5 0 4 5 4 5 3 5 1 2940 0 14 0 0 2 2 3 3 6 2 0 5 17 12 0 0 0 1 9 5 5 14 6 7 3 2 2 7 4 5 5 6 4 20 4 4 1 0 10 2 1 0 6 2 3 7 2 2 1 0 1 1 1 0 0 1 1 0 0 0 1 2 0 1 1 1 1 1 1 1 1 0 0 0 0 1 2
83 15 1 6 5 5 5 4 0 3 0 3 4 3 4 2 4 0 7 2931 0 13 12 8 4 51 46 38 34 0 28 3 1 0 0 1 1 2 16 6 15 7 8 4 3 3 8 5 6 6 34 21 5 5 5 2 0 14 2 0 1 7 3 4 8 6 2 0 3 0 2 2 1 0 0 0 0 0 2 2 3 1 2 2 4 2 2 0 0 4 1 0 1 1 0 1
82 0 13 0 5 4 4 4 3 1 0 2 3 2 3 1 3 0 5 2853 75 72 71 60 59 6 5 2 2 32 2 0 0 0 0 2 2 2 20 7 16 8 9 5 4 4 97 87 73 64 27 25 15 8 1 0 0 18 1 0 2 8 4 5 9 7 3 5 1 3 3 2 1 0 0 0 0 1 4 3 4 2 3 3 8 3 1 0 1 5 2 1 0 2 2 3
80 0 6 5 4 4 3 3 3 2 0 1 2 1 2 0 2 2 1 1 2850 1 0 9 7 4 1 1 1 1 0 0 0 1 0 0 3 3 1971 1938 1937 1919 1907 1887 1884 99 0 2 0 0 0 0 2 1 0 0 20 2 0 1 3 9 11 0 10 8 4 8 4 4 3 2 1 0 0 1 1 3 5 4 5 3 4 13 4 2 0 1 2 6 3 2 1 0 3 4
78 0 0 4 3 3 3 2 2 2 1 0 1 0 1 1 1 0 0 3 8 2836 0 0 0 1 1 0 0 0 0 0 0 3 1 0 1 2057 76 3 1 1 2 1 1 1771 5 0 0 0 0 0 0 0 0 1 21 3 1 2 4 10 12 1 11 9 14 5 5 4 3 2 0 1 0 1 4 4 6 5 6 4 5 23 3 0 1 2 3 7 4 3 2 1 0 0
67 9 8 7 3 2 2 2 1 1 1 0 0 0 0 0 0 1 2 7 22 2834 2 0 1 0 0 0 0 0 1 1 0 5 2 1 2075 13 71 0 0 0 1 0 0 1 1762 0 0 1 2 1 1 0 1 2 22 4 2 3 5 11 13 2 12 10 21 6 5 4 3 1 0 2 1 2 5 5 7 6 7 11 25 0 1 0 2 3 4 8 5 4 3 2 2 1
55 10 6 2 2 2 1 1 1 0 0 0 0 1 2 3 4 5 6 21 488 38 2279 2259 1 0 0 0 0 1 1 4 2139 2137 2130 2102 12 0 12 70 57 18 0 0 0 16 14 1729 1697 1680 1658 1640 1623 1608 1595 1536 23 5 3 4 6 12 14 28 11 22 7 6 5 4 0 2 1 3 2 3 6 6 8 15 12 26 0 2 0 1 3 4 5 9 6 5 4 3 5 0
48 5 2 2 1 1 1 0 0 0 0 0 0 0 1 2 3 4 20 487 6 30 10 7 2254 2233 1 0 1 0 2173 2168 21 11 21 11 0 11 11 11 12 24 16 0 15 13 0 29 14 15 16 13 11 10 37 17 1508 1492 27 26 13 1355 1339 1309 32 8 7 6 5 1 0 3 2 4 3 4 7 7 9 29 27 1 3 1 0 2 9 0 6 10 7 6 402 392 391 8
25 21 4 1 1 0 0 0 0 0 0 1 1 1 2 3 4 14 486 5 2 26 9 6 10 8 2229 2217 2210 2201 11 0 8 10 9 10 10 10 10 10 11 11 11 14 14 12 13 14 13 14 15 12 10 9 36 16 14 16 1436 1403 1389 23 13 2 1275 23 14 6 2 0 1 4 3 5 4 5 8 8 10 58 0 2 6 1 0 3 11 7 11 0 8 410 4 3 2 375
20 3 20 3 0 0 0 1 1 0 0 1 2 2 3 4 8 485 4 1 13 11 8 5 9 7 10 4 5 13 9 0 7 9 8 9 9 9 9 9 10 10 10 13 13 11 12 13 12 13 14 11 9 8 35 15 13 15 31 12 8 8 9 1 1249 0 0 3 0 1 2 5 4 1136 978 962 961 943 864 2 1 3 9 1 4 12 8 12 1 0 420 6 0 0 0 1
17 1 2 19 2 1 2 0 2 1 1 2 0 3 0 2 3 480 3 0 12 10 7 4 8 6 9 3 4 5 6 8 6 8 7 8 8 8 8 8 9 9 9 12 12 10 11 12 11 12 13 10 8 7 34 14 12 14 30 11 7 7 8 0 14 1233 1225 1215 1204 1194 1183 1171 1139 0 150 3 7 0 56 801 770 761 749 747 28 9 0 15 1 0 431 2 1 1 1 0
11 4 0 1 18 5 1 3 0 2 2 3 1 4 0 2 477 1 2 7 3 9 6 3 7 5 8 2 3 4 5 7 5 7 6 7 7 7 7 7 8 8 8 11 11 9 10 11 10 11 12 9 7 6 33 13 11 13 29 10 6 6 7 6 6 6 7 5 7 7 7 17 1 0 149 1 0 6 55 29 3 0 0 0 714 22 21 3 0 447 13 12 11 8 5 2
7 2 3 1 0 11 10 5 3 3 0 6 6 5 1 20 455 0 1 6 2 8 5 2 6 4 7 1 2 3 4 6 4 6 5 6 6 6 6 6 7 7 7 10 10 8 9 10 9 10 11 8 6 5 32 12 10 12 28 9 5 5 6 5 5 5 6 4 6 6 6 3 12 0 148 0 5 21 32 28 1 0 0 47 690 471 470 469 468 19 18 17 16 14 0 1
6 1 1 0 0 0 0 0 4 1 7 7 0 0 0 1 17 454 0 5 1 7 4 1 5 3 6 0 1 2 3 5 3 5 4 5 5 5 5 5 6 6 6 9 9 7 8 9 8 9 10 7 5 4 31 11 9 11 27 8 4 4 5 4 4 4 5 3 5 5 5 2 8 2 147 2 1 20 31 4 22 0 18 26 169 142 141 87 83 68 32 31 0 0 12 5
2 0 0 0 0 2 1 5 47 44 35 26 24 22 1 0 0 16 453 4 0 6 3 0 4 2 2 2 0 1 2 4 2 4 3 4 4 4 4 4 5 5 5 8 8 6 7 8 7 8 9 6 4 3 30 10 8 10 26 7 3 3 4 3 3 3 4 2 4 4 4 1 7 1 146 1 0 19 30 3 21 17 12 12 9 15 20 31 2 13 34 32 29 26 25 5
0 0 0 0 125 120 117 110 55 53 43 2 1 0 19 18 17 14 15 452 3 2 2 2 1 1 1 1 1 0 1 3 1 3 2 3 3 3 3 3 4 4 4 7 7 5 6 7 6 7 8 5 3 2 29 9 7 9 25 6 2 2 3 2 2 2 3 1 3 3 3 0 6 0 145 0 18 17 11 2 20 16 11 11 8 6 7 19 30 1 12 0 31 1 24 4
175 166 164 158 23 17 11 5 5 0 8 39 34 31 14 8 0 1 13 14 451 2 1 1 1 0 0 0 0 0 0 2 0 2 1 2 2 2 2 2 3 3 3 6 6 4 5 6 5 6 7 4 2 1 28 8 6 8 24 5 1 1 2 1 1 1 2 0 2 2 2 2 2 138 5 0 16 16 10 1 19 15 10 10 7 5 6 14 3 29 0 11 30 0 23 3
3 3 3 3 3 4 4 4 4 4 7 3 1 15 4 1 4 0 6 5 13 450 1 0 0 0 0 0 0 0 1 0 1 1 0 1 1 1 1 1 2 2 2 5 5 3 4 5 4 5 6 3 1 0 27 7 5 7 23 4 0 0 1 0 0 0 1 1 1 1 1 1 5 131 4 5 9 15 9 0 18 14 9 9 6 4 5 13 2 27 0 9 0 29 22 2
2 2 2 2 2 3 3 3 3 3 6 2 0 4 9 3 0 3 5 4 5 6 449 0 0 1 1 1 1 2 0 1 0 0 0 0 0 0 0 0 1 1 1 4 4 2 3 4 3 4 5 2 0 19 6 6 4 6 3 18 3 1 0 0 0 0 0 0 0 0 0 4 114 15 3 4 8 14 8 8 8 13 8 8 5 3 4 12 1 8 17 0 7 28 21 1
1 1 1 1 1 2 2 2 2 2 1 3 1 3 8 1 0 2 4 3 4 3 1 448 435 2 4 2 3 1 2 0 0 0 0 0 0 0 0 0 0 0 0 2 3 1 2 3 2 3 4 1 0 17 5 5 3 5 2 1 15 0 0 0 1 0 0 0 0 1 3 1 111 14 2 3 7 13 7 7 7 12 7 7 4 2 3 11 0 7 8 7 6 27 10 9
0 0 0 0 0 1 1 1 1 1 0 2 0 2 4 2 0 1 3 2 3 2 0 3 6 431 424 7 2 3 1 1 1 1 1 0 1 1 1 0 0 0 0 0 2 0 1 2 1 2 3 0 3 12 4 4 2 4 1 0 14 0 1 1 2 1 0 1 1 0 0 1 108 13 1 2 6 12 6 6 6 11 6 6 3 1 2 4 5 6 7 6 5 19 6 9
0 0 0 0 0 0 0 0 0 0 0 0 0 1 1 1 1 0 2 1 2 1 2 2 2 0 7 404 391 2 2 2 2 2 0 1 2 2 2 1 1 1 0 1 0 1 0 1 0 1 2 2 2 8 3 3 1 3 0 8 4 0 7 15 21 2 1 0 4 0 0 101 5 12 0 1 5 11 5 5 5 10 5 5 2 0 1 3 4 5 6 5 4 7 10 5
1 1 2 1 3 1 0 0 0 0 0 0 0 0 0 0 0 0 1 0 1 0 1 1 1 3 2 9 1 383 17 7 3 1 0 2 3 3 3 4 2 1 5 2 1 0 0 0 0 1 1 1 4 2 2 2 0 2 3 3 3 4 4 5 6 29 33 37 43 88 96 3 4 2 8 0 4 10 4 4 4 4 4 4 4 1 0 2 3 4 5 4 3 6 5 3
4 3 8 5 0 2 1 1 1 1 1 1 1 0 0 0 0 0 0 0 0 0 0 0 2 1 2 5 0 17 343 5 4 1 0 3 4 4 9 3 2 10 3 2 1 0 0 0 0 0 0 1 1 1 1 1 1 2 2 2 3 3 4 4 5 6 7 13 34 7 1 4 2 3 1 7 3 4 4 3 3 3 3 3 3 3 0 1 2 3 4 3 2 5 4 2
9 9 0 0 16 12 11 8 5 2 2 2 0 2 1 1 1 1 0 0 0 0 0 1 0 0 0 4 16 0 1 339 2 1 4 47 41 35 24 19 15 3 2 1 0 1 1 0 0 0 0 0 0 0 0 0 1 1 1 2 2 3 3 1 2 3 4 15 3 5 0 0 3 1 2 0 6 2 3 3 2 2 2 2 2 2 2 0 1 2 3 2 1 4 3 1
20 1 1 17 0 0 0 0 0 0 3 3 4 2 2 2 2 1 1 1 0 1 0 0 0 1 2 0 15 0 0 3 330 73 63 14 11 9 7 3 2 1 0 0 2 2 1 0 1 1 0 0 0 0 0 0 0 0 1 1 2 2 0 0 1 2 14 0 0 0 4 3 1 2 0 1 1 3 1 2 2 1 1 1 1 1 1 1 0 1 2 1 0 3 2 0
23 2 18 1 1 1 1 1 0 0 5 4 5 6 3 3 2 0 4 0 1 2 1 0 1 0 0 5 12 1 0 1 2 252 3 1 1 0 0 2 1 0 1 0 6 2 1 0 2 2 1 1 1 1 1 0 0 0 0 1 1 2 5 7 9 10 0 0 0 0 1 0 0 0 1 0 0 0 2 0 1 1 0 0 0 0 0 0 0 0 0 0 0 0 1 1
27 19 2 2 2 2 2 0 1 1 6 5 13 4 4 3 1 0 5 1 2 3 2 1 2 18 13 5 4 11 0 0 1 250 0 0 0 0 0 0 0 2 0 1 10 2 1 3 0 3 2 2 2 2 2 2 0 0 0 0 1 1 0 0 0 0 0 1 3 4 1 0 0 0 4 3 2 1 0 1 0 0 0 0 0 0 0 0 0 0 0 0 0 0 0 0
48 3 3 3 3 3 1 0 2 2 7 20 113 107 101 90 80 78 71 4 3 4 33 27 23 1 1 0 4 3 10 1 0 247 1 0 0 159 156 155 4 0 3 11 3 0 6 1 4 0 66 62 54 33 29 1 1 0 0 0 0 0 1 0 0 1 1 3 35 25 24 23 21 19 13 10 7 5 2 1 0 0 1 1 1 1 1 1 1 1 1 1 1 1 0 0
53 4 4 4 4 2 1 0 3 3 159 129 11 7 3 5 6 2 0 63 57 45 7 4 1 1 0 0 3 2 4 2 0 0 245 239 234 72 0 1 146 143 129 110 99 97 87 80 72 69 1 3 0 15 0 20 6 3 0 0 1 0 1 4 6 8 2 42 11 10 9 7 5 3 1 1 1 0 1 0 1 0 4 2 2 2 0 4 2 2 2 2 2 1 1 1
92 30 25 19 13 4 1 0 4 170 5 2 2 2 2 2 4 2 0 4 2 2 2 1 1 0 0 0 1 1 1 1 1 2 1 1 0 0 71 0 1 7 0 4 5 1 1 1 1 0 0 2 5 3 3 10 1 0 0 0 0 3 4 5 6 0 9 61 2 1 0 0 0 0 0 0 0 0 0 2 1 5 3 0 3 3 1 8 3 3 3 3 2 2 0 2
0 0 3 2 1 0 1 5 175 3 1 1 1 1 1 1 1 3 1 1 1 1 1 1 0 0 0 0 0 0 0 0 0 0 0 0 0 1 4 63 0 2 3 1 1 4 0 0 0 0 1 1 2 2 2 6 0 0 0 0 1 0 1 2 3 7 11 62 0 0 0 0 0 0 0 0 0 1 3 2 6 4 1 0 4 4 2 13 4 4 4 3 0 3 1 3
0 0 0 0 0 2 6 181 4 3 0 0 0 0 0 0 0 0 2 0 0 0 0 0 0 1 1 0 0 0 0 0 0 0 0 0 0 0 1 1 62 1 1 0 0 0 3 2 1 0 0 0 1 1 1 4 0 0 0 1 1 2 0 1 2 7 20 64 1 1 1 1 1 1 1 0 3 4 0 3 12 2 1 5 0 5 3 14 10 5 4 1 0 4 2 4
2 1 1 1 197 193 185 2 1 0 2 1 0 2 1 0 2 1 0 1 0 0 0 0 2 2 1 1 0 2 1 0 0 2 2 1 0 0 0 0 1 59 0 0 0 0 0 0 0 0 0 0 0 0 1 1 0 0 1 1 2 2 3 0 0 0 8 88 0 2 2 4 2 0 2 1 4 5 1 4 16 2 6 0 1 6 4 15 11 11 2 0 1 5 3 5
3 4 2 208 9 8 7 3 2 1 0 0 3 0 0 3 3 2 1 0 1 0 1 1 3 3 2 2 1 3 3 0 1 6 2 1 1 0 0 0 0 0 58 57 53 45 41 3 1 1 0 0 0 0 0 0 0 2 1 2 2 3 3 4 1 1 1 98 1 3 3 8 1 0 3 2 5 6 2 5 17 3 7 1 2 7 5 16 12 12 3 1 2 6 4 6
9 3 213 3 2 1 0 2 1 0 1 4 1 1 4 4 0 0 0 0 2 1 2 2 4 4 3 3 2 4 4 1 2 10 2 2 1 1 0 2 0 1 0 2 0 3 1 35 2 1 1 1 0 0 0 1 3 4 8 11 15 19 4 4 5 2 2 101 2 4 4 11 1 4 3 0 6 7 3 6 18 4 8 2 3 8 6 17 13 13 4 2 10 5 0 7
14 221 6 5 4 3 2 1 0 2 5 2 2 5 5 1 1 1 0 1 3 2 3 3 5 5 4 4 3 10 0 2 14 3 3 2 2 1 3 1 2 3 2 1 1 1 0 0 31 28 4 1 0 0 1 0 0 0 1 2 3 4 25 5 5 6 3 105 3 5 5 14 5 4 1 0 7 8 4 7 19 5 9 3 4 9 7 18 14 14 5 14 6 1 0 8
237 0 4 3 2 1 0 0 3 6 3 3 6 6 2 2 2 0 1 2 4 3 4 4 6 6 5 5 4 12 0 3 24 4 3 3 2 4 2 3 7 2 1 0 0 0 0 0 0 3 14 6 2 0 0 2 4 6 7 8 9 10 11 38 45 52 60 110 10 0 6 21 5 2 1 0 8 9 5 8 20 6 10 4 5 10 8 19 15 15 6 22 2 1 0 9
239 5 3 2 1 0 1 4 7 4 4 7 7 3 3 3 1 0 2 3 5 4 5 5 7 206 198 187 179 171 144 135 105 100 93 85 77 65 15 10 1 0 0 0 0 0 0 0 0 1 2 3 1 0 0 1 0 0 0 0 0 0 1 2 3 4 5 67 123 0 7 28 3 2 1 9 0 10 6 9 21 7 11 5 6 11 9 20 16 16 7 26 2 1 0 10
251 4 0 0 0 2 5 8 5 5 8 8 4 4 4 2 0 1 3 4 6 5 6 229 222 3 3 0 1 4 6 3 3 3 1 2 3 5 45 40 4 3 1 1 1 1 4 2 1 0 1 1 0 0 0 1 2 2 0 1 1 1 2 3 4 5 6 7 193 0 8 33 3 2 10 1 0 11 7 10 22 0 20 6 7 12 10 21 17 17 35 3 2 0 1 11
256 3 1 1 3 6 9 6 6 9 9 5 5 5 0 3 1 2 4 5 7 6 245 5 2 2 2 2 0 3 2 2 2 2 2 0 1 2 4 3 34 31 28 19 16 13 5 1 0 0 0 0 0 0 1 1 2 3 3 1 2 2 3 4 5 6 7 8 202 1 43 0 4 14 2 1 0 12 8 11 23 0 22 7 8 13 11 22 18 54 4 0 3 1 2 12
261 3 2 4 7 10 7 7 10 10 6 6 6 0 1 4 2 3 5 6 268 252 3 1 1 1 1 1 1 0 1 1 1 1 1 1 0 1 1 1 2 1 1 5 3 1 1 2 1 0 0 0 0 1 1 2 5 9 4 4 7 3 0 1 2 3 4 5 212 2 45 0 5 18 2 1 0 13 9 12 24 0 24 8 9 14 12 23 19 55 5 1 4 2 3 13
269 6 5 8 11 8 8 11 11 7 7 7 0 1 2 5 3 4 6 280 3 1 1 2 0 0 0 0 0 0 0 0 0 0 0 0 0 0 0 0 0 0 0 0 0 0 0 0 0 0 1 0 1 1 2 2 0 1 12 18 19 8 4 5 6 7 8 9 229 49 1 0 25 6 2 1 0 14 10 13 25 0 26 9 10 15 13 44 0 56 6 2 5 7 0 14
294 23 22 12 9 9 12 12 17 8 8 1 0 2 3 0 10 299 286 3 1 0 0 0 1 0 0 0 0 1 0 0 0 0 0 0 0 0 0 0 0 0 0 0 0 0 0 0 1 1 0 2 1 2 2 3 3 0 0 1 2 20 9 0 1 2 3 4 5 286 2 27 11 3 2 1 0 15 11 14 26 0 1 37 0 11 75 1 0 57 7 3 14 1 0 15
13 12 11 10 10 13 13 18 0 9 0 2 1 3 4 1 316 3 1 0 0 0 0 0 0 1 1 1 2 1 1 1 1 1 1 0 1 1 1 2 1 1 1 1 1 0 1 1 2 2 1 0 3 2 3 7 4 0 1 0 1 3 21 10 0 1 2 3 4 5 290 40 0 0 0 3 16 0 12 15 27 0 3 38 1 12 78 1 0 58 8 4 17 0 1 16
14 0 12 11 14 14 19 1 10 0 1 3 2 4 7 321 2 0 0 0 0 1 1 1 2 2 2 3 2 2 2 2 2 2 1 0 2 2 2 3 2 4 2 2 1 0 2 2 3 3 2 1 4 0 3 4 8 5 1 2 3 2 4 22 11 12 13 14 15 16 318 44 1 0 1 21 1 0 13 16 0 28 5 39 0 2 94 0 1 68 0 5 18 1 2 17
16 14 0 15 15 20 2 11 0 1 2 4 3 340 326 2 0 1 0 1 2 2 2 3 3 3 4 3 3 3 0 6 3 2 0 1 6 3 4 0 3 8 3 2 1 0 3 3 4 4 3 2 5 0 1 4 5 9 6 2 0 4 3 5 23 0 0 1 2 3 0 367 1 0 2 24 1 14 0 17 0 1 35 40 0 1 99 0 72 0 0 7 19 2 3 18
33 0 16 16 21 3 12 0 1 2 0 8 348 2 0 0 1 0 2 3 3 3 4 4 4 5 4 4 4 1 0 11 3 0 1 9 4 5 1 0 13 4 0 3 2 1 4 4 5 5 4 3 6 0 1 2 5 6 10 7 3 1 5 4 6 24 1 0 0 0 0 368 1 3 25 2 0 15 1 18 1 0 38 41 0 3 176 74 0 0 0 9 23 0 0 4
34 17 17 22 4 13 0 1 2 3 1 360 1 0 0 0 0 3 4 4 4 5 5 5 6 5 5 5 2 0 13 4 1 0 2 15 6 0 3 0 14 5 1 4 3 2 5 5 6 6 5 4 7 1 0 2 3 6 7 11 8 4 2 6 5 7 25 2 1 1 1 370 33 26 3 0 1 16 2 19 2 1 39 42 1 181 1 0 0 0 1 35 0 0 2 0
