tests/fixtures/watershed_abstraction/mdobre-womanly-ascot/dem/topaz/UPAREA.ARC
ncols   776
nrows   755
xllcorner  564333
yllcorner 5021478
cellsize   30.00
nodata_value    -1.0
[rows 335 to 401 of 755, columns 672 to 767 of 776]
1 0 1 1 1 1 3 1 3 5 21 0 15 2 3 4 4 4 4 3 3 3 7 4 2 2 2 2 3 0 10 1 1 1 9 10 23 24 25 26 0 0 0 5953 1 0 34 3 3 3 3 3 2 2 1 0 2 2 0 1 3 3 4 4 4 4 4 8 11454 24 3 4 17 16 2 15 1 0 12 11 9 8 6 3 4 9 3 278 232 225 224 165 4 17 21 14
2 1 0 2 2 2 2 4 2 4 28 0 1 16 3 4 5 5 5 5 4 4 4 8 5 3 3 3 4 9 1 11 2 2 0 0 0 1 0 0 27 1 5539 321 1 0 30 2 2 2 2 2 2 1 1 0 1 1 0 2 2 3 3 3 3 3 3 3 6 11416 5 18 17 3 16 2 1 0 13 12 10 9 7 4 5 10 283 2 1 0 1 54 18 25 2 1
3 2 0 1 3 3 3 3 5 8 29 1 0 2 17 4 5 6 6 6 6 5 5 5 9 6 4 4 0 0 10 2 15 3 3 1 1 0 2 1 1 5535 9 14 295 0 24 4 1 1 1 1 1 1 0 0 0 0 1 1 2 2 2 2 2 2 2 1 3 2 11402 23 4 17 3 2 1 14 0 13 11 10 8 5 6 295 6 2 1 0 0 2 26 0 0 0
4 3 0 1 2 4 4 4 4 15 30 0 2 1 3 23 0 6 7 7 7 7 6 6 6 10 7 5 5 1 1 11 0 16 4 4 2 2 1 5397 5502 1 7 0 13 294 21 1 3 0 0 0 0 0 0 0 0 0 0 1 1 1 1 1 1 1 0 2 1 9 11358 19 18 4 3 2 15 1 14 0 12 11 9 6 7 303 3 2 1 0 0 0 0 3 2 2
5 4 0 1 2 3 5 5 10 0 16 31 1 3 2 28 1 0 7 8 8 8 8 7 7 7 11 8 6 6 2 2 12 1 17 5 5347 5373 5389 0 100 1 0 6 12 293 14 5 0 2 1 0 0 0 1 1 0 0 0 0 0 0 0 0 0 0 1 0 8 1 11320 6 5 4 3 16 2 15 1 0 13 12 10 7 312 7 2 1 0 0 0 0 0 0 11 8
6 0 5 1 2 3 4 6 17 0 1 17 32 2 4 3 31 1 0 8 9 9 9 9 8 8 8 12 9 7 7 3 3 13 44 5335 11 6 5 8 97 1 0 5 11 7 284 13 4 3 2 1 1 2 2 3 1 0 0 0 0 1 2 3 4 5 6 7 0 0 9 11306 5 4 17 3 16 4 1 0 14 13 11 8 321 2 1 0 1 1 1 0 0 0 21 7
0 7 1 6 2 3 4 5 7 18 1 2 18 33 3 9 32 2 0 1 9 10 10 10 10 9 9 9 13 10 8 8 4 9 5288 0 10 5 4 7 94 1 0 4 10 6 0 282 12 4 3 2 3 3 4 0 1 0 1 0 1 0 1 2 3 4 5 6 7 8 0 26 11271 18 28 23 5 18 17 15 14 0 21 322 3 0 0 2 2 2 1 0 0 1 31 4
0 1 8 2 7 3 4 11 0 8 19 2 3 19 34 14 33 0 3 1 2 10 11 11 11 11 10 10 10 14 11 9 5245 5275 10 0 9 4 3 6 6 86 0 3 8 0 5 3 277 6 5 4 4 5 1 2 1 0 2 1 0 2 3 4 5 6 7 8 9 10 25 2 11246 53 23 22 21 1 0 15 1 22 323 4 1 5 3 3 3 2 0 1 1 0 39 11
1 0 2 9 3 8 4 5 12 1 9 20 3 4 20 50 34 0 1 4 2 3 11 12 12 12 12 11 11 11 5213 5225 16 0 10 9 8 3 2 5 5 84 0 2 3 3 4 2 1 274 0 5 6 2 3 0 2 1 3 2 0 1 0 1 2 3 4 5 6 13 1 42 2 11142 3 2 1 0 0 16 25 324 5 2 6 0 4 4 3 1 0 2 2 1 52 14
2 0 1 3 10 4 14 5 6 13 2 10 21 4 5 21 86 1 0 2 5 9 14 27 41 13 13 13 38 5173 1 8 7 7 9 8 7 2 1 4 4 82 0 1 2 2 3 1 0 235 36 7 3 4 0 1 3 2 4 3 1 0 2 0 1 2 3 4 5 0 41 0 0 1 11135 3 2 1 17 26 325 6 3 7 1 5 5 4 2 0 1 3 3 2 68 30
4 8 10 13 18 30 31 47 54 62 14 3 11 22 5 28 87 0 2 1 3 0 0 1 2 45 14 29 5124 8 0 7 6 6 8 7 6 1 0 3 3 2 78 0 1 1 2 0 3 76 153 21 7 1 2 0 4 3 5 4 2 0 1 3 4 5 6 7 8 9 27 2 0 1 11130 1 0 18 27 326 7 4 8 2 6 6 5 3 0 1 2 8 0 72 31 1
250 259 261 264 265 269 271 273 275 278 342 358 363 12 23 35 88 0 1 3 2 4 1 0 1 2 49 5073 19 0 6 6 5 5 7 6 3 1 0 2 2 1 75 1 0 0 1 1 0 75 128 23 8 5 1 0 0 5 4 11 0 3 1 2 0 1 2 3 4 23 2 1 0 0 11125 0 19 28 327 8 5 9 3 7 7 6 6 1 2 3 9 75 73 32 5 2
7 0 1 1 2 0 0 0 1 1 3 4 5 370 13 60 89 0 1 2 4 3 5 2 3 4 5 5016 0 17 5 5 4 4 6 2 2 2 0 1 1 0 72 1 0 0 0 0 1 72 127 20 1 1 0 1 0 1 11 0 13 0 4 2 3 4 5 6 7 9 1 0 0 1 11071 50 29 0 328 15 10 4 8 8 7 12 4 3 4 10 76 34 33 6 4 3
0 0 0 0 1 2 0 0 0 0 0 1 2 3 371 75 90 1 0 2 3 5 10 17 18 19 20 4993 0 16 4 4 3 3 2 2 1 1 1 0 0 0 70 0 0 1 2 3 71 22 103 19 0 0 1 8 11 15 0 13 0 14 1 5 3 4 5 6 7 0 0 0 0 1 3 11062 920 917 363 17 5 9 9 8 13 0 0 5 11 77 35 0 7 5 12 11
0 0 0 0 0 0 3 1 0 0 0 1 2 3 4 372 167 2 0 1 3 4 0 1 2 3 4977 13 0 1 13 3 3 2 2 1 1 0 0 0 0 58 10 2 3 4 5 66 21 85 16 17 0 0 4 1 2 3 20 22 14 1 15 2 6 0 1 2 3 0 0 0 1 2 9643 1 494 0 552 545 46 45 24 14 1 1 6 12 78 36 1 15 6 42 28 27
1 1 0 1 1 1 5 3 0 0 1 2 3 4 9 5 541 3 0 1 2 4 5 0 1 2 4969 4 12 0 9 2 2 2 1 1 0 0 0 1 56 9 1 0 1 2 59 20 68 15 15 14 1 3 0 0 1 2 3 4 28 44 47 16 3 11 12 0 1 4 1 1 1 9640 1 0 1 491 3 1 497 176 166 165 162 159 151 137 57 19 16 44 43 4 3 2
2 2 1 2 0 2 8 5 0 0 1 2 3 4 5 10 6 546 1 0 2 3 5 6 0 4949 9 3 3 11 6 1 1 1 1 0 0 1 24 53 8 0 0 1 20 55 19 34 32 14 14 13 0 2 1 23 26 37 48 55 57 66 72 121 139 140 141 155 156 2 8 9623 9627 7 1 0 0 490 2 0 2 316 8 7 1 0 0 0 0 46 45 0 6 0 0 7
3 3 0 2 3 1 12 6 0 1 1 2 3 4 5 6 11 554 2 0 1 3 4 6 4923 19 3 8 2 2 10 5 0 0 0 0 0 21 21 5 7 0 2 17 33 18 33 15 15 13 13 12 1 0 20 1 9 9 5 0 7 4 0 1 2 3 4 5 6 164 165 9443 2 1 4 0 0 488 0 0 1 1 313 0 4 3 1 1 47 0 1 7 0 1 8 0
4 0 4 1 3 4 2 20 0 1 2 3 4 5 6 6 7 12 558 0 1 2 4 4889 18 3 14 2 7 1 1 9 4 3 2 0 7 12 20 4 6 0 13 32 17 16 15 14 14 12 12 11 0 19 0 8 8 1 2 6 3 4 5 8 9 10 11 12 13 14 9430 11 2 1 0 3 0 4 481 48 0 0 2 308 301 300 289 285 282 11 8 1 2 9 1 1
145 6 0 5 2 4 5 3 21 1 2 0 1 2 3 11 7 8 572 0 1 2 4873 4 0 16 2 13 1 6 0 0 8 4 1 0 6 11 19 3 5 12 14 16 16 15 14 13 13 11 11 10 0 17 7 7 0 1 5 2 3 0 1 0 1 2 3 0 0 1 9414 0 7 1 0 2 3 0 425 4 47 0 0 3 1 8 0 2 38 181 177 170 10 2 15 12
8 153 0 1 6 10 16 6 4 22 2 3 4 5 6 7 20 8 9 573 1 2 4866 0 3 2 15 1 12 0 5 4 3 2 1 0 5 10 18 2 4 11 13 15 15 14 13 12 12 10 10 9 8 7 6 6 0 4 1 2 3 4 5 6 7 8 9 14 16 17 9410 1 0 6 0 1 2 0 300 122 3 46 1 0 0 4 2 1 37 0 1 5 153 145 17 16
174 9 154 1 2 3 4 17 7 5 23 3 0 1 2 3 4 26 9 10 585 588 4861 3 2 1 1 14 0 11 10 9 3 2 1 0 4 9 17 1 3 10 12 14 14 13 12 11 11 9 9 8 7 6 5 5 3 0 1 2 4 7 8 9 10 11 12 13 14 15 9387 1 0 0 5 0 1 0 284 13 121 2 45 0 1 1 1 0 35 0 0 2 1 3 110 1
14 190 562 731 732 0 0 5 18 8 6 24 29 30 31 32 33 34 62 10 0 4233 33 2 1 0 0 0 13 12 11 10 4 2 1 0 3 8 16 0 2 9 11 13 13 12 11 10 10 8 8 7 6 5 4 4 2 0 1 3 1 0 1 2 3 4 5 6 7 17 9342 9 3 1 0 4 0 0 3 278 12 120 1 44 31 0 0 0 2 31 0 1 0 0 1 107
1 360 10 1 6 742 745 748 774 9 0 7 0 1 2 3 4 5 6 70 89 4141 9 19 18 17 16 15 14 13 12 11 9 3 1 0 2 7 14 0 1 8 10 12 12 11 10 9 9 7 7 6 5 4 3 3 1 0 2 0 0 1 2 3 4 5 6 7 8 0 9341 0 3 2 1 0 2 0 1 275 1 11 119 0 11 30 1 0 0 0 29 1 0 0 3 6
357 9 0 3 1 0 0 0 1 792 794 0 8 0 1 2 3 4 5 6 4077 62 21 8 7 6 5 4 3 2 1 0 10 8 2 0 1 6 3 9 0 7 9 11 11 10 9 8 8 6 6 5 4 3 2 2 0 1 0 1 2 3 4 5 6 7 8 9 10 11 9302 24 2 1 0 0 1 0 1 134 137 0 10 118 2 10 27 22 19 18 0 25 0 0 1 5
5 2 2 0 0 1 2 3 4 0 10 807 1 9 0 1 2 3 4 5 4070 10 28 20 19 18 17 16 15 14 13 12 11 9 7 1 0 5 2 4 3 6 8 10 10 9 8 7 7 5 5 4 3 2 1 1 0 1 2 3 4 5 6 7 8 9 10 11 12 13 9301 4 20 19 6 1 0 0 5 126 0 136 9 34 79 1 9 3 1 0 17 0 23 0 0 3
1 1 1 2 3 4 5 6 7 8 0 0 809 2 13 14 15 16 17 4067 0 0 9 27 26 25 24 23 22 21 20 19 0 10 8 6 0 4 1 3 2 5 7 9 9 8 7 6 6 4 4 3 2 1 0 0 0 0 1 2 3 4 5 6 7 8 9 10 11 12 9247 20 3 2 11 3 0 2 1 120 4 1 133 8 33 78 0 8 2 1 0 16 0 21 0 1
0 0 0 0 0 1 2 3 4 5 0 0 1 812 813 814 815 840 842 79 3125 1 0 8 7 6 5 4 3 2 1 0 17 9 9 7 5 3 0 2 1 4 6 8 8 7 6 5 5 3 3 2 1 0 0 0 0 0 1 2 3 4 5 6 7 8 9 10 11 12 9246 0 19 16 1 10 2 1 0 3 115 3 0 132 7 32 77 1 7 5 1 0 15 1 18 0
1 2 0 2 4 5 6 7 8 9 16 18 19 20 21 22 23 0 78 32 3070 18 17 16 15 14 13 12 11 10 9 8 4 6 8 8 6 4 2 1 0 3 5 7 7 6 5 4 4 2 2 1 0 0 1 3 5 7 8 9 10 11 12 13 14 15 16 17 18 19 9211 5 2 1 15 0 9 1 0 2 113 0 2 98 32 6 31 74 0 0 2 1 0 14 0 17
2 3 7 8 9 10 11 12 13 14 15 16 17 35 71 72 73 77 5 25 3069 10 9 8 7 6 5 4 3 2 1 0 2 3 5 7 7 5 3 1 0 2 4 6 6 5 4 3 3 1 1 0 0 1 2 3 4 5 6 7 8 9 10 11 12 13 14 15 16 9200 1 1 1 1 0 14 4 3 0 1 111 0 1 97 0 30 5 30 73 47 45 35 31 24 13 6
4 5 6 7 8 9 10 11 12 13 14 15 16 34 0 1 2 4 24 58 2920 77 76 75 74 73 72 71 70 69 63 2 1 1 2 4 6 6 4 2 0 1 3 5 5 4 3 2 2 0 0 0 1 2 3 4 5 6 7 8 9 10 11 12 13 14 15 16 17 9163 0 0 0 0 0 7 5 3 2 0 85 24 0 92 3 0 28 4 29 24 0 8 2 5 23 12
6 7 8 9 10 11 12 13 14 15 16 17 33 0 1 2 3 23 46 10 2919 23 22 21 20 19 18 17 15 0 4 59 56 0 0 1 3 5 5 3 1 0 2 4 4 3 2 1 0 0 0 0 1 2 3 4 5 6 7 8 9 10 11 12 13 14 15 16 17 9140 3 2 1 0 0 0 5 4 2 1 0 83 23 12 78 2 18 8 3 28 23 22 7 1 4 22
1 4 5 6 7 8 9 10 11 12 13 14 0 1 2 3 22 45 9 4 2839 49 43 36 31 2 1 0 0 13 6 3 1 55 1 0 0 2 4 4 2 0 1 3 3 2 1 0 0 0 0 1 0 0 1 2 3 4 5 6 7 8 9 10 11 12 13 14 15 9139 1279 1277 2 1 0 1 0 4 3 1 0 72 9 22 11 77 1 17 7 2 27 15 21 6 0 3
1 0 1 5 6 7 8 9 10 11 12 13 14 15 16 17 44 8 3 0 2837 10 4 5 3 27 22 17 11 5 5 5 2 0 52 26 1 0 1 3 3 1 0 2 2 1 0 0 1 1 1 1 2 1 0 0 0 1 2 3 4 5 6 7 8 9 10 11 12 7842 1 0 1273 1269 9 6 5 2 3 2 0 37 33 8 21 10 76 0 16 6 1 10 14 20 5 2
0 1 2 4 6 8 10 11 21 24 25 26 27 28 29 43 7 2 1 2812 7 4 9 3 4 2 3 3 4 4 4 4 4 1 0 23 23 16 0 0 2 2 0 1 1 0 0 1 2 5 8 11 2 6 9 1 1 2 3 4 5 6 7 8 9 10 11 12 13 7812 1 0 2 5 1251 1235 1234 1 1 2 1 0 35 32 7 20 9 75 13 1 5 0 9 13 19 1
1 2 3 0 0 0 0 8 1 7 8 9 10 11 12 6 1 0 0 2808 2 3 3 8 2 3 1 2 2 3 3 3 3 3 0 1 20 5 14 1 0 1 1 0 0 0 0 1 2 3 4 5 18 19 20 31 34 35 36 37 38 39 40 41 42 43 44 45 7804 4 2 0 1 4 3 10 3 1233 0 0 1 0 30 3 31 6 19 8 74 12 0 4 3 8 12 18
0 1 2 3 4 5 6 0 6 0 1 2 3 4 5 0 49 469 2704 98 3 1 2 2 7 1 2 0 1 1 2 2 2 2 2 0 1 17 4 11 1 0 0 0 0 1 3 4 5 6 7 8 9 27 30 33 34 35 36 37 38 39 40 41 42 43 44 45 7757 0 0 1 0 3 2 1 3 2 1232 1 0 0 1 27 2 30 5 18 7 73 11 2 1 2 7 11
0 0 0 1 2 3 4 5 0 1 2 3 4 5 6 48 418 5 2227 2 94 2 0 1 1 6 0 1 0 0 0 1 1 1 1 1 0 3 12 3 8 2 1 0 0 1 2 3 4 5 6 14 16 1 1 1 3 4 5 6 7 8 9 10 11 12 13 14 7709 2 1 0 0 2 1 0 2 1 1 1227 1218 0 0 1 24 1 29 4 17 6 72 7 0 0 1 6
0 1 1 0 1 2 3 0 0 1 2 3 4 5 40 417 4 4 2226 0 1 93 1 0 0 0 5 4 3 2 1 0 0 0 0 0 0 2 1 9 2 4 2 0 0 1 2 3 4 5 6 0 0 0 0 0 0 1 2 3 4 5 6 7 8 9 10 33 7690 1 0 1 0 0 0 0 1 0 0 3 3 1216 5 0 21 1 0 28 3 16 5 71 5 4 2 0
1 0 2 2 0 0 0 4 1 2 3 4 5 33 416 3 3 0 2218 32 31 0 92 91 90 89 88 80 46 44 41 5 4 3 2 1 0 1 0 5 2 1 0 0 0 1 0 0 0 0 0 0 0 0 0 0 1 2 3 4 5 6 7 8 9 10 21 61 16 7574 2 16 14 3 2 1 0 0 1 0 2 1208 0 4 18 1 0 8 18 2 15 4 70 42 0 1
2 1 0 3 4 0 1 1 5 6 7 8 26 415 2 2 0 1 2182 1 0 30 9 8 7 6 5 6 32 0 1 34 32 28 3 2 1 0 0 2 1 1 0 0 1 2 5 7 1 1 1 1 1 1 1 1 0 1 2 3 4 5 6 7 8 9 60 14 0 7551 18 0 0 9 3 2 1 0 0 1 0 13 1192 2 3 17 0 1 5 17 1 14 3 26 41 17
377 386 389 391 396 5 7 10 13 14 15 16 414 1 1 0 1 2 2176 10 7 3 19 15 8 4 2 4 5 31 0 0 0 2 23 20 14 6 5 2 1 0 0 0 1 2 7 9 19 23 27 32 35 41 44 47 50 51 52 53 54 55 56 57 58 59 13 1 2 3 7543 0 0 0 3 2 1 0 0 0 0 1 9 1188 1 2 16 0 4 14 1 0 13 2 25 22
4 6 7 8 9 407 408 409 410 411 412 413 0 0 0 0 1 2094 67 1 1 2 2 2 5 2 0 1 3 4 29 24 1 0 1 1 4 6 2 1 1 0 0 1 2 3 0 0 0 0 1 1 2 0 1 2 3 4 5 6 7 8 9 10 11 12 0 0 1 2 7541 32 30 28 14 1 0 1 2 1 0 0 3 4 1187 0 1 15 1 1 13 0 12 1 2 21
5 0 1 2 3 4 5 6 7 8 9 10 11 12 0 1 2021 69 62 3 0 0 1 1 1 4 1 0 0 2 3 3 21 17 0 0 0 3 2 1 0 0 0 1 2 3 0 0 0 0 0 0 0 0 0 0 1 2 3 4 5 6 7 8 9 10 11 12 13 7502 4 3 2 0 12 11 10 7 3 2 1 0 0 1 3 1186 1167 0 14 0 0 12 11 0 1 10
5 11 12 13 14 15 16 17 18 19 20 21 22 23 37 2018 0 67 37 23 2 1 0 0 0 0 3 2 1 0 1 2 2 2 15 12 7 3 2 1 0 0 1 2 3 4 9 11 13 1 0 0 2 4 6 8 9 10 11 12 13 14 15 16 17 18 19 20 21 7487 25 22 20 1 0 11 10 9 8 7 6 5 1 0 2 7 9 1166 0 13 12 11 11 10 0 9
4 0 1 2 3 4 5 6 7 8 9 10 11 12 13 1950 13 6 59 36 22 9 8 7 6 5 4 3 2 1 0 0 1 1 1 1 3 2 2 1 0 0 1 2 3 4 5 6 7 22 2 1 0 0 0 0 1 2 3 4 5 6 7 8 9 10 0 0 1 7436 2 1 0 19 14 13 12 11 10 9 8 3 2 0 1 6 8 9 1154 2 1 0 10 10 9 8
0 1 2 3 4 5 6 7 8 9 10 11 12 13 85 1863 0 12 5 58 35 11 10 9 8 7 6 5 4 3 2 1 0 0 0 0 0 2 1 1 0 0 1 2 3 4 5 6 7 8 32 36 39 41 1 3 0 1 2 3 4 5 6 7 8 9 11 1 7427 2 1 1 0 0 2 1 0 7 6 5 4 3 2 1 0 5 7 8 1 1148 11 10 9 9 9 8
4 5 6 7 8 9 10 11 12 13 14 15 16 70 1733 115 11 0 11 4 57 34 15 14 13 12 11 10 9 8 7 6 5 4 3 2 1 0 1 0 0 0 1 2 3 4 0 1 2 3 4 5 6 7 42 0 5 6 0 1 2 3 4 5 6 0 11 7345 2 75 1 0 0 0 0 0 12 3 2 1 0 3 2 1 0 4 6 7 0 1132 2 1 0 8 8 8
0 1 2 3 4 5 6 7 8 9 22 37 52 44 1687 28 85 9 4 10 3 56 17 16 15 14 13 12 11 10 9 8 7 6 5 4 3 2 1 0 0 1 2 3 4 5 11 12 13 14 15 0 0 1 10 54 55 56 7 0 0 1 2 3 4 12 7318 0 0 1 74 0 0 2 1 19 5 4 3 2 1 0 2 1 0 3 5 6 0 1 1128 2 1 0 7 7
2 3 4 5 6 7 8 9 10 11 13 13 43 0 1685 13 13 84 3 3 9 2 55 19 18 17 16 15 14 13 12 11 10 9 8 6 2 1 0 0 0 0 1 2 3 4 0 0 1 2 3 20 22 0 0 1 2 3 57 8 1 0 0 1 2 3 7301 2 1 0 0 73 68 66 55 7 6 5 4 3 2 1 0 1 0 2 4 5 0 1 2 1119 2 1 0 6
3 4 5 6 7 8 9 10 11 12 12 21 20 0 1669 13 12 12 83 2 2 8 1 34 16 15 14 13 12 11 10 9 2 1 0 0 2 1 0 0 0 1 0 0 0 1 5 1 0 0 1 2 3 27 29 0 1 0 5 64 74 2 1 0 1 2 128 7164 2 1 0 1 1 4 1 26 7 6 5 4 3 2 1 0 0 1 3 4 0 1 2 1115 3 2 1 0
2 3 4 5 6 7 8 9 10 11 20 17 1 1584 81 1 12 11 11 82 1 1 7 0 16 15 14 13 12 11 9 7 5 4 3 2 1 0 0 0 1 1 2 1 1 0 3 6 2 1 0 1 2 3 4 35 36 39 40 41 42 118 122 125 126 127 0 7156 3 1 0 0 0 0 0 0 17 7 6 5 4 3 2 1 0 0 2 3 0 1 2 2 1101 3 2 1
1 2 3 4 5 6 7 8 17 19 16 0 15 1567 57 22 0 11 10 10 81 0 0 6 5 4 3 2 1 0 0 0 6 5 2 1 0 0 0 2 0 2 2 3 6 9 10 4 7 3 2 0 0 1 2 3 0 1 2 3 4 0 0 0 0 0 0 7154 0 0 0 0 0 0 2 1 0 8 7 6 5 4 3 2 1 0 1 2 0 1 1 0 1096 4 3 2
0 1 2 3 4 5 6 7 0 14 0 14 1500 65 44 11 21 10 10 9 9 80 71 10 9 8 7 6 5 4 3 2 1 0 1 0 0 0 2 3 1 0 3 3 4 5 6 18 24 8 4 3 1 0 1 2 7 8 9 0 1 5 7 9 1 1 7141 9 7 1 1 0 1 4 11 10 9 8 7 6 5 4 3 2 1 0 0 1 0 0 0 1 1089 5 4 3
4 0 0 1 2 3 4 5 6 6 13 1 1497 64 32 10 10 9 9 9 8 8 7 59 51 36 15 14 13 12 6 5 4 3 1 0 0 1 4 4 2 1 0 4 0 0 1 2 0 26 36 5 4 2 3 4 5 0 1 10 0 2 0 0 11 14 7122 1 0 4 0 1 22 14 1 0 10 9 8 7 6 5 4 3 2 1 0 0 0 1 2 3 1076 6 5 4
6 5 1 0 1 2 3 4 5 12 0 1482 13 63 20 10 9 9 8 8 8 7 7 6 6 13 19 7 6 5 4 3 2 1 0 0 0 1 9 5 0 3 2 1 5 1 0 1 5 0 0 37 6 5 0 1 2 6 0 3 11 1 3 1 0 7116 1 0 0 0 0 25 26 25 24 23 11 10 9 8 7 6 5 4 3 2 1 0 0 2 4 5 1054 13 12 11
6 7 6 2 3 4 5 6 11 0 3 1477 12 62 9 9 9 8 8 7 7 7 6 6 5 5 12 10 9 7 4 3 2 0 0 0 1 1 2 10 6 1 4 3 2 6 2 0 0 7 1 1 38 7 14 15 16 20 7 0 4 12 2 4 2 7114 0 0 0 0 87 59 31 29 13 12 11 10 9 8 7 6 5 4 3 2 1 0 0 0 1 2 1042 4 3 2
7 7 8 7 0 1 2 3 0 1 1456 19 11 51 9 8 8 8 7 7 6 6 6 5 5 4 4 11 6 0 6 3 1 0 0 0 2 2 0 3 11 7 2 5 4 3 7 3 1 0 8 2 2 39 0 1 2 3 21 8 1 5 13 3 6334 774 0 0 2 91 2 1 0 0 14 13 12 11 10 9 8 7 6 5 4 3 2 1 0 0 0 1 1027 10 9 8
8 8 8 9 8 0 0 0 1436 1454 0 18 10 4 45 8 7 7 7 6 6 5 5 5 4 4 3 3 3 5 2 1 0 0 0 1 5 3 0 1 4 12 8 3 6 5 4 8 4 2 1 9 3 3 40 0 1 2 7 22 9 2 6 6324 3 0 767 762 761 0 2 1 0 14 13 12 11 10 9 8 7 6 5 4 3 2 1 0 0 0 0 1 1013 10 9 8
9 9 9 9 10 9 1 1434 1 13 0 17 9 3 36 7 7 6 6 6 5 5 4 4 4 3 3 2 2 2 1 1 0 0 0 1 8 0 4 1 2 5 13 9 14 7 6 5 9 5 3 2 10 15 20 62 63 64 65 74 98 109 6292 9 0 1 1 0 664 5 1 0 32 16 15 14 13 12 11 10 9 8 7 6 5 4 3 2 0 0 1 2 999 10 9 8
10 10 10 10 10 11 1428 1 0 9 2 16 8 2 27 7 6 6 5 5 5 4 4 3 3 3 2 2 1 1 1 0 0 0 1 3 0 9 1 5 2 3 6 14 0 16 8 7 6 10 6 11 15 16 17 18 19 0 1 2 3 4 6173 1 6 0 0 0 657 0 0 50 16 15 14 13 12 11 10 9 8 7 6 5 4 3 2 1 0 0 1 2 995 5 4 3
10 22 34 11 1300 1351 43 9 0 8 1 15 7 1 19 6 6 5 5 4 4 4 3 3 2 2 2 1 1 0 0 0 0 0 1 0 4 1 10 2 6 3 4 7 15 0 17 9 8 7 11 0 0 0 1 2 3 24 25 26 27 6170 1 0 4 0 0 1 566 87 85 33 32 15 14 13 12 11 10 9 8 7 6 5 4 3 2 1 0 0 2 3 985 4 3 2
11 0 1 1276 2 35 33 8 8 7 0 14 6 0 12 5 5 5 4 4 3 3 3 2 2 1 1 1 0 0 0 0 0 1 1 2 1 5 2 11 3 7 4 5 8 16 1 18 10 9 8 12 1 1 0 0 0 1 2 3 6130 5 4 0 2 0 0 2 352 207 120 68 43 15 14 13 12 11 10 9 8 7 6 5 4 3 2 1 0 0 1 2 975 3 2 1
48 61 1237 0 1 34 11 20 7 7 6 6 6 5 5 5 4 4 4 3 3 2 2 2 1 1 0 0 0 0 1 0 1 1 2 2 3 8 0 3 12 4 8 5 6 9 17 2 19 31 10 9 23 26 2 1 1 0 0 1 6125 0 3 3 0 0 0 345 5 82 2 50 23 42 41 16 15 14 13 12 11 10 9 8 6 4 2 0 0 1 2 3 967 2 1 0
2 55 1174 0 4 28 9 0 19 6 6 5 5 5 4 4 4 3 3 3 2 2 1 1 1 0 0 0 0 1 2 1 2 0 2 3 3 4 9 1 4 13 5 9 6 7 28 0 3 0 32 11 0 1 29 3 6 9 11 48 54 6067 2 1 0 0 167 176 4 70 10 1 49 22 1 23 21 18 17 4 3 2 1 0 0 0 0 0 0 1 2 943 0 14 13 12
51 0 1116 0 2 27 7 0 12 5 5 5 4 4 4 3 3 3 2 2 2 1 1 0 0 0 0 0 1 1 5 2 3 1 0 3 4 4 5 10 2 5 14 6 10 7 8 29 1 4 1 33 12 0 1 32 33 34 35 1 4 5889 176 1 0 0 164 175 3 24 44 9 0 48 19 0 0 1 0 11 10 9 8 7 6 5 2 0 0 1 2 939 30 2 1 0
69 1029 1115 0 1 19 6 6 4 6 4 4 4 3 3 3 2 2 2 1 1 1 0 0 0 0 0 2 0 2 2 9 4 2 0 1 4 5 5 6 11 3 6 15 7 11 8 9 30 2 5 2 34 13 14 15 16 17 0 0 1 5888 173 1 0 0 162 174 2 17 5 43 8 7 47 18 17 16 15 14 6 5 4 3 2 1 1 0 0 1 2 904 0 26 25 24
